0.02600000	-0.01947321	-0.01473076
0.02600000	-0.01721749	-0.01315447
0.02600000	-0.01482683	-0.01181673
0.02600000	-0.01243188	-0.01056945
0.02600000	-0.01006840	-0.00937810
0.02600000	-0.00776544	-0.00821796
0.02600000	-0.00555133	-0.00706673
0.02600000	-0.00345616	-0.00590171
0.02600000	-0.00152162	-0.00468707
0.02600000	0.00021841	-0.00341182
0.02600000	0.00174566	-0.00209410
0.02600000	0.00304171	-0.00075372
0.02600000	0.00409918	0.00057783
0.02600000	0.00491692	0.00186593
0.02600000	0.00549861	0.00307507
0.02600000	0.00583944	0.00417207
0.02600000	0.00591429	0.00511740
0.02600000	0.00576923	0.00584667
0.02600000	0.00554530	0.00633269
0.02600000	0.00536195	0.00659826
0.02600000	0.00529302	0.00668124
0.02600000	0.00521970	0.00676287
0.02600000	0.00497845	0.00698544
0.02600000	0.00452670	0.00728979
0.02600000	0.00383243	0.00759251
0.02600000	0.00288290	0.00776439
0.02600000	0.00171533	0.00771792
0.02600000	0.00037805	0.00744632
0.02600000	-0.00108849	0.00693886
0.02600000	-0.00264231	0.00617961
0.02600000	-0.00424520	0.00516606
0.02600000	-0.00586745	0.00391002
0.02600000	-0.00748166	0.00242341
0.02600000	-0.00907107	0.00072851
0.02600000	-0.01062221	-0.00115290
0.02600000	-0.01214367	-0.00318478
0.02600000	-0.01364092	-0.00533843
0.02600000	-0.01513832	-0.00757610
0.02600000	-0.01663821	-0.00987838
0.02600000	-0.01811928	-0.01224496
0.02987500	-0.02110294	-0.01388854
0.02987500	-0.01871568	-0.01246087
0.02987500	-0.01624877	-0.01121288
0.02987500	-0.01379648	-0.01002292
0.02987500	-0.01139605	-0.00884880
0.02987500	-0.00907594	-0.00766714
0.02987500	-0.00685043	-0.00648517
0.02987500	-0.00473594	-0.00530638
0.02987500	-0.00276965	-0.00410021
0.02987500	-0.00097863	-0.00285964
0.02987500	0.00063002	-0.00160959
0.02987500	0.00205023	-0.00037297
0.02987500	0.00326611	0.00083990
0.02987500	0.00426717	0.00201152
0.02987500	0.00504485	0.00312127
0.02987500	0.00558949	0.00414615
0.02987500	0.00588094	0.00505917
0.02987500	0.00592176	0.00580871
0.02987500	0.00580727	0.00633641
0.02987500	0.00566139	0.00662709
0.02987500	0.00559811	0.00671573
0.02987500	0.00552666	0.00680176
0.02987500	0.00527598	0.00702270
0.02987500	0.00478740	0.00728572
0.02987500	0.00404980	0.00751434
0.02987500	0.00307164	0.00762976
0.02987500	0.00188051	0.00758765
0.02987500	0.00050729	0.00736375
0.02987500	-0.00101560	0.00693492
0.02987500	-0.00265166	0.00627789
0.02987500	-0.00435869	0.00537072
0.02987500	-0.00610222	0.00421543
0.02987500	-0.00785650	0.00282762
0.02987500	-0.00958772	0.00121147
0.02987500	-0.01126777	-0.00062010
0.02987500	-0.01291043	-0.00261935
0.02987500	-0.01454538	-0.00473490
0.02987500	-0.01618608	-0.00693483
0.02987500	-0.01785384	-0.00918411
0.02987500	-0.01952911	-0.01148138
0.03375000	-0.02268293	-0.01332534
0.03375000	-0.02018453	-0.01195727
0.03375000	-0.01763759	-0.01072465
0.03375000	-0.01511711	-0.00952688
0.03375000	-0.01265578	-0.00833127
0.03375000	-0.01027392	-0.00713249
0.03375000	-0.00798791	-0.00593472
0.03375000	-0.00581791	-0.00473537
0.03375000	-0.00378957	-0.00352373
0.03375000	-0.00192205	-0.00230224
0.03375000	-0.00022220	-0.00109205
0.03375000	0.00130574	0.00008520
0.03375000	0.00265295	0.00121641
0.03375000	0.00380634	0.00229413
0.03375000	0.00474967	0.00331246
0.03375000	0.00546482	0.00426232
0.03375000	0.00592875	0.00512794
0.03375000	0.00612564	0.00587116
0.03375000	0.00610011	0.00642254
0.03375000	0.00598246	0.00673386
0.03375000	0.00592313	0.00682829
0.03375000	0.00585230	0.00691858
0.03375000	0.00559278	0.00714239
0.03375000	0.00508181	0.00739332
0.03375000	0.00431385	0.00758946
0.03375000	0.00330592	0.00767103
0.03375000	0.00208421	0.00760482
0.03375000	0.00067665	0.00736301
0.03375000	-0.00088736	0.00692555
0.03375000	-0.00257691	0.00627684
0.03375000	-0.00435921	0.00540428
0.03375000	-0.00620255	0.00430382
0.03375000	-0.00807512	0.00297537
0.03375000	-0.00993957	0.00141561
0.03375000	-0.01176166	-0.00036969
0.03375000	-0.01354480	-0.00233774
0.03375000	-0.01532968	-0.00442221
0.03375000	-0.01714974	-0.00657159
0.03375000	-0.01901438	-0.00875728
0.03375000	-0.02089480	-0.01098557
0.03762500	-0.02427078	-0.01298963
0.03762500	-0.02165442	-0.01164014
0.03762500	-0.01901540	-0.01038236
0.03762500	-0.01641225	-0.00914116
0.03762500	-0.01387161	-0.00789834
0.03762500	-0.01140522	-0.00666766
0.03762500	-0.00903197	-0.00544901
0.03762500	-0.00678071	-0.00422407
0.03762500	-0.00467244	-0.00299082
0.03762500	-0.00271246	-0.00177420
0.03762500	-0.00091307	-0.00058458
0.03762500	0.00071900	0.00056100
0.03762500	0.00218114	0.00164243
0.03762500	0.00346142	0.00265442
0.03762500	0.00454140	0.00359955
0.03762500	0.00539915	0.00448020
0.03762500	0.00600945	0.00529208
0.03762500	0.00634836	0.00601140
0.03762500	0.00640980	0.00657704
0.03762500	0.00631971	0.00690889
0.03762500	0.00626351	0.00700949
0.03762500	0.00619217	0.00710390
0.03762500	0.00592192	0.00733147
0.03762500	0.00538900	0.00757748
0.03762500	0.00459039	0.00775210
0.03762500	0.00354842	0.00779850
0.03762500	0.00229185	0.00768212
0.03762500	0.00085045	0.00737807
0.03762500	-0.00074776	0.00687598
0.03762500	-0.00247914	0.00617751
0.03762500	-0.00432409	0.00529039
0.03762500	-0.00625400	0.00420446
0.03762500	-0.00823166	0.00290159
0.03762500	-0.01022360	0.00137866
0.03762500	-0.01219871	-0.00035988
0.03762500	-0.01413763	-0.00229439
0.03762500	-0.01608623	-0.00434730
0.03762500	-0.01810553	-0.00643527
0.03762500	-0.02017948	-0.00855063
0.03762500	-0.02226857	-0.01071109
0.04150000	-0.02584283	-0.01276077
0.04150000	-0.02309336	-0.01143256
0.04150000	-0.02034710	-0.01015016
0.04150000	-0.01764589	-0.00886768
0.04150000	-0.01501066	-0.00758042
0.04150000	-0.01245051	-0.00630930
0.04150000	-0.00998232	-0.00505950
0.04150000	-0.00763761	-0.00380818
0.04150000	-0.00543938	-0.00254983
0.04150000	-0.00338314	-0.00132716
0.04150000	-0.00148581	-0.00014224
0.04150000	0.00024313	0.00099203
0.04150000	0.00180287	0.00205222
0.04150000	0.00318429	0.00302994
0.04150000	0.00437111	0.00392814
0.04150000	0.00534233	0.00475431
0.04150000	0.00607367	0.00551286
0.04150000	0.00653922	0.00619418
0.04150000	0.00669733	0.00676148
0.04150000	0.00664297	0.00711326
0.04150000	0.00658956	0.00722008
0.04150000	0.00651692	0.00731828
0.04150000	0.00623299	0.00754698
0.04150000	0.00567338	0.00777928
0.04150000	0.00484158	0.00792279
0.04150000	0.00376462	0.00792279
0.04150000	0.00247390	0.00774392
0.04150000	0.00100087	0.00736442
0.04150000	-0.00062813	0.00678233
0.04150000	-0.00239653	0.00601442
0.04150000	-0.00429639	0.00508729
0.04150000	-0.00630003	0.00398527
0.04150000	-0.00837093	0.00268447
0.04150000	-0.01048248	0.00118590
0.04150000	-0.01261049	-0.00050361
0.04150000	-0.01471677	-0.00239057
0.04150000	-0.01684769	-0.00439066
0.04150000	-0.01906964	-0.00640491
0.04150000	-0.02134695	-0.00844630
0.04150000	-0.02363491	-0.01054084
0.04537500	-0.02728662	-0.01254931
0.04537500	-0.02440489	-0.01125640
0.04537500	-0.02155126	-0.00996232
0.04537500	-0.01875132	-0.00865231
0.04537500	-0.01602087	-0.00733402
0.04537500	-0.01336904	-0.00603005
0.04537500	-0.01081119	-0.00475003
0.04537500	-0.00837634	-0.00347659
0.04537500	-0.00608872	-0.00220211
0.04537500	-0.00394325	-0.00097157
0.04537500	-0.00195865	0.00021583
0.04537500	-0.00014663	0.00135026
0.04537500	0.00149042	0.00240943
0.04537500	0.00294738	0.00337838
0.04537500	0.00421324	0.00425341
0.04537500	0.00527047	0.00504114
0.04537500	0.00609733	0.00575091
0.04537500	0.00666813	0.00638577
0.04537500	0.00692749	0.00693700
0.04537500	0.00691778	0.00730350
0.04537500	0.00686740	0.00741613
0.04537500	0.00679333	0.00751776
0.04537500	0.00649506	0.00774543
0.04537500	0.00590908	0.00796001
0.04537500	0.00504680	0.00807185
0.04537500	0.00393829	0.00802893
0.04537500	0.00261663	0.00779496
0.04537500	0.00111441	0.00734954
0.04537500	-0.00054318	0.00669567
0.04537500	-0.00234510	0.00586075
0.04537500	-0.00429115	0.00488362
0.04537500	-0.00635512	0.00374845
0.04537500	-0.00850647	0.00243777
0.04537500	-0.01072456	0.00095648
0.04537500	-0.01299060	-0.00068638
0.04537500	-0.01526266	-0.00250937
0.04537500	-0.01757891	-0.00443203
0.04537500	-0.01998393	-0.00637047
0.04537500	-0.02243769	-0.00834542
0.04537500	-0.02489714	-0.01038374
0.04925000	-0.02848113	-0.01225790
0.04925000	-0.02548553	-0.01101635
0.04925000	-0.02253872	-0.00973094
0.04925000	-0.01965265	-0.00841573
0.04925000	-0.01683903	-0.00708858
0.04925000	-0.01410817	-0.00577123
0.04925000	-0.01147548	-0.00447454
0.04925000	-0.00896515	-0.00319116
0.04925000	-0.00659936	-0.00191748
0.04925000	-0.00438024	-0.00068645
0.04925000	-0.00232582	0.00050101
0.04925000	-0.00044927	0.00163676
0.04925000	0.00124359	0.00270282
0.04925000	0.00275187	0.00367659
0.04925000	0.00407166	0.00454334
0.04925000	0.00518978	0.00530493
0.04925000	0.00608676	0.00597276
0.04925000	0.00673684	0.00656054
0.04925000	0.00708542	0.00708087
0.04925000	0.00712143	0.00745327
0.04925000	0.00707432	0.00757067
0.04925000	0.00699927	0.00767519
0.04925000	0.00668905	0.00790118
0.04925000	0.00608218	0.00810074
0.04925000	0.00519654	0.00819064
0.04925000	0.00406296	0.00812178
0.04925000	0.00271486	0.00785608
0.04925000	0.00118577	0.00737168
0.04925000	-0.00049897	0.00667232
0.04925000	-0.00233090	0.00579072
0.04925000	-0.00431288	0.00477042
0.04925000	-0.00642351	0.00360408
0.04925000	-0.00863968	0.00228518
0.04925000	-0.01094457	0.00082121
0.04925000	-0.01332223	-0.00077774
0.04925000	-0.01574032	-0.00252329
0.04925000	-0.01821672	-0.00435721
0.04925000	-0.02076645	-0.00622726
0.04925000	-0.02335570	-0.00814847
0.04925000	-0.02594716	-0.01014203
0.05312500	-0.02936024	-0.01182091
0.05312500	-0.02628101	-0.01064101
0.05312500	-0.02326386	-0.00938587
0.05312500	-0.02031177	-0.00809101
0.05312500	-0.01743400	-0.00678101
0.05312500	-0.01464256	-0.00547540
0.05312500	-0.01195350	-0.00418462
0.05312500	-0.00938661	-0.00291064
0.05312500	-0.00696076	-0.00165641
0.05312500	-0.00468717	-0.00043839
0.05312500	-0.00258238	0.00073919
0.05312500	-0.00066035	0.00186889
0.05312500	0.00106942	0.00293773
0.05312500	0.00260946	0.00391647
0.05312500	0.00396279	0.00477907
0.05312500	0.00512013	0.00552161
0.05312500	0.00606334	0.00615604
0.05312500	0.00676587	0.00670414
0.05312500	0.00717764	0.00719097
0.05312500	0.00724977	0.00756236
0.05312500	0.00720576	0.00768308
0.05312500	0.00713057	0.00778987
0.05312500	0.00681334	0.00801580
0.05312500	0.00619404	0.00820892
0.05312500	0.00529403	0.00829298
0.05312500	0.00414313	0.00822119
0.05312500	0.00277402	0.00795305
0.05312500	0.00122089	0.00746320
0.05312500	-0.00048952	0.00675280
0.05312500	-0.00234839	0.00585532
0.05312500	-0.00435818	0.00481443
0.05312500	-0.00650376	0.00363482
0.05312500	-0.00876803	0.00231966
0.05312500	-0.01113624	0.00087817
0.05312500	-0.01359370	-0.00067896
0.05312500	-0.01612022	-0.00234824
0.05312500	-0.01871159	-0.00410141
0.05312500	-0.02136055	-0.00591508
0.05312500	-0.02404144	-0.00779350
0.05312500	-0.02672312	-0.00974999
0.05700000	-0.02996309	-0.01123903
0.05700000	-0.02683189	-0.01012015
0.05700000	-0.02376742	-0.00891105
0.05700000	-0.02076928	-0.00765734
0.05700000	-0.01784611	-0.00638636
0.05700000	-0.01501147	-0.00511511
0.05700000	-0.01228172	-0.00385401
0.05700000	-0.00967434	-0.00261015
0.05700000	-0.00720670	-0.00138952
0.05700000	-0.00489512	-0.00019887
0.05700000	-0.00275543	0.00095577
0.05700000	-0.00080198	0.00206721
0.05700000	0.00095332	0.00312581
0.05700000	0.00251482	0.00409823
0.05700000	0.00388952	0.00495125
0.05700000	0.00507041	0.00567725
0.05700000	0.00603988	0.00628831
0.05700000	0.00677089	0.00681052
0.05700000	0.00721594	0.00727495
0.05700000	0.00730886	0.00764380
0.05700000	0.00726748	0.00776650
0.05700000	0.00719316	0.00787512
0.05700000	0.00687474	0.00810448
0.05700000	0.00625138	0.00830196
0.05700000	0.00534507	0.00839549
0.05700000	0.00418417	0.00833915
0.05700000	0.00280020	0.00809056
0.05700000	0.00122739	0.00762111
0.05700000	-0.00050615	0.00692885
0.05700000	-0.00238992	0.00604588
0.05700000	-0.00442494	0.00501513
0.05700000	-0.00659944	0.00384830
0.05700000	-0.00889945	0.00255401
0.05700000	-0.01131111	0.00114265
0.05700000	-0.01382031	-0.00037448
0.05700000	-0.01641212	-0.00198622
0.05700000	-0.01907145	-0.00368074
0.05700000	-0.02178118	-0.00544897
0.05700000	-0.02451965	-0.00728904
0.05700000	-0.02725933	-0.00920947
0.06087500	-0.03046129	-0.01059913
0.06087500	-0.02729638	-0.00953221
0.06087500	-0.02419720	-0.00837270
0.06087500	-0.02116390	-0.00716703
0.06087500	-0.01820565	-0.00594256
0.06087500	-0.01533645	-0.00471591
0.06087500	-0.01257292	-0.00349726
0.06087500	-0.00993252	-0.00229388
0.06087500	-0.00743274	-0.00111168
0.06087500	-0.00509044	0.00004363
0.06087500	-0.00292154	0.00116606
0.06087500	-0.00094070	0.00224884
0.06087500	0.00083984	0.00328263
0.06087500	0.00242406	0.00423352
0.06087500	0.00381890	0.00506726
0.06087500	0.00501747	0.00577583
0.06087500	0.00600228	0.00637174
0.06087500	0.00674667	0.00688178
0.06087500	0.00720357	0.00733866
0.06087500	0.00730435	0.00770708
0.06087500	0.00726492	0.00783101
0.06087500	0.00719206	0.00794131
0.06087500	0.00687594	0.00817675
0.06087500	0.00625314	0.00838527
0.06087500	0.00534456	0.00849472
0.06087500	0.00417773	0.00845860
0.06087500	0.00278344	0.00823367
0.06087500	0.00119557	0.00779030
0.06087500	-0.00055754	0.00712565
0.06087500	-0.00246462	0.00627156
0.06087500	-0.00452590	0.00527112
0.06087500	-0.00672960	0.00413648
0.06087500	-0.00906179	0.00287645
0.06087500	-0.01150846	0.00150138
0.06087500	-0.01405531	0.00002244
0.06087500	-0.01668735	-0.00154913
0.06087500	-0.01938869	-0.00320261
0.06087500	-0.02214147	-0.00493001
0.06087500	-0.02492413	-0.00672947
0.06087500	-0.02770949	-0.00860948
0.06475000	-0.03095759	-0.00995813
0.06475000	-0.02776450	-0.00894300
0.06475000	-0.02463580	-0.00783370
0.06475000	-0.02157244	-0.00667686
0.06475000	-0.01858406	-0.00549977
0.06475000	-0.01568499	-0.00431892
0.06475000	-0.01289207	-0.00314421
0.06475000	-0.01022293	-0.00198267
0.06475000	-0.00769522	-0.00083990
0.06475000	-0.00532594	0.00027863
0.06475000	-0.00313117	0.00136720
0.06475000	-0.00112574	0.00241927
0.06475000	0.00067793	0.00342568
0.06475000	0.00228320	0.00435239
0.06475000	0.00369649	0.00516489
0.06475000	0.00491078	0.00585518
0.06475000	0.00590874	0.00643611
0.06475000	0.00666410	0.00693498
0.06475000	0.00713016	0.00738548
0.06475000	0.00723727	0.00775334
0.06475000	0.00719965	0.00787826
0.06475000	0.00712828	0.00799003
0.06475000	0.00681496	0.00823120
0.06475000	0.00619372	0.00845057
0.06475000	0.00528425	0.00857555
0.06475000	0.00411333	0.00855912
0.06475000	0.00271102	0.00835742
0.06475000	0.00111078	0.00794010
0.06475000	-0.00065901	0.00730373
0.06475000	-0.00258646	0.00647989
0.06475000	-0.00467106	0.00551189
0.06475000	-0.00690083	0.00441174
0.06475000	-0.00926162	0.00318808
0.06475000	-0.01173924	0.00185101
0.06475000	-0.01431913	0.00041151
0.06475000	-0.01698608	-0.00111938
0.06475000	-0.01972398	-0.00273119
0.06475000	-0.02251479	-0.00441618
0.06475000	-0.02533685	-0.00617287
0.06475000	-0.02816306	-0.00801023
0.06862500	-0.03122923	-0.00925348
0.06862500	-0.02803156	-0.00829321
0.06862500	-0.02489655	-0.00723808
0.06862500	-0.02182588	-0.00613453
0.06862500	-0.01882958	-0.00500962
0.06862500	-0.01592221	-0.00387952
0.06862500	-0.01312070	-0.00275383
0.06862500	-0.01044273	-0.00163926
0.06862500	-0.00790600	-0.00054111
0.06862500	-0.00552751	0.00053546
0.06862500	-0.00332339	0.00158499
0.06862500	-0.00130851	0.00260122
0.06862500	0.00050461	0.00357517
0.06862500	0.00211886	0.00447276
0.06862500	0.00354001	0.00525960
0.06862500	0.00476092	0.00592791
0.06862500	0.00576450	0.00649078
0.06862500	0.00652501	0.00697587
0.06862500	0.00699635	0.00741747
0.06862500	0.00710850	0.00778240
0.06862500	0.00707284	0.00790741
0.06862500	0.00700339	0.00801982
0.06862500	0.00669493	0.00826490
0.06862500	0.00607946	0.00849323
0.06862500	0.00517539	0.00863223
0.06862500	0.00400858	0.00863471
0.06862500	0.00260827	0.00845646
0.06862500	0.00100726	0.00806666
0.06862500	-0.00076617	0.00746124
0.06862500	-0.00269960	0.00667136
0.06862500	-0.00479183	0.00574023
0.06862500	-0.00703078	0.00467973
0.06862500	-0.00940223	0.00349825
0.06862500	-0.01189186	0.00220564
0.06862500	-0.01448502	0.00081261
0.06862500	-0.01716637	-0.00067007
0.06862500	-0.01991971	-0.00223220
0.06862500	-0.02272696	-0.00386635
0.06862500	-0.02556652	-0.00557136
0.06862500	-0.02841157	-0.00735657
0.07250000	-0.03114782	-0.00845390
0.07250000	-0.02797918	-0.00755289
0.07250000	-0.02487094	-0.00655747
0.07250000	-0.02182544	-0.00551339
0.07250000	-0.01885302	-0.00444716
0.07250000	-0.01596824	-0.00337452
0.07250000	-0.01318798	-0.00230465
0.07250000	-0.01052979	-0.00124394
0.07250000	-0.00801118	-0.00019733
0.07250000	-0.00564902	0.00083032
0.07250000	-0.00345930	0.00183386
0.07250000	-0.00145678	0.00280731
0.07250000	0.00034609	0.00374197
0.07250000	0.00195171	0.00460405
0.07250000	0.00336525	0.00535962
0.07250000	0.00457950	0.00600118
0.07250000	0.00557775	0.00654196
0.07250000	0.00633503	0.00700959
0.07250000	0.00680630	0.00743858
0.07250000	0.00692196	0.00779706
0.07250000	0.00688848	0.00792089
0.07250000	0.00682153	0.00803275
0.07250000	0.00652072	0.00827891
0.07250000	0.00591686	0.00851305
0.07250000	0.00502703	0.00866332
0.07250000	0.00387602	0.00868281
0.07250000	0.00249202	0.00852749
0.07250000	0.00090693	0.00816639
0.07250000	-0.00085137	0.00759503
0.07250000	-0.00277012	0.00684383
0.07250000	-0.00484754	0.00595551
0.07250000	-0.00707156	0.00494167
0.07250000	-0.00942804	0.00381040
0.07250000	-0.01190271	0.00257120
0.07250000	-0.01448096	0.00123446
0.07250000	-0.01714752	-0.00018943
0.07250000	-0.01988627	-0.00169062
0.07250000	-0.02267927	-0.00326203
0.07250000	-0.02550521	-0.00490279
0.07250000	-0.02833778	-0.00662246
0.07637500	-0.03090015	-0.00762314
0.07637500	-0.02777813	-0.00678240
0.07637500	-0.02471404	-0.00584827
0.07637500	-0.02171086	-0.00486556
0.07637500	-0.01877907	-0.00386011
0.07637500	-0.01593321	-0.00284715
0.07637500	-0.01318996	-0.00183547
0.07637500	-0.01056665	-0.00083107
0.07637500	-0.00808052	0.00016144
0.07637500	-0.00574821	0.00113752
0.07637500	-0.00358546	0.00209233
0.07637500	-0.00160686	0.00302021
0.07637500	0.00017528	0.00391275
0.07637500	0.00176287	0.00473670
0.07637500	0.00316051	0.00545874
0.07637500	0.00436098	0.00607166
0.07637500	0.00534808	0.00658868
0.07637500	0.00609766	0.00703725
0.07637500	0.00656598	0.00745186
0.07637500	0.00668424	0.00780213
0.07637500	0.00665301	0.00792410
0.07637500	0.00658879	0.00803476
0.07637500	0.00629689	0.00828038
0.07637500	0.00570747	0.00851839
0.07637500	0.00483628	0.00867808
0.07637500	0.00370699	0.00871307
0.07637500	0.00234663	0.00857975
0.07637500	0.00078610	0.00824728
0.07637500	-0.00094731	0.00771079
0.07637500	-0.00284061	0.00699991
0.07637500	-0.00489150	0.00615661
0.07637500	-0.00708796	0.00519211
0.07637500	-0.00941603	0.00411421
0.07637500	-0.01186156	0.00293201
0.07637500	-0.01441009	0.00165552
0.07637500	-0.01704650	0.00029474
0.07637500	-0.01975483	-0.00114088
0.07637500	-0.02251737	-0.00264462
0.07637500	-0.02531323	-0.00421592
0.07637500	-0.02811672	-0.00586448
0.08025000	-0.03059429	-0.00680026
0.08025000	-0.02752695	-0.00601851
0.08025000	-0.02451508	-0.00514461
0.08025000	-0.02156216	-0.00422238
0.08025000	-0.01867882	-0.00327695
0.08025000	-0.01587951	-0.00232304
0.08025000	-0.01318066	-0.00136904
0.08025000	-0.01059932	-0.00042055
0.08025000	-0.00815243	0.00051811
0.08025000	-0.00585634	0.00144274
0.08025000	-0.00372653	0.00234881
0.08025000	-0.00177734	0.00323096
0.08025000	-0.00002095	0.00408112
0.08025000	0.00154411	0.00486667
0.08025000	0.00292187	0.00555498
0.08025000	0.00410516	0.00613907
0.08025000	0.00507830	0.00663214
0.08025000	0.00581801	0.00706137
0.08025000	0.00628189	0.00746111
0.08025000	0.00640213	0.00780248
0.08025000	0.00637310	0.00792227
0.08025000	0.00631163	0.00803141
0.08025000	0.00602905	0.00827561
0.08025000	0.00545517	0.00851632
0.08025000	0.00460446	0.00868414
0.08025000	0.00349945	0.00873336
0.08025000	0.00216601	0.00862096
0.08025000	0.00063396	0.00831629
0.08025000	-0.00107003	0.00781416
0.08025000	-0.00293282	0.00714335
0.08025000	-0.00495160	0.00634493
0.08025000	-0.00711448	0.00542979
0.08025000	-0.00940770	0.00440537
0.08025000	-0.01181727	0.00328040
0.08025000	-0.01432892	0.00206450
0.08025000	-0.01692771	0.00076725
0.08025000	-0.01959790	-0.00060230
0.08025000	-0.02232207	-0.00203779
0.08025000	-0.02507977	-0.00353894
0.08025000	-0.02784599	-0.00511556
0.08412500	-0.03021332	-0.00598341
0.08412500	-0.02720958	-0.00525912
0.08412500	-0.02425881	-0.00444421
0.08412500	-0.02136495	-0.00358141
0.08412500	-0.01853872	-0.00269512
0.08412500	-0.01579438	-0.00179949
0.08412500	-0.01314811	-0.00090251
0.08412500	-0.01061658	-0.00000943
0.08412500	-0.00821642	0.00087578
0.08412500	-0.00596362	0.00174920
0.08412500	-0.00387336	0.00260661
0.08412500	-0.00195970	0.00344297
0.08412500	-0.00023463	0.00425055
0.08412500	0.00130291	0.00499743
0.08412500	0.00265640	0.00565176
0.08412500	0.00381877	0.00620685
0.08412500	0.00477484	0.00667579
0.08412500	0.00550224	0.00708541
0.08412500	0.00595999	0.00746979
0.08412500	0.00608149	0.00780152
0.08412500	0.00605459	0.00791879
0.08412500	0.00599592	0.00802606
0.08412500	0.00572313	0.00826791
0.08412500	0.00516604	0.00851007
0.08412500	0.00433785	0.00868463
0.08412500	0.00325996	0.00874675
0.08412500	0.00195705	0.00865408
0.08412500	0.00045783	0.00837632
0.08412500	-0.00121170	0.00790797
0.08412500	-0.00303834	0.00727687
0.08412500	-0.00501882	0.00652313
0.08412500	-0.00714141	0.00565725
0.08412500	-0.00939258	0.00468636
0.08412500	-0.01175858	0.00361877
0.08412500	-0.01422536	0.00246371
0.08412500	-0.01677821	0.00123034
0.08412500	-0.01940166	-0.00007269
0.08412500	-0.02207863	-0.00143939
0.08412500	-0.02478916	-0.00286973
0.08412500	-0.02750899	-0.00437360
0.08800000	-0.02971658	-0.00516230
0.08800000	-0.02678821	-0.00449422
0.08800000	-0.02391021	-0.00373747
0.08800000	-0.02108695	-0.00293353
0.08800000	-0.01832914	-0.00210595
0.08800000	-0.01565081	-0.00126834
0.08800000	-0.01306777	-0.00042823
0.08800000	-0.01059633	0.00040945
0.08800000	-0.00825267	0.00124106
0.08800000	-0.00605240	0.00206300
0.08800000	-0.00401032	0.00287133
0.08800000	-0.00214015	0.00366134
0.08800000	-0.00045364	0.00442561
0.08800000	0.00104990	0.00513307
0.08800000	0.00237343	0.00575274
0.08800000	0.00350999	0.00627828
0.08800000	0.00444495	0.00672260
0.08800000	0.00515690	0.00711206
0.08800000	0.00560638	0.00748029
0.08800000	0.00572831	0.00780133
0.08800000	0.00570352	0.00791563
0.08800000	0.00564774	0.00802059
0.08800000	0.00538547	0.00825893
0.08800000	0.00484689	0.00850102
0.08800000	0.00404400	0.00868072
0.08800000	0.00299703	0.00875419
0.08800000	0.00172947	0.00867996
0.08800000	0.00026884	0.00842819
0.08800000	-0.00135964	0.00799318
0.08800000	-0.00314274	0.00740174
0.08800000	-0.00507683	0.00669286
0.08800000	-0.00715039	0.00587666
0.08800000	-0.00935019	0.00495992
0.08800000	-0.01166275	0.00395054
0.08800000	-0.01407430	0.00285732
0.08800000	-0.01657045	0.00168901
0.08800000	-0.01913606	0.00045383
0.08800000	-0.02175445	-0.00084260
0.08800000	-0.02440623	-0.00220047
0.08800000	-0.02706794	-0.00362967
0.09187500	-0.02912082	-0.00434465
0.09187500	-0.02627762	-0.00373101
0.09187500	-0.02348217	-0.00303099
0.09187500	-0.02073917	-0.00228470
0.09187500	-0.01805926	-0.00151482
0.09187500	-0.01545620	-0.00073434
0.09187500	-0.01294538	0.00004963
0.09187500	-0.01054264	0.00083251
0.09187500	-0.00826370	0.00161097
0.09187500	-0.00612372	0.00238170
0.09187500	-0.00413707	0.00314108
0.09187500	-0.00231711	0.00388467
0.09187500	-0.00067527	0.00460543
0.09187500	0.00078877	0.00527322
0.09187500	0.00207750	0.00585805
0.09187500	0.00318409	0.00635388
0.09187500	0.00409453	0.00677342
0.09187500	0.00478838	0.00714241
0.09187500	0.00522778	0.00749390
0.09187500	0.00534940	0.00780342
0.09187500	0.00532665	0.00791438
0.09187500	0.00527382	0.00801663
0.09187500	0.00502257	0.00825041
0.09187500	0.00450383	0.00849101
0.09187500	0.00372844	0.00867425
0.09187500	0.00271549	0.00875746
0.09187500	0.00148723	0.00870023
0.09187500	0.00006997	0.00847331
0.09187500	-0.00151192	0.00807084
0.09187500	-0.00324531	0.00751856
0.09187500	-0.00512623	0.00685425
0.09187500	-0.00714341	0.00608757
0.09187500	-0.00928397	0.00522497
0.09187500	-0.01153477	0.00427392
0.09187500	-0.01388238	0.00324281
0.09187500	-0.01631275	0.00213994
0.09187500	-0.01881114	0.00097310
0.09187500	-0.02136134	-0.00025245
0.09187500	-0.02394457	-0.00153710
0.09187500	-0.02653824	-0.00289067
0.09575000	-0.02847724	-0.00354739
0.09575000	-0.02572419	-0.00298548
0.09575000	-0.02301628	-0.00233970
0.09575000	-0.02035853	-0.00164872
0.09575000	-0.01776144	-0.00093431
0.09575000	-0.01523845	-0.00020884
0.09575000	-0.01280452	0.00052097
0.09575000	-0.01047500	0.00125090
0.09575000	-0.00826511	0.00197790
0.09575000	-0.00618953	0.00269893
0.09575000	-0.00426218	0.00341068
0.09575000	-0.00249602	0.00410900
0.09575000	-0.00090216	0.00478722
0.09575000	0.00051938	0.00541617
0.09575000	0.00177068	0.00596691
0.09575000	0.00284506	0.00643369
0.09575000	0.00372911	0.00682894
0.09575000	0.00440338	0.00717777
0.09575000	0.00483165	0.00751251
0.09575000	0.00495246	0.00781019
0.09575000	0.00493168	0.00791762
0.09575000	0.00488176	0.00801697
0.09575000	0.00464163	0.00824554
0.09575000	0.00414319	0.00848367
0.09575000	0.00339621	0.00866923
0.09575000	0.00241866	0.00876079
0.09575000	0.00123157	0.00871906
0.09575000	-0.00013996	0.00851549
0.09575000	-0.00167244	0.00814411
0.09575000	-0.00335288	0.00762963
0.09575000	-0.00517705	0.00700850
0.09575000	-0.00713396	0.00628995
0.09575000	-0.00921109	0.00548009
0.09575000	-0.01139567	0.00458598
0.09575000	-0.01367463	0.00361558
0.09575000	-0.01603432	0.00257674
0.09575000	-0.01846040	0.00147685
0.09575000	-0.02093718	0.00032083
0.09575000	-0.02344650	-0.00089193
0.09575000	-0.02596667	-0.00217112
0.09962500	-0.02782058	-0.00277910
0.09962500	-0.02515907	-0.00226571
0.09962500	-0.02254022	-0.00167100
0.09962500	-0.01996925	-0.00103222
0.09962500	-0.01745655	-0.00037024
0.09962500	-0.01501520	0.00030313
0.09962500	-0.01265971	0.00098160
0.09962500	-0.01040491	0.00166125
0.09962500	-0.00826555	0.00233931
0.09962500	-0.00625580	0.00301301
0.09962500	-0.00438914	0.00367930
0.09962500	-0.00267809	0.00433433
0.09962500	-0.00113347	0.00497178
0.09962500	0.00024442	0.00556349
0.09962500	0.00145728	0.00608155
0.09962500	0.00249857	0.00652049
0.09962500	0.00335552	0.00689244
0.09962500	0.00400962	0.00722184
0.09962500	0.00442623	0.00754026
0.09962500	0.00454585	0.00782616
0.09962500	0.00452693	0.00793001
0.09962500	0.00447982	0.00802637
0.09962500	0.00425060	0.00824941
0.09962500	0.00377232	0.00848441
0.09962500	0.00305372	0.00867134
0.09962500	0.00211170	0.00877002
0.09962500	0.00096614	0.00874234
0.09962500	-0.00035904	0.00856047
0.09962500	-0.00184125	0.00821839
0.09962500	-0.00346769	0.00773976
0.09962500	-0.00523389	0.00715974
0.09962500	-0.00712913	0.00648712
0.09962500	-0.00914132	0.00572767
0.09962500	-0.01125802	0.00488804
0.09962500	-0.01346656	0.00397580
0.09962500	-0.01575367	0.00299837
0.09962500	-0.01810548	0.00196273
0.09962500	-0.02050676	0.00087347
0.09962500	-0.02294005	-0.00027018
0.09962500	-0.02538448	-0.00147780
0.10350000	-0.02716587	-0.00204181
0.10350000	-0.02459537	-0.00157347
0.10350000	-0.02206516	-0.00102636
0.10350000	-0.01958065	-0.00043635
0.10350000	-0.01715206	0.00017655
0.10350000	-0.01479213	0.00080113
0.10350000	-0.01251488	0.00143144
0.10350000	-0.01033468	0.00206386
0.10350000	-0.00826575	0.00269590
0.10350000	-0.00632179	0.00332502
0.10350000	-0.00451582	0.00394843
0.10350000	-0.00285996	0.00456254
0.10350000	-0.00136468	0.00516137
0.10350000	-0.00003057	0.00571779
0.10350000	0.00114371	0.00620488
0.10350000	0.00215184	0.00661744
0.10350000	0.00298160	0.00696731
0.10350000	0.00361540	0.00727821
0.10350000	0.00402016	0.00758095
0.10350000	0.00413833	0.00785533
0.10350000	0.00412114	0.00795561
0.10350000	0.00407672	0.00804898
0.10350000	0.00385806	0.00826633
0.10350000	0.00339945	0.00849774
0.10350000	0.00270870	0.00868525
0.10350000	0.00180169	0.00878994
0.10350000	0.00069720	0.00877487
0.10350000	-0.00058199	0.00861296
0.10350000	-0.00201415	0.00829819
0.10350000	-0.00358670	0.00785321
0.10350000	-0.00529497	0.00731189
0.10350000	-0.00712857	0.00668258
0.10350000	-0.00907575	0.00597075
0.10350000	-0.01112447	0.00518266
0.10350000	-0.01326244	0.00432549
0.10350000	-0.01547680	0.00340626
0.10350000	-0.01775408	0.00243157
0.10350000	-0.02007961	0.00140567
0.10350000	-0.02243651	0.00032766
0.10350000	-0.02480481	-0.00081190
0.10737500	-0.02653544	-0.00134402
0.10737500	-0.02405290	-0.00091693
0.10737500	-0.02160843	-0.00041360
0.10737500	-0.01920758	0.00013148
0.10737500	-0.01686041	0.00069911
0.10737500	-0.01457931	0.00127860
0.10737500	-0.01237786	0.00186437
0.10737500	-0.01026993	0.00245308
0.10737500	-0.00826928	0.00304246
0.10737500	-0.00638911	0.00363020
0.10737500	-0.00464203	0.00421375
0.10737500	-0.00303974	0.00478977
0.10737500	-0.00159241	0.00535260
0.10737500	-0.00030087	0.00587611
0.10737500	0.00083592	0.00633433
0.10737500	0.00181180	0.00672230
0.10737500	0.00261513	0.00705156
0.10737500	0.00322916	0.00734514
0.10737500	0.00362231	0.00763307
0.10737500	0.00373892	0.00789643
0.10737500	0.00372335	0.00799328
0.10737500	0.00368145	0.00808373
0.10737500	0.00347279	0.00829542
0.10737500	0.00303291	0.00852300
0.10737500	0.00236879	0.00871047
0.10737500	0.00149537	0.00882018
0.10737500	0.00043040	0.00881629
0.10737500	-0.00080439	0.00867249
0.10737500	-0.00218814	0.00838279
0.10737500	-0.00370849	0.00796893
0.10737500	-0.00536061	0.00746349
0.10737500	-0.00713439	0.00687441
0.10737500	-0.00901848	0.00620687
0.10737500	-0.01100118	0.00546678
0.10737500	-0.01307060	0.00466094
0.10737500	-0.01521425	0.00379600
0.10737500	-0.01741910	0.00287818
0.10737500	-0.01967095	0.00191146
0.10737500	-0.02195354	0.00089480
0.10737500	-0.02424772	-0.00018108
0.11125000	-0.02596528	-0.00069735
0.11125000	-0.02356393	-0.00030750
0.11125000	-0.02119862	0.00015624
0.11125000	-0.01887504	0.00066061
0.11125000	-0.01660307	0.00118719
0.11125000	-0.01439478	0.00172579
0.11125000	-0.01226335	0.00227113
0.11125000	-0.01022220	0.00282014
0.11125000	-0.00828462	0.00337075
0.11125000	-0.00646342	0.00392087
0.11125000	-0.00477076	0.00446814
0.11125000	-0.00321801	0.00500948
0.11125000	-0.00181502	0.00553952
0.11125000	-0.00056286	0.00603307
0.11125000	0.00053924	0.00646502
0.11125000	0.00148530	0.00683061
0.11125000	0.00226417	0.00714109
0.11125000	0.00285991	0.00741886
0.11125000	0.00324230	0.00769323
0.11125000	0.00335745	0.00794645
0.11125000	0.00334334	0.00804013
0.11125000	0.00330375	0.00812789
0.11125000	0.00310424	0.00833431
0.11125000	0.00268156	0.00855822
0.11125000	0.00204192	0.00874547
0.11125000	0.00119941	0.00885950
0.11125000	0.00017087	0.00886555
0.11125000	-0.00102298	0.00873804
0.11125000	-0.00236203	0.00847099
0.11125000	-0.00383416	0.00808535
0.11125000	-0.00543441	0.00761249
0.11125000	-0.00715292	0.00705998
0.11125000	-0.00897869	0.00643272
0.11125000	-0.01090037	0.00573630
0.11125000	-0.01290640	0.00497719
0.11125000	-0.01498467	0.00416168
0.11125000	-0.01712254	0.00329568
0.11125000	-0.01930624	0.00238288
0.11125000	-0.02152011	0.00142214
0.11125000	-0.02374571	0.00040433
0.11512500	-0.02548919	-0.00010007
0.11512500	-0.02315858	0.00025653
0.11512500	-0.02086221	0.00068499
0.11512500	-0.01860591	0.00115313
0.11512500	-0.01639942	0.00164321
0.11512500	-0.01425452	0.00214544
0.11512500	-0.01218403	0.00265487
0.11512500	-0.01020099	0.00316860
0.11512500	-0.00831831	0.00368478
0.11512500	-0.00654840	0.00420150
0.11512500	-0.00490308	0.00471660
0.11512500	-0.00339339	0.00522718
0.11512500	-0.00202895	0.00572818
0.11512500	-0.00081102	0.00619523
0.11512500	0.00026092	0.00660395
0.11512500	0.00118104	0.00694975
0.11512500	0.00193866	0.00724362
0.11512500	0.00251851	0.00750742
0.11512500	0.00289158	0.00776984
0.11512500	0.00300553	0.00801417
0.11512500	0.00299275	0.00810510
0.11512500	0.00295522	0.00819053
0.11512500	0.00276382	0.00839247
0.11512500	0.00235625	0.00861341
0.11512500	0.00173805	0.00880074
0.11512500	0.00092256	0.00891888
0.11512500	-0.00007421	0.00893397
0.11512500	-0.00123238	0.00882102
0.11512500	-0.00253251	0.00857413
0.11512500	-0.00396269	0.00821354
0.11512500	-0.00551783	0.00776960
0.11512500	-0.00718829	0.00724951
0.11512500	-0.00896337	0.00665794
0.11512500	-0.01083203	0.00600019
0.11512500	-0.01278299	0.00528244
0.11512500	-0.01480447	0.00451067
0.11512500	-0.01688416	0.00369050
0.11512500	-0.01900868	0.00282538
0.11512500	-0.02116288	0.00191407
0.11512500	-0.02332895	0.00094755
0.11900000	-0.02513764	0.00045125
0.11900000	-0.02286380	0.00077895
0.11900000	-0.02062272	0.00117695
0.11900000	-0.01842033	0.00161392
0.11900000	-0.01626628	0.00207264
0.11900000	-0.01417213	0.00254368
0.11900000	-0.01215040	0.00302231
0.11900000	-0.01021383	0.00350583
0.11900000	-0.00837500	0.00399256
0.11900000	-0.00664604	0.00448074
0.11900000	-0.00503849	0.00496839
0.11900000	-0.00356311	0.00545279
0.11900000	-0.00222933	0.00592911
0.11900000	-0.00103864	0.00637370
0.11900000	0.00000930	0.00676273
0.11900000	0.00090879	0.00709175
0.11900000	0.00164951	0.00737154
0.11900000	0.00221678	0.00762352
0.11900000	0.00258258	0.00787594
0.11900000	0.00269582	0.00811298
0.11900000	0.00268422	0.00820169
0.11900000	0.00264845	0.00828529
0.11900000	0.00246382	0.00848382
0.11900000	0.00206868	0.00870276
0.11900000	0.00146797	0.00889074
0.11900000	0.00067439	0.00901293
0.11900000	-0.00029673	0.00903615
0.11900000	-0.00142620	0.00893593
0.11900000	-0.00269514	0.00870639
0.11900000	-0.00409178	0.00836727
0.11900000	-0.00561090	0.00794804
0.11900000	-0.00724305	0.00745559
0.11900000	-0.00897775	0.00689441
0.11900000	-0.01080420	0.00626954
0.11900000	-0.01271136	0.00558691
0.11900000	-0.01468770	0.00485226
0.11900000	-0.01672117	0.00407093
0.11900000	-0.01879872	0.00324619
0.11900000	-0.02090556	0.00237668
0.11900000	-0.02302444	0.00145344
0.12186032	-0.02498190	0.00081310
0.12186032	-0.02273865	0.00112267
0.12186032	-0.02052725	0.00150167
0.12186032	-0.01835376	0.00191926
0.12186032	-0.01622776	0.00235852
0.12186032	-0.01416072	0.00281025
0.12186032	-0.01216502	0.00326984
0.12186032	-0.01025322	0.00373472
0.12186032	-0.00843773	0.00420331
0.12186032	-0.00673051	0.00467396
0.12186032	-0.00514296	0.00514479
0.12186032	-0.00368570	0.00561319
0.12186032	-0.00236807	0.00607450
0.12186032	-0.00119169	0.00650546
0.12186032	-0.00015637	0.00688257
0.12186032	0.00073226	0.00720142
0.12186032	0.00146409	0.00747266
0.12186032	0.00202482	0.00771751
0.12186032	0.00238701	0.00796397
0.12186032	0.00250027	0.00819684
0.12186032	0.00248945	0.00828436
0.12186032	0.00245475	0.00836701
0.12186032	0.00227401	0.00856387
0.12186032	0.00188584	0.00878210
0.12186032	0.00129482	0.00897099
0.12186032	0.00051328	0.00909612
0.12186032	-0.00044385	0.00912469
0.12186032	-0.00155780	0.00903248
0.12186032	-0.00280999	0.00881369
0.12186032	-0.00418874	0.00848777
0.12186032	-0.00568873	0.00808371
0.12186032	-0.00730057	0.00760816
0.12186032	-0.00901393	0.00706550
0.12186032	-0.01081812	0.00646064
0.12186032	-0.01270224	0.00579936
0.12186032	-0.01465486	0.00508723
0.12186032	-0.01666409	0.00432946
0.12186032	-0.01871704	0.00352918
0.12186032	-0.02079915	0.00268495
0.12186032	-0.02289345	0.00178783
0.12469624	-0.02493243	0.00112142
0.12469624	-0.02270834	0.00141538
0.12469624	-0.02051536	0.00177818
0.12469624	-0.01835969	0.00217933
0.12469624	-0.01625093	0.00260218
0.12469624	-0.01420050	0.00303766
0.12469624	-0.01222068	0.00348130
0.12469624	-0.01032394	0.00393063
0.12469624	-0.00852259	0.00438415
0.12469624	-0.00682847	0.00484031
0.12469624	-0.00525290	0.00529733
0.12469624	-0.00380641	0.00575268
0.12469624	-0.00249829	0.00620182
0.12469624	-0.00133031	0.00662184
0.12469624	-0.00030242	0.00698937
0.12469624	0.00057981	0.00730002
0.12469624	0.00130645	0.00756439
0.12469624	0.00186344	0.00780357
0.12469624	0.00222381	0.00804546
0.12469624	0.00233758	0.00827540
0.12469624	0.00232746	0.00836218
0.12469624	0.00229361	0.00844428
0.12469624	0.00211572	0.00864041
0.12469624	0.00173242	0.00885885
0.12469624	0.00114794	0.00904935
0.12469624	0.00037435	0.00917770
0.12469624	-0.00057375	0.00921134
0.12469624	-0.00167789	0.00912620
0.12469624	-0.00291972	0.00891653
0.12469624	-0.00428758	0.00860159
0.12469624	-0.00577602	0.00821002
0.12469624	-0.00737571	0.00774831
0.12469624	-0.00907638	0.00722074
0.12469624	-0.01086741	0.00663210
0.12469624	-0.01273796	0.00598806
0.12469624	-0.01467669	0.00529407
0.12469624	-0.01667179	0.00455521
0.12469624	-0.01871046	0.00377453
0.12469624	-0.02077828	0.00295051
0.12469624	-0.02285852	0.00207421
0.12748355	-0.02498787	0.00139309
0.12748355	-0.02277124	0.00167319
0.12748355	-0.02058520	0.00202193
0.12748355	-0.01843607	0.00240904
0.12748355	-0.01633353	0.00281797
0.12748355	-0.01428899	0.00323979
0.12748355	-0.01231473	0.00367012
0.12748355	-0.01042316	0.00410656
0.12748355	-0.00862655	0.00454770
0.12748355	-0.00693672	0.00499208
0.12748355	-0.00536494	0.00543798
0.12748355	-0.00392171	0.00588296
0.12748355	-0.00261633	0.00632260
0.12748355	-0.00145073	0.00673414
0.12748355	-0.00042494	0.00709426
0.12748355	0.00045546	0.00739855
0.12748355	0.00118065	0.00765762
0.12748355	0.00173676	0.00789254
0.12748355	0.00209708	0.00813131
0.12748355	0.00221179	0.00835962
0.12748355	0.00220226	0.00844611
0.12748355	0.00216908	0.00852810
0.12748355	0.00199317	0.00872456
0.12748355	0.00161277	0.00894447
0.12748355	0.00103182	0.00913772
0.12748355	0.00026212	0.00927010
0.12748355	-0.00068194	0.00930906
0.12748355	-0.00178208	0.00923056
0.12748355	-0.00302006	0.00902880
0.12748355	-0.00438419	0.00872301
0.12748355	-0.00586885	0.00834164
0.12748355	-0.00746472	0.00789105
0.12748355	-0.00916154	0.00737546
0.12748355	-0.01094870	0.00679957
0.12748355	-0.01281539	0.00616898
0.12748355	-0.01475028	0.00548903
0.12748355	-0.01674156	0.00476473
0.12748355	-0.01877648	0.00399903
0.12748355	-0.02084069	0.00319035
0.12748355	-0.02291757	0.00232970
0.13019849	-0.02512991	0.00165569
0.13019849	-0.02291036	0.00192381
0.13019849	-0.02072107	0.00226089
0.13019849	-0.01856851	0.00263657
0.13019849	-0.01646245	0.00303433
0.13019849	-0.01441436	0.00344527
0.13019849	-0.01243653	0.00386507
0.13019849	-0.01054141	0.00429141
0.13019849	-0.00874127	0.00472296
0.13019849	-0.00704796	0.00515830
0.13019849	-0.00547275	0.00559580
0.13019849	-0.00402618	0.00603310
0.13019849	-0.00271758	0.00646584
0.13019849	-0.00154902	0.00687129
0.13019849	-0.00052065	0.00722606
0.13019849	0.00036194	0.00752576
0.13019849	0.00108899	0.00778102
0.13019849	0.00164673	0.00801305
0.13019849	0.00200855	0.00825002
0.13019849	0.00212460	0.00847785
0.13019849	0.00211559	0.00856445
0.13019849	0.00208291	0.00864671
0.13019849	0.00190817	0.00884445
0.13019849	0.00152890	0.00906691
0.13019849	0.00094873	0.00926382
0.13019849	0.00017929	0.00940079
0.13019849	-0.00076519	0.00944512
0.13019849	-0.00186651	0.00937262
0.13019849	-0.00310642	0.00917746
0.13019849	-0.00447314	0.00887893
0.13019849	-0.00596090	0.00850544
0.13019849	-0.00756031	0.00806325
0.13019849	-0.00926110	0.00755658
0.13019849	-0.01105261	0.00699003
0.13019849	-0.01292399	0.00636916
0.13019849	-0.01486389	0.00569927
0.13019849	-0.01686045	0.00498529
0.13019849	-0.01890090	0.00423009
0.13019849	-0.02097087	0.00343200
0.13019849	-0.02305379	0.00258186
0.13281789	-0.02533896	0.00188268
0.13281789	-0.02310839	0.00214228
0.13281789	-0.02090791	0.00247128
0.13281789	-0.01874416	0.00283917
0.13281789	-0.01662700	0.00322938
0.13281789	-0.01456800	0.00363302
0.13281789	-0.01257952	0.00404580
0.13281789	-0.01067405	0.00446544
0.13281789	-0.00886397	0.00489068
0.13281789	-0.00716114	0.00532014
0.13281789	-0.00557692	0.00575228
0.13281789	-0.00412189	0.00618474
0.13281789	-0.00280546	0.00661324
0.13281789	-0.00162982	0.00701503
0.13281789	-0.00059524	0.00736660
0.13281789	0.00029266	0.00766352
0.13281789	0.00102413	0.00791649
0.13281789	0.00158546	0.00814685
0.13281789	0.00195010	0.00838304
0.13281789	0.00206792	0.00861124
0.13281789	0.00205933	0.00869827
0.13281789	0.00202692	0.00878105
0.13281789	0.00185231	0.00898046
0.13281789	0.00147232	0.00920557
0.13281789	0.00089042	0.00940584
0.13281789	0.00011815	0.00954670
0.13281789	-0.00083034	0.00959525
0.13281789	-0.00193687	0.00952718
0.13281789	-0.00318315	0.00933660
0.13281789	-0.00455729	0.00904292
0.13281789	-0.00605337	0.00867455
0.13281789	-0.00766190	0.00823772
0.13281789	-0.00937257	0.00773661
0.13281789	-0.01117465	0.00717580
0.13281789	-0.01305722	0.00656081
0.13281789	-0.01500883	0.00589690
0.13281789	-0.01701756	0.00518899
0.13281789	-0.01907057	0.00443987
0.13281789	-0.02115343	0.00364780
0.13281789	-0.02324952	0.00280347
0.13531940	-0.02558356	0.00199084
0.13531940	-0.02333838	0.00224604
0.13531940	-0.02112313	0.00257064
0.13531940	-0.01894464	0.00293417
0.13531940	-0.01681292	0.00332011
0.13531940	-0.01473965	0.00371963
0.13531940	-0.01273729	0.00412845
0.13531940	-0.01081843	0.00454435
0.13531940	-0.00899549	0.00496609
0.13531940	-0.00728046	0.00539234
0.13531940	-0.00568473	0.00582157
0.13531940	-0.00421897	0.00625147
0.13531940	-0.00289264	0.00667773
0.13531940	-0.00170806	0.00707751
0.13531940	-0.00066562	0.00742730
0.13531940	0.00022901	0.00772268
0.13531940	0.00096607	0.00797442
0.13531940	0.00153187	0.00820395
0.13531940	0.00189996	0.00843986
0.13531940	0.00201992	0.00866877
0.13531940	0.00201167	0.00875638
0.13531940	0.00197931	0.00883977
0.13531940	0.00180396	0.00904073
0.13531940	0.00142192	0.00926780
0.13531940	0.00083671	0.00947030
0.13531940	0.00005988	0.00961357
0.13531940	-0.00089443	0.00966464
0.13531940	-0.00200806	0.00959914
0.13531940	-0.00326272	0.00941118
0.13531940	-0.00464641	0.00912013
0.13531940	-0.00615307	0.00875444
0.13531940	-0.00777315	0.00832036
0.13531940	-0.00949625	0.00782206
0.13531940	-0.01131157	0.00726408
0.13531940	-0.01320810	0.00665196
0.13531940	-0.01517429	0.00599092
0.13531940	-0.01719814	0.00528585
0.13531940	-0.01926672	0.00453958
0.13531940	-0.02136554	0.00375031
0.13531940	-0.02347791	0.00290876
0.13768167	-0.02577229	0.00193128
0.13768167	-0.02351868	0.00218399
0.13768167	-0.02129476	0.00250565
0.13768167	-0.01910754	0.00286603
0.13768167	-0.01696716	0.00324875
0.13768167	-0.01488539	0.00364508
0.13768167	-0.01287473	0.00405079
0.13768167	-0.01094785	0.00446370
0.13768167	-0.00911721	0.00488260
0.13768167	-0.00739482	0.00530616
0.13768167	-0.00579212	0.00573287
0.13768167	-0.00431984	0.00616044
0.13768167	-0.00298742	0.00658446
0.13768167	-0.00179722	0.00698194
0.13768167	-0.00074981	0.00732960
0.13768167	0.00014905	0.00762320
0.13768167	0.00088959	0.00787358
0.13768167	0.00145819	0.00810216
0.13768167	0.00182856	0.00833752
0.13768167	0.00195006	0.00856667
0.13768167	0.00194202	0.00865463
0.13768167	0.00190964	0.00873835
0.13768167	0.00173359	0.00893995
0.13768167	0.00135008	0.00916765
0.13768167	0.00076279	0.00937088
0.13768167	-0.00001672	0.00951518
0.13768167	-0.00097437	0.00956774
0.13768167	-0.00209211	0.00950423
0.13768167	-0.00335168	0.00931858
0.13768167	-0.00474099	0.00902980
0.13768167	-0.00625388	0.00866638
0.13768167	-0.00788079	0.00823472
0.13768167	-0.00961129	0.00773898
0.13768167	-0.01143450	0.00718367
0.13768167	-0.01333935	0.00657427
0.13768167	-0.01531427	0.00591600
0.13768167	-0.01734718	0.00521375
0.13768167	-0.01942511	0.00447035
0.13768167	-0.02153354	0.00368407
0.13768167	-0.02365582	0.00284571
0.13988456	-0.02576625	0.00174144
0.13988456	-0.02352393	0.00198962
0.13988456	-0.02131101	0.00230624
0.13988456	-0.01913451	0.00266135
0.13988456	-0.01700456	0.00303870
0.13988456	-0.01493289	0.00342965
0.13988456	-0.01293195	0.00383004
0.13988456	-0.01101433	0.00423774
0.13988456	-0.00919246	0.00465152
0.13988456	-0.00747825	0.00507008
0.13988456	-0.00588311	0.00549189
0.13988456	-0.00441767	0.00591469
0.13988456	-0.00309128	0.00633387
0.13988456	-0.00190617	0.00672619
0.13988456	-0.00086318	0.00706911
0.13988456	0.00003182	0.00735879
0.13988456	0.00076914	0.00760611
0.13988456	0.00133529	0.00783232
0.13988456	0.00170426	0.00806567
0.13988456	0.00182567	0.00829334
0.13988456	0.00181778	0.00838084
0.13988456	0.00178557	0.00846412
0.13988456	0.00161033	0.00866452
0.13988456	0.00122874	0.00889079
0.13988456	0.00064457	0.00909293
0.13988456	-0.00013069	0.00923700
0.13988456	-0.00108315	0.00929066
0.13988456	-0.00219505	0.00922978
0.13988456	-0.00344832	0.00904799
0.13988456	-0.00483078	0.00876347
0.13988456	-0.00633623	0.00840466
0.13988456	-0.00795523	0.00797825
0.13988456	-0.00967740	0.00748835
0.13988456	-0.01149191	0.00693941
0.13988456	-0.01338773	0.00633680
0.13988456	-0.01535332	0.00568572
0.13988456	-0.01737668	0.00499100
0.13988456	-0.01944489	0.00425543
0.13988456	-0.02154355	0.00347734
0.13988456	-0.02365611	0.00264758
0.14190928	-0.02545638	0.00149702
0.14190928	-0.02325674	0.00173676
0.14190928	-0.02108588	0.00204387
0.14190928	-0.01895073	0.00238893
0.14190928	-0.01686123	0.00275597
0.14190928	-0.01482888	0.00313655
0.14190928	-0.01286591	0.00352661
0.14190928	-0.01098469	0.00392405
0.14190928	-0.00919737	0.00432768
0.14190928	-0.00751566	0.00473619
0.14190928	-0.00595072	0.00514805
0.14190928	-0.00451300	0.00556102
0.14190928	-0.00321152	0.00597023
0.14190928	-0.00204835	0.00635236
0.14190928	-0.00102457	0.00668608
0.14190928	-0.00014612	0.00696810
0.14190928	0.00057746	0.00720930
0.14190928	0.00113300	0.00743046
0.14190928	0.00149501	0.00765907
0.14190928	0.00161399	0.00788239
0.14190928	0.00160612	0.00796820
0.14190928	0.00157442	0.00804981
0.14190928	0.00140233	0.00824607
0.14190928	0.00102803	0.00846767
0.14190928	0.00045527	0.00866592
0.14190928	-0.00030473	0.00880793
0.14190928	-0.00123851	0.00886232
0.14190928	-0.00232887	0.00880539
0.14190928	-0.00355815	0.00863033
0.14190928	-0.00491416	0.00835397
0.14190928	-0.00639077	0.00800443
0.14190928	-0.00797883	0.00758879
0.14190928	-0.00966813	0.00711104
0.14190928	-0.01144806	0.00657552
0.14190928	-0.01330776	0.00598742
0.14190928	-0.01523592	0.00535183
0.14190928	-0.01722076	0.00467347
0.14190928	-0.01924962	0.00395506
0.14190928	-0.02130839	0.00319499
0.14190928	-0.02338085	0.00238423
0.14373853	-0.02477438	0.00126035
0.14373853	-0.02265727	0.00148877
0.14373853	-0.02056762	0.00178150
0.14373853	-0.01851222	0.00211064
0.14373853	-0.01650072	0.00246099
0.14373853	-0.01454422	0.00282457
0.14373853	-0.01265452	0.00319752
0.14373853	-0.01084351	0.00357786
0.14373853	-0.00912291	0.00396442
0.14373853	-0.00750398	0.00435593
0.14373853	-0.00599745	0.00475084
0.14373853	-0.00461336	0.00514699
0.14373853	-0.00336027	0.00553920
0.14373853	-0.00223996	0.00590441
0.14373853	-0.00125380	0.00622299
0.14373853	-0.00040770	0.00649239
0.14373853	0.00028911	0.00672330
0.14373853	0.00082395	0.00693566
0.14373853	0.00117230	0.00715578
0.14373853	0.00128623	0.00737097
0.14373853	0.00127838	0.00745353
0.14373853	0.00124764	0.00753196
0.14373853	0.00108169	0.00772050
0.14373853	0.00072137	0.00793347
0.14373853	0.00017030	0.00812438
0.14373853	-0.00056080	0.00826202
0.14373853	-0.00145918	0.00831650
0.14373853	-0.00250850	0.00826490
0.14373853	-0.00369181	0.00809994
0.14373853	-0.00499710	0.00783662
0.14373853	-0.00641837	0.00750223
0.14373853	-0.00794695	0.00710430
0.14373853	-0.00957298	0.00664661
0.14373853	-0.01128624	0.00613332
0.14373853	-0.01307626	0.00556933
0.14373853	-0.01493216	0.00495959
0.14373853	-0.01684260	0.00430863
0.14373853	-0.01879541	0.00361915
0.14373853	-0.02077708	0.00288973
0.14373853	-0.02277206	0.00211192
0.14535673	-0.02369446	0.00107034
0.14535673	-0.02170239	0.00128507
0.14535673	-0.01973574	0.00155895
0.14535673	-0.01780112	0.00186653
0.14535673	-0.01590772	0.00219393
0.14535673	-0.01406608	0.00253390
0.14535673	-0.01228731	0.00288290
0.14535673	-0.01058263	0.00323914
0.14535673	-0.00896306	0.00360148
0.14535673	-0.00743921	0.00396870
0.14535673	-0.00602115	0.00433930
0.14535673	-0.00471833	0.00471121
0.14535673	-0.00353864	0.00507900
0.14535673	-0.00248356	0.00542031
0.14535673	-0.00155471	0.00571768
0.14535673	-0.00075784	0.00596931
0.14535673	-0.00010173	0.00618554
0.14535673	0.00040172	0.00638511
0.14535673	0.00072929	0.00659261
0.14535673	0.00083555	0.00679557
0.14535673	0.00082773	0.00687322
0.14535673	0.00079848	0.00694689
0.14535673	0.00064188	0.00712390
0.14535673	0.00030265	0.00732397
0.14535673	-0.00021583	0.00750372
0.14535673	-0.00090356	0.00763420
0.14535673	-0.00174873	0.00768760
0.14535673	-0.00273620	0.00764219
0.14535673	-0.00385004	0.00749032
0.14535673	-0.00507865	0.00724480
0.14535673	-0.00641626	0.00693152
0.14535673	-0.00785485	0.00655840
0.14535673	-0.00938514	0.00612895
0.14535673	-0.01099749	0.00564707
0.14535673	-0.01268202	0.00511730
0.14535673	-0.01442850	0.00454434
0.14535673	-0.01622627	0.00393248
0.14535673	-0.01806391	0.00328440
0.14535673	-0.01992878	0.00259905
0.14535673	-0.02180640	0.00186891
0.14675006	-0.02229899	0.00094239
0.14675006	-0.02046450	0.00113845
0.14675006	-0.01865342	0.00138917
0.14675006	-0.01687185	0.00167108
0.14675006	-0.01512824	0.00197138
0.14675006	-0.01343230	0.00228342
0.14675006	-0.01179428	0.00260395
0.14675006	-0.01022451	0.00293134
0.14675006	-0.00873315	0.00326453
0.14675006	-0.00732993	0.00360234
0.14675006	-0.00602415	0.00394337
0.14675006	-0.00482450	0.00428566
0.14675006	-0.00373805	0.00462362
0.14675006	-0.00276598	0.00493616
0.14675006	-0.00191012	0.00520812
0.14675006	-0.00117595	0.00543842
0.14675006	-0.00057159	0.00563683
0.14675006	-0.00010803	0.00582059
0.14675006	0.00019323	0.00601219
0.14675006	0.00029002	0.00619956
0.14675006	0.00028235	0.00627101
0.14675006	0.00025508	0.00633869
0.14675006	0.00011049	0.00650124
0.14675006	-0.00020193	0.00668511
0.14675006	-0.00067912	0.00685068
0.14675006	-0.00131197	0.00697169
0.14675006	-0.00208978	0.00702282
0.14675006	-0.00299882	0.00698390
0.14675006	-0.00402445	0.00684713
0.14675006	-0.00515569	0.00662312
0.14675006	-0.00638712	0.00633577
0.14675006	-0.00771149	0.00599325
0.14675006	-0.00912024	0.00559873
0.14675006	-0.01060450	0.00515581
0.14675006	-0.01215515	0.00466861
0.14675006	-0.01376276	0.00414148
0.14675006	-0.01541753	0.00357840
0.14675006	-0.01710897	0.00298187
0.14675006	-0.01882548	0.00235103
0.14675006	-0.02055375	0.00167898
0.14790664	-0.02078049	0.00087249
0.14790664	-0.01911488	0.00104244
0.14790664	-0.01747157	0.00126636
0.14790664	-0.01585556	0.00152074
0.14790664	-0.01427422	0.00179281
0.14790664	-0.01273624	0.00207600
0.14790664	-0.01125084	0.00236714
0.14790664	-0.00982738	0.00266466
0.14790664	-0.00847505	0.00296752
0.14790664	-0.00720269	0.00327463
0.14790664	-0.00601870	0.00358465
0.14790664	-0.00493097	0.00389580
0.14790664	-0.00394574	0.00420244
0.14790664	-0.00306394	0.00448510
0.14790664	-0.00228749	0.00473080
0.14790664	-0.00162148	0.00493901
0.14790664	-0.00107335	0.00511881
0.14790664	-0.00065309	0.00528579
0.14790664	-0.00038034	0.00546019
0.14790664	-0.00029357	0.00563060
0.14790664	-0.00030094	0.00569533
0.14790664	-0.00032595	0.00575655
0.14790664	-0.00045741	0.00590356
0.14790664	-0.00074073	0.00606998
0.14790664	-0.00117320	0.00622020
0.14790664	-0.00174665	0.00633075
0.14790664	-0.00245153	0.00637890
0.14790664	-0.00327558	0.00634626
0.14790664	-0.00420557	0.00622517
0.14790664	-0.00523132	0.00602425
0.14790664	-0.00634778	0.00576514
0.14790664	-0.00754851	0.00545601
0.14790664	-0.00882574	0.00509972
0.14790664	-0.01017143	0.00469953
0.14790664	-0.01157728	0.00425911
0.14790664	-0.01303475	0.00378240
0.14790664	-0.01453493	0.00327292
0.14790664	-0.01606826	0.00273273
0.14790664	-0.01762411	0.00216055
0.14790664	-0.01919016	0.00154903
0.14881659	-0.01936134	0.00084298
0.14881659	-0.01785277	0.00098394
0.14881659	-0.01636621	0.00118104
0.14881659	-0.01490522	0.00140927
0.14881659	-0.01347600	0.00165516
0.14881659	-0.01208614	0.00191183
0.14881659	-0.01074389	0.00217601
0.14881659	-0.00945768	0.00244610
0.14881659	-0.00823578	0.00272108
0.14881659	-0.00708618	0.00299993
0.14881659	-0.00601647	0.00328138
0.14881659	-0.00503377	0.00356379
0.14881659	-0.00414357	0.00384162
0.14881659	-0.00334663	0.00409705
0.14881659	-0.00264484	0.00431893
0.14881659	-0.00204292	0.00450708
0.14881659	-0.00154764	0.00466986
0.14881659	-0.00116805	0.00482130
0.14881659	-0.00092197	0.00497957
0.14881659	-0.00084436	0.00513395
0.14881659	-0.00085130	0.00519245
0.14881659	-0.00087413	0.00524765
0.14881659	-0.00099317	0.00538016
0.14881659	-0.00124915	0.00553032
0.14881659	-0.00163969	0.00566620
0.14881659	-0.00215745	0.00576688
0.14881659	-0.00279397	0.00581204
0.14881659	-0.00353832	0.00578501
0.14881659	-0.00437862	0.00567840
0.14881659	-0.00530550	0.00549925
0.14881659	-0.00631428	0.00526704
0.14881659	-0.00739924	0.00498975
0.14881659	-0.00855335	0.00466994
0.14881659	-0.00976935	0.00431053
0.14881659	-0.01103972	0.00391481
0.14881659	-0.01235673	0.00348624
0.14881659	-0.01371228	0.00302786
0.14881659	-0.01509764	0.00254111
0.14881659	-0.01650300	0.00202397
0.14881659	-0.01791673	0.00146785
0.14947217	-0.01822104	0.00083455
0.14947217	-0.01683903	0.00095173
0.14947217	-0.01547882	0.00112698
0.14947217	-0.01414284	0.00133403
0.14947217	-0.01283628	0.00155875
0.14947217	-0.01156588	0.00179402
0.14947217	-0.01033909	0.00203645
0.14947217	-0.00916357	0.00228442
0.14947217	-0.00804686	0.00253693
0.14947217	-0.00699628	0.00279299
0.14947217	-0.00601875	0.00305142
0.14947217	-0.00512076	0.00331069
0.14947217	-0.00430724	0.00356540
0.14947217	-0.00357883	0.00379915
0.14947217	-0.00293736	0.00400210
0.14947217	-0.00238720	0.00417431
0.14947217	-0.00193458	0.00432349
0.14947217	-0.00158779	0.00446243
0.14947217	-0.00136321	0.00460764
0.14947217	-0.00129285	0.00474905
0.14947217	-0.00129944	0.00480247
0.14947217	-0.00132046	0.00485283
0.14947217	-0.00142942	0.00497371
0.14947217	-0.00166334	0.00511082
0.14947217	-0.00202007	0.00523518
0.14947217	-0.00249298	0.00532785
0.14947217	-0.00307442	0.00537044
0.14947217	-0.00375454	0.00534766
0.14947217	-0.00452252	0.00525246
0.14947217	-0.00536971	0.00509079
0.14947217	-0.00629172	0.00488030
0.14947217	-0.00728340	0.00462875
0.14947217	-0.00833833	0.00433845
0.14947217	-0.00944986	0.00401205
0.14947217	-0.01061110	0.00365249
0.14947217	-0.01181497	0.00326288
0.14947217	-0.01305402	0.00284582
0.14947217	-0.01432019	0.00240228
0.14947217	-0.01560429	0.00192953
0.14947217	-0.01689527	0.00141800
0.15000000	-0.01723281	0.00083415
0.15000000	-0.01596124	0.00093256
0.15000000	-0.01471102	0.00108955
0.15000000	-0.01348369	0.00127836
0.15000000	-0.01228370	0.00148460
0.15000000	-0.01111706	0.00170109
0.15000000	-0.00999054	0.00192440
0.15000000	-0.00891113	0.00215294
0.15000000	-0.00788578	0.00238571
0.15000000	-0.00692117	0.00262178
0.15000000	-0.00602367	0.00286002
0.15000000	-0.00519925	0.00309902
0.15000000	-0.00445232	0.00333355
0.15000000	-0.00378345	0.00354848
0.15000000	-0.00319439	0.00373504
0.15000000	-0.00268921	0.00389343
0.15000000	-0.00227366	0.00403078
0.15000000	-0.00195535	0.00415880
0.15000000	-0.00174938	0.00429259
0.15000000	-0.00168522	0.00442267
0.15000000	-0.00169142	0.00447171
0.15000000	-0.00171083	0.00451789
0.15000000	-0.00181101	0.00462873
0.15000000	-0.00202578	0.00475455
0.15000000	-0.00235318	0.00486888
0.15000000	-0.00278719	0.00495452
0.15000000	-0.00332086	0.00499466
0.15000000	-0.00394524	0.00497526
0.15000000	-0.00465045	0.00488963
0.15000000	-0.00542844	0.00474282
0.15000000	-0.00627514	0.00455098
0.15000000	-0.00718585	0.00432152
0.15000000	-0.00815466	0.00405656
0.15000000	-0.00917548	0.00375851
0.15000000	-0.01024195	0.00343003
0.15000000	-0.01134757	0.00307391
0.15000000	-0.01248546	0.00269242
0.15000000	-0.01364814	0.00228613
0.15000000	-0.01482700	0.00185192
0.15000000	-0.01601156	0.00137962
