0.02600000	-0.01320351	-0.01599763
0.02600000	-0.01181744	-0.01438457
0.02600000	-0.01028221	-0.01292236
0.02600000	-0.00872041	-0.01152670
0.02600000	-0.00716375	-0.01017799
0.02600000	-0.00563289	-0.00886605
0.02600000	-0.00415317	-0.00757815
0.02600000	-0.00274241	-0.00630738
0.02600000	-0.00142604	-0.00504197
0.02600000	-0.00023657	-0.00376674
0.02600000	0.00080718	-0.00248498
0.02600000	0.00169826	-0.00121221
0.02600000	0.00242748	0.00003698
0.02600000	0.00299538	0.00124171
0.02600000	0.00340618	0.00238037
0.02600000	0.00366577	0.00343174
0.02600000	0.00378435	0.00437401
0.02600000	0.00374830	0.00518438
0.02600000	0.00356534	0.00582755
0.02600000	0.00330279	0.00628102
0.02600000	0.00305381	0.00656347
0.02600000	0.00288070	0.00671010
0.02600000	0.00281945	0.00675472
0.02600000	0.00275575	0.00679814
0.02600000	0.00255566	0.00691307
0.02600000	0.00220067	0.00705738
0.02600000	0.00168121	0.00717912
0.02600000	0.00100094	0.00720337
0.02600000	0.00018947	0.00705377
0.02600000	-0.00071613	0.00671776
0.02600000	-0.00168861	0.00620061
0.02600000	-0.00270096	0.00549990
0.02600000	-0.00372416	0.00461213
0.02600000	-0.00473564	0.00354370
0.02600000	-0.00571933	0.00230688
0.02600000	-0.00665876	0.00091236
0.02600000	-0.00754753	-0.00062282
0.02600000	-0.00837899	-0.00228361
0.02600000	-0.00915778	-0.00405095
0.02600000	-0.00989908	-0.00590354
0.02600000	-0.01060757	-0.00782809
0.02600000	-0.01130929	-0.00980242
0.02600000	-0.01199962	-0.01181926
0.02600000	-0.01266185	-0.01387688
0.02972000	-0.01469713	-0.01562190
0.02972000	-0.01318527	-0.01409560
0.02972000	-0.01157583	-0.01268801
0.02972000	-0.00995749	-0.01132976
0.02972000	-0.00836459	-0.00999538
0.02972000	-0.00681817	-0.00867395
0.02972000	-0.00533556	-0.00736225
0.02972000	-0.00392220	-0.00606859
0.02972000	-0.00258943	-0.00479615
0.02972000	-0.00137324	-0.00352416
0.02972000	-0.00028353	-0.00226105
0.02972000	0.00067971	-0.00102372
0.02972000	0.00151619	0.00017274
0.02972000	0.00221694	0.00131987
0.02972000	0.00277793	0.00240517
0.02972000	0.00319751	0.00341440
0.02972000	0.00347398	0.00433226
0.02972000	0.00360161	0.00514131
0.02972000	0.00357427	0.00581589
0.02972000	0.00342363	0.00632241
0.02972000	0.00323440	0.00665158
0.02972000	0.00307863	0.00681891
0.02972000	0.00302006	0.00686808
0.02972000	0.00295704	0.00691487
0.02972000	0.00275227	0.00702977
0.02972000	0.00237984	0.00714524
0.02972000	0.00184047	0.00721069
0.02972000	0.00114754	0.00717498
0.02972000	0.00032418	0.00700294
0.02972000	-0.00060562	0.00668052
0.02972000	-0.00161902	0.00619902
0.02972000	-0.00269163	0.00554920
0.02972000	-0.00379633	0.00472256
0.02972000	-0.00490321	0.00371258
0.02972000	-0.00599189	0.00252701
0.02972000	-0.00704992	0.00118052
0.02972000	-0.00805721	-0.00031915
0.02972000	-0.00899572	-0.00196137
0.02972000	-0.00986658	-0.00372499
0.02972000	-0.01070858	-0.00557465
0.02972000	-0.01152327	-0.00749780
0.02972000	-0.01233903	-0.00946949
0.02972000	-0.01316493	-0.01147647
0.02972000	-0.01398206	-0.01351826
0.03344000	-0.01609224	-0.01544789
0.03344000	-0.01448673	-0.01394900
0.03344000	-0.01281402	-0.01254364
0.03344000	-0.01114537	-0.01117306
0.03344000	-0.00951081	-0.00981637
0.03344000	-0.00792514	-0.00847086
0.03344000	-0.00640275	-0.00713696
0.03344000	-0.00495136	-0.00582108
0.03344000	-0.00358365	-0.00452521
0.03344000	-0.00232110	-0.00324293
0.03344000	-0.00117170	-0.00198251
0.03344000	-0.00013533	-0.00075904
0.03344000	0.00078889	0.00041328
0.03344000	0.00159708	0.00152519
0.03344000	0.00228266	0.00256964
0.03344000	0.00283733	0.00354001
0.03344000	0.00325170	0.00442842
0.03344000	0.00351528	0.00522360
0.03344000	0.00361755	0.00590660
0.03344000	0.00356713	0.00644436
0.03344000	0.00342453	0.00680481
0.03344000	0.00328226	0.00699008
0.03344000	0.00322519	0.00704351
0.03344000	0.00316206	0.00709336
0.03344000	0.00295172	0.00720991
0.03344000	0.00256650	0.00731562
0.03344000	0.00201109	0.00735471
0.03344000	0.00130312	0.00728613
0.03344000	0.00046383	0.00708852
0.03344000	-0.00048525	0.00674686
0.03344000	-0.00152263	0.00625057
0.03344000	-0.00262680	0.00559248
0.03344000	-0.00377537	0.00476734
0.03344000	-0.00494514	0.00377209
0.03344000	-0.00611597	0.00260988
0.03344000	-0.00726909	0.00128674
0.03344000	-0.00838132	-0.00019347
0.03344000	-0.00942917	-0.00182438
0.03344000	-0.01040974	-0.00358565
0.03344000	-0.01135564	-0.00544135
0.03344000	-0.01229382	-0.00736522
0.03344000	-0.01325252	-0.00933037
0.03344000	-0.01423289	-0.01132590
0.03344000	-0.01521039	-0.01335449
0.03716000	-0.01744540	-0.01545719
0.03716000	-0.01575107	-0.01395315
0.03716000	-0.01401567	-0.01251675
0.03716000	-0.01229505	-0.01110270
0.03716000	-0.01061303	-0.00969823
0.03716000	-0.00897681	-0.00831060
0.03716000	-0.00739732	-0.00694447
0.03716000	-0.00588716	-0.00560098
0.03716000	-0.00447120	-0.00426916
0.03716000	-0.00315201	-0.00296262
0.03716000	-0.00193413	-0.00169207
0.03716000	-0.00082199	-0.00046735
0.03716000	0.00018316	0.00069968
0.03716000	0.00108292	0.00179604
0.03716000	0.00187154	0.00281576
0.03716000	0.00253814	0.00375688
0.03716000	0.00306922	0.00461779
0.03716000	0.00345027	0.00539378
0.03716000	0.00366784	0.00607262
0.03716000	0.00371546	0.00662781
0.03716000	0.00361755	0.00701464
0.03716000	0.00348823	0.00721787
0.03716000	0.00343201	0.00727567
0.03716000	0.00336807	0.00732833
0.03716000	0.00315061	0.00744658
0.03716000	0.00275203	0.00754818
0.03716000	0.00217911	0.00757087
0.03716000	0.00145272	0.00747607
0.03716000	0.00059587	0.00724289
0.03716000	-0.00036851	0.00685663
0.03716000	-0.00141916	0.00630983
0.03716000	-0.00253808	0.00560214
0.03716000	-0.00371092	0.00473818
0.03716000	-0.00492560	0.00372461
0.03716000	-0.00616222	0.00255937
0.03716000	-0.00739475	0.00123705
0.03716000	-0.00860189	-0.00023920
0.03716000	-0.00976177	-0.00186432
0.03716000	-0.01086677	-0.00362192
0.03716000	-0.01192132	-0.00548997
0.03716000	-0.01299749	-0.00741369
0.03716000	-0.01411452	-0.00936864
0.03716000	-0.01525815	-0.01135149
0.03716000	-0.01639782	-0.01336928
0.04088000	-0.01877170	-0.01555540
0.04088000	-0.01697721	-0.01404375
0.04088000	-0.01516802	-0.01257228
0.04088000	-0.01338396	-0.01111167
0.04088000	-0.01164239	-0.00965757
0.04088000	-0.00994704	-0.00822220
0.04088000	-0.00830673	-0.00681319
0.04088000	-0.00673171	-0.00543484
0.04088000	-0.00525742	-0.00406450
0.04088000	-0.00387618	-0.00272716
0.04088000	-0.00258902	-0.00143702
0.04088000	-0.00140455	-0.00019952
0.04088000	-0.00032626	0.00097560
0.04088000	0.00064941	0.00207329
0.04088000	0.00151888	0.00308613
0.04088000	0.00227228	0.00401276
0.04088000	0.00289586	0.00485446
0.04088000	0.00337411	0.00561139
0.04088000	0.00369234	0.00627778
0.04088000	0.00383558	0.00683697
0.04088000	0.00379254	0.00724706
0.04088000	0.00367994	0.00746921
0.04088000	0.00362424	0.00753137
0.04088000	0.00355901	0.00758650
0.04088000	0.00333290	0.00770467
0.04088000	0.00291875	0.00779584
0.04088000	0.00232747	0.00779483
0.04088000	0.00158315	0.00766548
0.04088000	0.00071071	0.00738712
0.04088000	-0.00026557	0.00694589
0.04088000	-0.00132478	0.00633750
0.04088000	-0.00245241	0.00556752
0.04088000	-0.00364178	0.00464961
0.04088000	-0.00489108	0.00360011
0.04088000	-0.00617917	0.00241200
0.04088000	-0.00747820	0.00107477
0.04088000	-0.00877131	-0.00040710
0.04088000	-0.01004176	-0.00202763
0.04088000	-0.01127839	-0.00377544
0.04088000	-0.01245780	-0.00564709
0.04088000	-0.01368450	-0.00756076
0.04088000	-0.01496318	-0.00949869
0.04088000	-0.01626732	-0.01146570
0.04088000	-0.01756328	-0.01347239
0.04460000	-0.02000984	-0.01566089
0.04460000	-0.01811151	-0.01415032
0.04460000	-0.01622478	-0.01265108
0.04460000	-0.01437317	-0.01115163
0.04460000	-0.01256773	-0.00965580
0.04460000	-0.01081066	-0.00817848
0.04460000	-0.00911050	-0.00672816
0.04460000	-0.00747439	-0.00531336
0.04460000	-0.00593862	-0.00391038
0.04460000	-0.00449502	-0.00254519
0.04460000	-0.00314346	-0.00123352
0.04460000	-0.00189472	0.00002134
0.04460000	-0.00075414	0.00121117
0.04460000	0.00028084	0.00232129
0.04460000	0.00120955	0.00334136
0.04460000	0.00202610	0.00426689
0.04460000	0.00271918	0.00509863
0.04460000	0.00327435	0.00583909
0.04460000	0.00367666	0.00648794
0.04460000	0.00390690	0.00703873
0.04460000	0.00393109	0.00746393
0.04460000	0.00384022	0.00770393
0.04460000	0.00378517	0.00777029
0.04460000	0.00371856	0.00782765
0.04460000	0.00348345	0.00794434
0.04460000	0.00305379	0.00802136
0.04460000	0.00244559	0.00799458
0.04460000	0.00168517	0.00783092
0.04460000	0.00079870	0.00750977
0.04460000	-0.00018853	0.00701772
0.04460000	-0.00125574	0.00635235
0.04460000	-0.00239105	0.00552320
0.04460000	-0.00359393	0.00455063
0.04460000	-0.00486958	0.00345752
0.04460000	-0.00619644	0.00223489
0.04460000	-0.00755074	0.00087459
0.04460000	-0.00891984	-0.00061745
0.04460000	-0.01029162	-0.00223403
0.04460000	-0.01165297	-0.00396785
0.04460000	-0.01297280	-0.00582418
0.04460000	-0.01434931	-0.00771670
0.04460000	-0.01577588	-0.00963454
0.04460000	-0.01722236	-0.01158647
0.04460000	-0.01865599	-0.01358399
0.04832000	-0.02108516	-0.01567774
0.04832000	-0.01909086	-0.01418214
0.04832000	-0.01713161	-0.01267033
0.04832000	-0.01521614	-0.01114824
0.04832000	-0.01335011	-0.00962695
0.04832000	-0.01153510	-0.00812280
0.04832000	-0.00978068	-0.00664355
0.04832000	-0.00809263	-0.00519996
0.04832000	-0.00649950	-0.00377697
0.04832000	-0.00499868	-0.00239480
0.04832000	-0.00359203	-0.00106746
0.04832000	-0.00229038	0.00020161
0.04832000	-0.00110032	0.00140512
0.04832000	-0.00002209	0.00253051
0.04832000	0.00094644	0.00356431
0.04832000	0.00180544	0.00449627
0.04832000	0.00254754	0.00532416
0.04832000	0.00316027	0.00605076
0.04832000	0.00362834	0.00667992
0.04832000	0.00393007	0.00721400
0.04832000	0.00402368	0.00764157
0.04832000	0.00395704	0.00789536
0.04832000	0.00390297	0.00796542
0.04832000	0.00383528	0.00802476
0.04832000	0.00359240	0.00813958
0.04832000	0.00314986	0.00820324
0.04832000	0.00252803	0.00815567
0.04832000	0.00175385	0.00796708
0.04832000	0.00085391	0.00761651
0.04832000	-0.00014577	0.00708992
0.04832000	-0.00122393	0.00638483
0.04832000	-0.00236964	0.00551237
0.04832000	-0.00358601	0.00449690
0.04832000	-0.00488114	0.00336382
0.04832000	-0.00623697	0.00210777
0.04832000	-0.00763619	0.00072628
0.04832000	-0.00906904	-0.00077365
0.04832000	-0.01052625	-0.00238403
0.04832000	-0.01199559	-0.00409874
0.04832000	-0.01345346	-0.00592032
0.04832000	-0.01496083	-0.00778404
0.04832000	-0.01650775	-0.00968165
0.04832000	-0.01806741	-0.01162054
0.04832000	-0.01961088	-0.01361022
0.05204000	-0.02194950	-0.01553261
0.05204000	-0.01987701	-0.01406501
0.05204000	-0.01785679	-0.01255906
0.05204000	-0.01588653	-0.01103495
0.05204000	-0.01396804	-0.00950920
0.05204000	-0.01210303	-0.00799864
0.05204000	-0.01030261	-0.00650953
0.05204000	-0.00857244	-0.00505329
0.05204000	-0.00693078	-0.00362671
0.05204000	-0.00538178	-0.00224257
0.05204000	-0.00393116	-0.00091096
0.05204000	-0.00258865	0.00036320
0.05204000	-0.00136156	0.00157308
0.05204000	-0.00025337	0.00270882
0.05204000	0.00074018	0.00375435
0.05204000	0.00162571	0.00469301
0.05204000	0.00240011	0.00551868
0.05204000	0.00305279	0.00623323
0.05204000	0.00356770	0.00684356
0.05204000	0.00392138	0.00735863
0.05204000	0.00407190	0.00777859
0.05204000	0.00402684	0.00804072
0.05204000	0.00397398	0.00811364
0.05204000	0.00390575	0.00817462
0.05204000	0.00365767	0.00828859
0.05204000	0.00320642	0.00834402
0.05204000	0.00257487	0.00828601
0.05204000	0.00178930	0.00808746
0.05204000	0.00087590	0.00772661
0.05204000	-0.00013879	0.00718773
0.05204000	-0.00123239	0.00646665
0.05204000	-0.00239320	0.00557407
0.05204000	-0.00362525	0.00453579
0.05204000	-0.00493659	0.00337730
0.05204000	-0.00631544	0.00210026
0.05204000	-0.00775023	0.00070776
0.05204000	-0.00923292	-0.00079247
0.05204000	-0.01075568	-0.00239190
0.05204000	-0.01230921	-0.00408282
0.05204000	-0.01388020	-0.00586055
0.05204000	-0.01548659	-0.00769348
0.05204000	-0.01712055	-0.00957152
0.05204000	-0.01876103	-0.01149771
0.05204000	-0.02038384	-0.01347813
0.05576000	-0.02261174	-0.01521041
0.05576000	-0.02048370	-0.01377779
0.05576000	-0.01841666	-0.01229373
0.05576000	-0.01640254	-0.01078689
0.05576000	-0.01444129	-0.00927673
0.05576000	-0.01253533	-0.00777974
0.05576000	-0.01069706	-0.00630074
0.05576000	-0.00893200	-0.00485176
0.05576000	-0.00725158	-0.00343762
0.05576000	-0.00566464	-0.00206575
0.05576000	-0.00417994	-0.00074302
0.05576000	-0.00280633	0.00052449
0.05576000	-0.00155147	0.00173009
0.05576000	-0.00042133	0.00286606
0.05576000	0.00058960	0.00391455
0.05576000	0.00149265	0.00485403
0.05576000	0.00228781	0.00567526
0.05576000	0.00296573	0.00637919
0.05576000	0.00350961	0.00697457
0.05576000	0.00389500	0.00747432
0.05576000	0.00408073	0.00788505
0.05576000	0.00405051	0.00815114
0.05576000	0.00399894	0.00822602
0.05576000	0.00393085	0.00828842
0.05576000	0.00368074	0.00840392
0.05576000	0.00322510	0.00845893
0.05576000	0.00258737	0.00840226
0.05576000	0.00179274	0.00820830
0.05576000	0.00086669	0.00785439
0.05576000	-0.00016413	0.00732299
0.05576000	-0.00127622	0.00660773
0.05576000	-0.00245644	0.00571788
0.05576000	-0.00370790	0.00467914
0.05576000	-0.00503756	0.00351653
0.05576000	-0.00643842	0.00223725
0.05576000	-0.00790256	0.00084809
0.05576000	-0.00942288	-0.00064255
0.05576000	-0.01099232	-0.00222566
0.05576000	-0.01260363	-0.00389189
0.05576000	-0.01424914	-0.00563178
0.05576000	-0.01592049	-0.00743702
0.05576000	-0.01761179	-0.00929539
0.05576000	-0.01930614	-0.01120632
0.05576000	-0.02098290	-0.01317308
0.05948000	-0.02316448	-0.01478493
0.05948000	-0.02099963	-0.01338494
0.05948000	-0.01889671	-0.01193008
0.05948000	-0.01684698	-0.01045085
0.05948000	-0.01485044	-0.00896724
0.05948000	-0.01290996	-0.00749553
0.05948000	-0.01103843	-0.00603993
0.05948000	-0.00924129	-0.00461285
0.05948000	-0.00752881	-0.00322057
0.05948000	-0.00591098	-0.00186919
0.05948000	-0.00439731	-0.00056472
0.05948000	-0.00299659	0.00068657
0.05948000	-0.00171680	0.00187821
0.05948000	-0.00056453	0.00300300
0.05948000	0.00046581	0.00404250
0.05948000	0.00138657	0.00497363
0.05948000	0.00219851	0.00578622
0.05948000	0.00289250	0.00648109
0.05948000	0.00345168	0.00706762
0.05948000	0.00385150	0.00755994
0.05948000	0.00405076	0.00796680
0.05948000	0.00402721	0.00823470
0.05948000	0.00397675	0.00831085
0.05948000	0.00390930	0.00837460
0.05948000	0.00365959	0.00849408
0.05948000	0.00320249	0.00855541
0.05948000	0.00256085	0.00850801
0.05948000	0.00175926	0.00832618
0.05948000	0.00082271	0.00798659
0.05948000	-0.00022231	0.00747076
0.05948000	-0.00135199	0.00677129
0.05948000	-0.00255252	0.00589675
0.05948000	-0.00382628	0.00487278
0.05948000	-0.00517962	0.00372446
0.05948000	-0.00660641	0.00246015
0.05948000	-0.00809940	0.00108746
0.05948000	-0.00965160	-0.00038509
0.05948000	-0.01125604	-0.00194835
0.05948000	-0.01290560	-0.00359279
0.05948000	-0.01459304	-0.00530847
0.05948000	-0.01630567	-0.00709126
0.05948000	-0.01803759	-0.00892870
0.05948000	-0.01977265	-0.01081971
0.05948000	-0.02149103	-0.01276706
0.06320000	-0.02371269	-0.01435285
0.06320000	-0.02151699	-0.01298455
0.06320000	-0.01938256	-0.01156011
0.06320000	-0.01730114	-0.01011026
0.06320000	-0.01527304	-0.00865508
0.06320000	-0.01330140	-0.00721088
0.06320000	-0.01139926	-0.00578165
0.06320000	-0.00957224	-0.00437978
0.06320000	-0.00783078	-0.00301137
0.06320000	-0.00618498	-0.00168240
0.06320000	-0.00464450	-0.00039874
0.06320000	-0.00321825	0.00083346
0.06320000	-0.00191434	0.00200785
0.06320000	-0.00073952	0.00311729
0.06320000	0.00031150	0.00414324
0.06320000	0.00125075	0.00506228
0.06320000	0.00207885	0.00586420
0.06320000	0.00278666	0.00654995
0.06320000	0.00335741	0.00712922
0.06320000	0.00376671	0.00761658
0.06320000	0.00397333	0.00802153
0.06320000	0.00395393	0.00829070
0.06320000	0.00390446	0.00836788
0.06320000	0.00383776	0.00843287
0.06320000	0.00358906	0.00855661
0.06320000	0.00313141	0.00862543
0.06320000	0.00248688	0.00858827
0.06320000	0.00167964	0.00841897
0.06320000	0.00073436	0.00809374
0.06320000	-0.00032271	0.00759359
0.06320000	-0.00146781	0.00691065
0.06320000	-0.00268690	0.00605322
0.06320000	-0.00398192	0.00504704
0.06320000	-0.00535884	0.00391740
0.06320000	-0.00681139	0.00267262
0.06320000	-0.00833218	0.00132022
0.06320000	-0.00991405	-0.00013137
0.06320000	-0.01154986	-0.00167308
0.06320000	-0.01323231	-0.00329546
0.06320000	-0.01495399	-0.00498866
0.06320000	-0.01670211	-0.00674874
0.06320000	-0.01847052	-0.00856329
0.06320000	-0.02024303	-0.01043148
0.06320000	-0.02199980	-0.01235644
0.06692000	-0.02420967	-0.01389143
0.06692000	-0.02199081	-0.01255785
0.06692000	-0.01983239	-0.01116706
0.06692000	-0.01772662	-0.00974998
0.06692000	-0.01567413	-0.00832667
0.06692000	-0.01367831	-0.00691343
0.06692000	-0.01175229	-0.00551403
0.06692000	-0.00990186	-0.00414079
0.06692000	-0.00813758	-0.00279965
0.06692000	-0.00646966	-0.00149641
0.06692000	-0.00490784	-0.00023681
0.06692000	-0.00346115	0.00097316
0.06692000	-0.00213780	0.00212727
0.06692000	-0.00094466	0.00321848
0.06692000	0.00012328	0.00422812
0.06692000	0.00107769	0.00513261
0.06692000	0.00191902	0.00592169
0.06692000	0.00263812	0.00659648
0.06692000	0.00321838	0.00716695
0.06692000	0.00363562	0.00764806
0.06692000	0.00384866	0.00804999
0.06692000	0.00383323	0.00831957
0.06692000	0.00378485	0.00839750
0.06692000	0.00371907	0.00846349
0.06692000	0.00347210	0.00859099
0.06692000	0.00301532	0.00866688
0.06692000	0.00236993	0.00863982
0.06692000	0.00155968	0.00848327
0.06692000	0.00060880	0.00817308
0.06692000	-0.00045677	0.00768980
0.06692000	-0.00161338	0.00702512
0.06692000	-0.00284679	0.00618702
0.06692000	-0.00415847	0.00520121
0.06692000	-0.00555403	0.00409316
0.06692000	-0.00702707	0.00287112
0.06692000	-0.00857011	0.00154250
0.06692000	-0.01017583	0.00011563
0.06692000	-0.01183697	-0.00140053
0.06692000	-0.01354605	-0.00299665
0.06692000	-0.01529554	-0.00466296
0.06692000	-0.01707256	-0.00639573
0.06692000	-0.01887079	-0.00818264
0.06692000	-0.02067403	-0.01002310
0.06692000	-0.02246248	-0.01192056
0.07064000	-0.02443214	-0.01327395
0.07064000	-0.02221421	-0.01198468
0.07064000	-0.02005531	-0.01063786
0.07064000	-0.01794819	-0.00926425
0.07064000	-0.01589377	-0.00788371
0.07064000	-0.01389565	-0.00651232
0.07064000	-0.01196689	-0.00515362
0.07064000	-0.01011343	-0.00381974
0.07064000	-0.00834581	-0.00251638
0.07064000	-0.00667423	-0.00124917
0.07064000	-0.00510845	-0.00002364
0.07064000	-0.00365748	0.00115441
0.07064000	-0.00232954	0.00227889
0.07064000	-0.00113154	0.00334293
0.07064000	-0.00005869	0.00432789
0.07064000	0.00090017	0.00521024
0.07064000	0.00174530	0.00597988
0.07064000	0.00246764	0.00663809
0.07064000	0.00305083	0.00719500
0.07064000	0.00347114	0.00766575
0.07064000	0.00368785	0.00806103
0.07064000	0.00367620	0.00832836
0.07064000	0.00362931	0.00840624
0.07064000	0.00356503	0.00847252
0.07064000	0.00332213	0.00860233
0.07064000	0.00287063	0.00868408
0.07064000	0.00223079	0.00866661
0.07064000	0.00142571	0.00852331
0.07064000	0.00047905	0.00822989
0.07064000	-0.00058381	0.00776668
0.07064000	-0.00173950	0.00712504
0.07064000	-0.00297378	0.00631261
0.07064000	-0.00428764	0.00535483
0.07064000	-0.00568635	0.00427711
0.07064000	-0.00716345	0.00308753
0.07064000	-0.00871145	0.00179338
0.07064000	-0.01032297	0.00040277
0.07064000	-0.01199067	-0.00107551
0.07064000	-0.01370705	-0.00263230
0.07064000	-0.01546448	-0.00425805
0.07064000	-0.01725018	-0.00594922
0.07064000	-0.01905770	-0.00769371
0.07064000	-0.02087100	-0.00949112
0.07064000	-0.02267054	-0.01134514
0.07436000	-0.02446924	-0.01255942
0.07436000	-0.02226925	-0.01132062
0.07436000	-0.02012653	-0.01002445
0.07436000	-0.01803437	-0.00870124
0.07436000	-0.01599398	-0.00737050
0.07436000	-0.01400912	-0.00604801
0.07436000	-0.01209270	-0.00473704
0.07436000	-0.01025070	-0.00344948
0.07436000	-0.00849362	-0.00219077
0.07436000	-0.00683156	-0.00096631
0.07436000	-0.00527418	0.00021858
0.07436000	-0.00383043	0.00135831
0.07436000	-0.00250850	0.00244700
0.07436000	-0.00131525	0.00347797
0.07436000	-0.00024618	0.00443274
0.07436000	0.00070936	0.00528806
0.07436000	0.00155145	0.00603399
0.07436000	0.00227118	0.00667195
0.07436000	0.00285257	0.00721215
0.07436000	0.00327249	0.00766978
0.07436000	0.00349096	0.00805590
0.07436000	0.00348294	0.00831912
0.07436000	0.00343780	0.00839636
0.07436000	0.00337541	0.00846242
0.07436000	0.00313809	0.00859336
0.07436000	0.00269490	0.00867986
0.07436000	0.00206504	0.00867131
0.07436000	0.00127086	0.00854121
0.07436000	0.00033532	0.00826533
0.07436000	-0.00071686	0.00782398
0.07436000	-0.00186283	0.00720828
0.07436000	-0.00308840	0.00642554
0.07436000	-0.00439420	0.00550076
0.07436000	-0.00578508	0.00445906
0.07436000	-0.00725461	0.00330834
0.07436000	-0.00879531	0.00205567
0.07436000	-0.01039981	0.00070894
0.07436000	-0.01206079	-0.00072330
0.07436000	-0.01377074	-0.00223213
0.07436000	-0.01552202	-0.00380824
0.07436000	-0.01730203	-0.00544833
0.07436000	-0.01910425	-0.00714056
0.07436000	-0.02091291	-0.00888476
0.07436000	-0.02270884	-0.01068478
0.07808000	-0.02443673	-0.01182317
0.07808000	-0.02226265	-0.01063651
0.07808000	-0.02014397	-0.00939287
0.07808000	-0.01807452	-0.00812208
0.07808000	-0.01605574	-0.00684324
0.07808000	-0.01409154	-0.00557176
0.07808000	-0.01219463	-0.00431070
0.07808000	-0.01037104	-0.00307163
0.07808000	-0.00863112	-0.00185975
0.07808000	-0.00698485	-0.00068021
0.07808000	-0.00544179	0.00046188
0.07808000	-0.00401080	0.00156115
0.07808000	-0.00269997	0.00261195
0.07808000	-0.00151612	0.00360780
0.07808000	-0.00045505	0.00453049
0.07808000	0.00049338	0.00535708
0.07808000	0.00132911	0.00607785
0.07808000	0.00204340	0.00669430
0.07808000	0.00262069	0.00721667
0.07808000	0.00303851	0.00766015
0.07808000	0.00325776	0.00803611
0.07808000	0.00325319	0.00829441
0.07808000	0.00320986	0.00837074
0.07808000	0.00314949	0.00843631
0.07808000	0.00291835	0.00856776
0.07808000	0.00248473	0.00865829
0.07808000	0.00186677	0.00865804
0.07808000	0.00108607	0.00854072
0.07808000	0.00016480	0.00828229
0.07808000	-0.00087306	0.00786308
0.07808000	-0.00200518	0.00727407
0.07808000	-0.00321753	0.00652221
0.07808000	-0.00451040	0.00563199
0.07808000	-0.00588821	0.00462818
0.07808000	-0.00734458	0.00351844
0.07808000	-0.00887209	0.00230962
0.07808000	-0.01046340	0.00100936
0.07808000	-0.01211123	-0.00037403
0.07808000	-0.01380808	-0.00183192
0.07808000	-0.01554637	-0.00335525
0.07808000	-0.01731367	-0.00494095
0.07808000	-0.01910346	-0.00657749
0.07808000	-0.02090026	-0.00826488
0.07808000	-0.02268534	-0.01000717
0.08180000	-0.02436305	-0.01108604
0.08180000	-0.02222033	-0.00995173
0.08180000	-0.02013111	-0.00876097
0.08180000	-0.01808973	-0.00754302
0.08180000	-0.01609784	-0.00631657
0.08180000	-0.01415945	-0.00509667
0.08180000	-0.01228705	-0.00388611
0.08180000	-0.01048668	-0.00269616
0.08180000	-0.00876855	-0.00153178
0.08180000	-0.00714250	-0.00039789
0.08180000	-0.00561793	0.00070066
0.08180000	-0.00420359	0.00175870
0.08180000	-0.00290746	0.00277080
0.08180000	-0.00173632	0.00373072
0.08180000	-0.00068623	0.00462053
0.08180000	0.00025241	0.00541769
0.08180000	0.00107942	0.00611268
0.08180000	0.00178624	0.00670711
0.08180000	0.00235779	0.00721119
0.08180000	0.00277226	0.00764005
0.08180000	0.00299148	0.00800533
0.08180000	0.00299010	0.00825819
0.08180000	0.00294859	0.00833341
0.08180000	0.00289028	0.00839831
0.08180000	0.00266566	0.00852977
0.08180000	0.00224237	0.00862372
0.08180000	0.00163755	0.00863117
0.08180000	0.00087199	0.00852611
0.08180000	-0.00003294	0.00828476
0.08180000	-0.00105401	0.00788755
0.08180000	-0.00216946	0.00732534
0.08180000	-0.00336548	0.00660471
0.08180000	-0.00464198	0.00574960
0.08180000	-0.00600303	0.00478435
0.08180000	-0.00744227	0.00371639
0.08180000	-0.00895237	0.00255234
0.08180000	-0.01052605	0.00129959
0.08180000	-0.01215608	-0.00003383
0.08180000	-0.01383502	-0.00143955
0.08180000	-0.01555533	-0.00290881
0.08180000	-0.01730483	-0.00443873
0.08180000	-0.01907697	-0.00601811
0.08180000	-0.02085663	-0.00764718
0.08180000	-0.02262552	-0.00933008
0.08552000	-0.02421726	-0.01033168
0.08552000	-0.02211333	-0.00925051
0.08552000	-0.02006090	-0.00811366
0.08552000	-0.01805481	-0.00694974
0.08552000	-0.01609688	-0.00577696
0.08552000	-0.01419123	-0.00460992
0.08552000	-0.01235007	-0.00345122
0.08552000	-0.01057942	-0.00231179
0.08552000	-0.00888931	-0.00119630
0.08552000	-0.00728939	-0.00010946
0.08552000	-0.00578891	0.00094410
0.08552000	-0.00439646	0.00195947
0.08552000	-0.00311989	0.00293144
0.08552000	-0.00196587	0.00385399
0.08552000	-0.00093076	0.00470954
0.08552000	-0.00000547	0.00547601
0.08552000	0.00080969	0.00614415
0.08552000	0.00150638	0.00671563
0.08552000	0.00206999	0.00720060
0.08552000	0.00247943	0.00761409
0.08552000	0.00269756	0.00796790
0.08552000	0.00269909	0.00821461
0.08552000	0.00265945	0.00828847
0.08552000	0.00260331	0.00835246
0.08552000	0.00238570	0.00848334
0.08552000	0.00197385	0.00858002
0.08552000	0.00138389	0.00859451
0.08552000	0.00063574	0.00850121
0.08552000	-0.00025001	0.00827665
0.08552000	-0.00125096	0.00790145
0.08552000	-0.00234597	0.00736641
0.08552000	-0.00352146	0.00667773
0.08552000	-0.00477703	0.00585873
0.08552000	-0.00611637	0.00493325
0.08552000	-0.00753321	0.00390847
0.08552000	-0.00902031	0.00279080
0.08552000	-0.01057050	0.00158732
0.08552000	-0.01217660	0.00030581
0.08552000	-0.01383128	-0.00104566
0.08552000	-0.01552707	-0.00245863
0.08552000	-0.01725206	-0.00393044
0.08552000	-0.01899973	-0.00545023
0.08552000	-0.02075534	-0.00701838
0.08552000	-0.02250110	-0.00863917
0.08924000	-0.02398200	-0.00955155
0.08924000	-0.02192517	-0.00852463
0.08924000	-0.01991775	-0.00744304
0.08924000	-0.01795503	-0.00633464
0.08924000	-0.01603901	-0.00521711
0.08924000	-0.01417384	-0.00410459
0.08924000	-0.01237144	-0.00299943
0.08924000	-0.01063778	-0.00191222
0.08924000	-0.00898266	-0.00084735
0.08924000	-0.00741551	0.00019070
0.08924000	-0.00594538	0.00119754
0.08924000	-0.00458066	0.00216849
0.08924000	-0.00332906	0.00309859
0.08924000	-0.00219711	0.00398205
0.08924000	-0.00118145	0.00480170
0.08924000	-0.00027350	0.00553601
0.08924000	0.00052630	0.00617602
0.08924000	0.00120985	0.00672345
0.08924000	0.00176308	0.00718836
0.08924000	0.00216564	0.00758558
0.08924000	0.00238154	0.00792699
0.08924000	0.00238572	0.00816673
0.08924000	0.00234801	0.00823894
0.08924000	0.00229415	0.00830174
0.08924000	0.00208416	0.00843138
0.08924000	0.00168502	0.00853002
0.08924000	0.00111186	0.00855085
0.08924000	0.00038375	0.00846875
0.08924000	-0.00047960	0.00826068
0.08924000	-0.00145662	0.00790756
0.08924000	-0.00252688	0.00740017
0.08924000	-0.00367709	0.00674434
0.08924000	-0.00490654	0.00596271
0.08924000	-0.00621860	0.00507851
0.08924000	-0.00760708	0.00409868
0.08924000	-0.00906489	0.00302936
0.08924000	-0.01058497	0.00187736
0.08924000	-0.01216025	0.00065014
0.08924000	-0.01378353	-0.00064452
0.08924000	-0.01544745	-0.00199849
0.08924000	-0.01714042	-0.00340930
0.08924000	-0.01885597	-0.00486648
0.08924000	-0.02057978	-0.00637057
0.08924000	-0.02229463	-0.00792589
0.09296000	-0.02368103	-0.00876221
0.09296000	-0.02167745	-0.00778953
0.09296000	-0.01972110	-0.00676340
0.09296000	-0.01780776	-0.00571084
0.09296000	-0.01593952	-0.00464897
0.09296000	-0.01412061	-0.00359141
0.09296000	-0.01236256	-0.00254032
0.09296000	-0.01067129	-0.00150589
0.09296000	-0.00905635	-0.00049226
0.09296000	-0.00752692	0.00049634
0.09296000	-0.00609181	0.00145577
0.09296000	-0.00475921	0.00238157
0.09296000	-0.00353663	0.00326901
0.09296000	-0.00243047	0.00411257
0.09296000	-0.00143763	0.00489555
0.09296000	-0.00055006	0.00559702
0.09296000	0.00023172	0.00620830
0.09296000	0.00089988	0.00673118
0.09296000	0.00144086	0.00717556
0.09296000	0.00183513	0.00755601
0.09296000	0.00204794	0.00788444
0.09296000	0.00205450	0.00811664
0.09296000	0.00201873	0.00818699
0.09296000	0.00196723	0.00824840
0.09296000	0.00176519	0.00837625
0.09296000	0.00137961	0.00847615
0.09296000	0.00082459	0.00850257
0.09296000	0.00011834	0.00843099
0.09296000	-0.00072030	0.00823887
0.09296000	-0.00167065	0.00790748
0.09296000	-0.00271301	0.00742766
0.09296000	-0.00383441	0.00680487
0.09296000	-0.00503392	0.00606102
0.09296000	-0.00631455	0.00521867
0.09296000	-0.00767024	0.00428449
0.09296000	-0.00909405	0.00326437
0.09296000	-0.01057907	0.00216481
0.09296000	-0.01211838	0.00099297
0.09296000	-0.01370491	-0.00024368
0.09296000	-0.01533145	-0.00153736
0.09296000	-0.01698673	-0.00288580
0.09296000	-0.01866439	-0.00427891
0.09296000	-0.02035058	-0.00571736
0.09296000	-0.02202864	-0.00720552
0.09668000	-0.02334932	-0.00798495
0.09668000	-0.02140204	-0.00706514
0.09668000	-0.01949985	-0.00609320
0.09668000	-0.01763894	-0.00509530
0.09668000	-0.01582153	-0.00408796
0.09668000	-0.01405184	-0.00308430
0.09668000	-0.01234106	-0.00208629
0.09668000	-0.01069501	-0.00110369
0.09668000	-0.00912297	-0.00014044
0.09668000	-0.00763386	0.00079951
0.09668000	-0.00623626	0.00171221
0.09668000	-0.00493811	0.00259347
0.09668000	-0.00374675	0.00343878
0.09668000	-0.00266841	0.00424288
0.09668000	-0.00170024	0.00498956
0.09668000	-0.00083471	0.00565852
0.09668000	-0.00007242	0.00624139
0.09668000	0.00057909	0.00673997
0.09668000	0.00110680	0.00716399
0.09668000	0.00149198	0.00752774
0.09668000	0.00170113	0.00784310
0.09668000	0.00170986	0.00806754
0.09668000	0.00167600	0.00813594
0.09668000	0.00162684	0.00819585
0.09668000	0.00143283	0.00832159
0.09668000	0.00106105	0.00842222
0.09668000	0.00052468	0.00845360
0.09668000	-0.00015896	0.00839180
0.09668000	-0.00097185	0.00821484
0.09668000	-0.00189423	0.00790439
0.09668000	-0.00290712	0.00745136
0.09668000	-0.00399792	0.00686090
0.09668000	-0.00516548	0.00615416
0.09668000	-0.00641249	0.00535301
0.09668000	-0.00773302	0.00446383
0.09668000	-0.00912032	0.00349226
0.09668000	-0.01056761	0.00244451
0.09668000	-0.01206814	0.00132742
0.09668000	-0.01361500	0.00014815
0.09668000	-0.01520112	-0.00108586
0.09668000	-0.01681561	-0.00237250
0.09668000	-0.01845220	-0.00370212
0.09668000	-0.02009750	-0.00507547
0.09668000	-0.02173548	-0.00649698
0.10040000	-0.02300599	-0.00722859
0.10040000	-0.02111617	-0.00635951
0.10040000	-0.01926936	-0.00543967
0.10040000	-0.01746214	-0.00449439
0.10040000	-0.01569682	-0.00353959
0.10040000	-0.01397761	-0.00258789
0.10040000	-0.01231536	-0.00164106
0.10040000	-0.01071574	-0.00070851
0.10040000	-0.00918780	0.00020609
0.10040000	-0.00774019	0.00109899
0.10040000	-0.00638122	0.00196649
0.10040000	-0.00511862	0.00280461
0.10040000	-0.00395950	0.00360908
0.10040000	-0.00290996	0.00437487
0.10040000	-0.00196739	0.00508631
0.10040000	-0.00112473	0.00572371
0.10040000	-0.00038263	0.00627899
0.10040000	0.00025161	0.00675399
0.10040000	0.00076553	0.00715822
0.10040000	0.00114119	0.00750568
0.10040000	0.00134632	0.00780818
0.10040000	0.00135697	0.00802486
0.10040000	0.00132495	0.00809126
0.10040000	0.00127807	0.00814962
0.10040000	0.00109196	0.00827302
0.10040000	0.00073390	0.00837398
0.10040000	0.00021617	0.00840971
0.10040000	-0.00044472	0.00835693
0.10040000	-0.00123163	0.00819423
0.10040000	-0.00212561	0.00790369
0.10040000	-0.00310845	0.00747633
0.10040000	-0.00416791	0.00691700
0.10040000	-0.00530265	0.00624610
0.10040000	-0.00651506	0.00548480
0.10040000	-0.00779935	0.00463919
0.10040000	-0.00914895	0.00371467
0.10040000	-0.01055724	0.00271716
0.10040000	-0.01201763	0.00165320
0.10040000	-0.01352338	0.00052964
0.10040000	-0.01506759	-0.00064640
0.10040000	-0.01663972	-0.00187301
0.10040000	-0.01823363	-0.00314090
0.10040000	-0.01983638	-0.00445095
0.10040000	-0.02143255	-0.00580758
0.10412000	-0.02266057	-0.00649709
0.10412000	-0.02082818	-0.00567616
0.10412000	-0.01903679	-0.00480586
0.10412000	-0.01728337	-0.00391065
0.10412000	-0.01557028	-0.00300587
0.10412000	-0.01390172	-0.00210367
0.10412000	-0.01228816	-0.00120566
0.10412000	-0.01073520	-0.00032085
0.10412000	-0.00925158	0.00054731
0.10412000	-0.00784570	0.00139528
0.10412000	-0.00652561	0.00221957
0.10412000	-0.00529882	0.00301642
0.10412000	-0.00417224	0.00378178
0.10412000	-0.00315180	0.00451085
0.10412000	-0.00223513	0.00518849
0.10412000	-0.00141561	0.00579561
0.10412000	-0.00069394	0.00632444
0.10412000	-0.00007716	0.00677681
0.10412000	0.00042280	0.00716204
0.10412000	0.00078874	0.00749381
0.10412000	0.00098964	0.00778384
0.10412000	0.00100200	0.00799290
0.10412000	0.00097174	0.00805729
0.10412000	0.00092706	0.00811409
0.10412000	0.00074862	0.00823503
0.10412000	0.00040399	0.00833599
0.10412000	-0.00009540	0.00837552
0.10412000	-0.00073386	0.00833099
0.10412000	-0.00149501	0.00818155
0.10412000	-0.00236074	0.00790972
0.10412000	-0.00331356	0.00750667
0.10412000	-0.00434159	0.00697695
0.10412000	-0.00544337	0.00634024
0.10412000	-0.00662097	0.00561701
0.10412000	-0.00786875	0.00481308
0.10412000	-0.00918033	0.00393360
0.10412000	-0.01054926	0.00298421
0.10412000	-0.01196911	0.00197117
0.10412000	-0.01343330	0.00090103
0.10412000	-0.01493513	-0.00021941
0.10412000	-0.01646438	-0.00138839
0.10412000	-0.01801504	-0.00259702
0.10412000	-0.01957464	-0.00384626
0.10412000	-0.02112832	-0.00514053
0.10784000	-0.02232957	-0.00580304
0.10784000	-0.02055278	-0.00502698
0.10784000	-0.01881511	-0.00420292
0.10784000	-0.01711385	-0.00335449
0.10784000	-0.01545143	-0.00249650
0.10784000	-0.01383200	-0.00164063
0.10784000	-0.01226572	-0.00078831
0.10784000	-0.01075805	0.00005179
0.10784000	-0.00931749	0.00087642
0.10784000	-0.00795215	0.00168226
0.10784000	-0.00666987	0.00246601
0.10784000	-0.00547793	0.00322411
0.10784000	-0.00438303	0.00395272
0.10784000	-0.00339094	0.00464726
0.10784000	-0.00249954	0.00529310
0.10784000	-0.00170260	0.00587176
0.10784000	-0.00100087	0.00637572
0.10784000	-0.00040113	0.00680682
0.10784000	0.00008520	0.00717417
0.10784000	0.00044164	0.00749113
0.10784000	0.00063832	0.00776931
0.10784000	0.00065223	0.00797105
0.10784000	0.00062361	0.00803352
0.10784000	0.00058101	0.00808879
0.10784000	0.00040985	0.00820725
0.10784000	0.00007801	0.00830795
0.10784000	-0.00040385	0.00835076
0.10784000	-0.00102077	0.00831366
0.10784000	-0.00175712	0.00817636
0.10784000	-0.00259560	0.00792184
0.10784000	-0.00351935	0.00754139
0.10784000	-0.00451691	0.00703932
0.10784000	-0.00558666	0.00643463
0.10784000	-0.00673043	0.00574710
0.10784000	-0.00794270	0.00498227
0.10784000	-0.00921727	0.00414508
0.10784000	-0.01054786	0.00324091
0.10784000	-0.01192820	0.00227574
0.10784000	-0.01335188	0.00125583
0.10784000	-0.01481236	0.00018771
0.10784000	-0.01629976	-0.00092705
0.10784000	-0.01780821	-0.00207989
0.10784000	-0.01932566	-0.00327187
0.10784000	-0.02083781	-0.00450737
0.11156000	-0.02203797	-0.00516162
0.11156000	-0.02031248	-0.00442641
0.11156000	-0.01862437	-0.00364448
0.11156000	-0.01697123	-0.00283872
0.11156000	-0.01535557	-0.00202341
0.11156000	-0.01378149	-0.00120979
0.11156000	-0.01225884	-0.00039917
0.11156000	-0.01079298	0.00040011
0.11156000	-0.00939215	0.00118501
0.11156000	-0.00806425	0.00195237
0.11156000	-0.00681688	0.00269909
0.11156000	-0.00565711	0.00342178
0.11156000	-0.00459147	0.00411680
0.11156000	-0.00362558	0.00477978
0.11156000	-0.00275754	0.00539656
0.11156000	-0.00198148	0.00594922
0.11156000	-0.00129819	0.00643046
0.11156000	-0.00071419	0.00684213
0.11156000	-0.00024046	0.00719313
0.11156000	0.00010718	0.00749652
0.11156000	0.00029995	0.00776384
0.11156000	0.00031527	0.00795887
0.11156000	0.00028817	0.00801956
0.11156000	0.00024747	0.00807342
0.11156000	0.00008298	0.00818958
0.11156000	-0.00023712	0.00828998
0.11156000	-0.00070287	0.00833571
0.11156000	-0.00129998	0.00830531
0.11156000	-0.00201352	0.00817901
0.11156000	-0.00282687	0.00794018
0.11156000	-0.00372384	0.00758028
0.11156000	-0.00469327	0.00710340
0.11156000	-0.00573346	0.00652792
0.11156000	-0.00684600	0.00587296
0.11156000	-0.00802548	0.00514383
0.11156000	-0.00926587	0.00434526
0.11156000	-0.01056105	0.00348239
0.11156000	-0.01190489	0.00256095
0.11156000	-0.01329115	0.00158694
0.11156000	-0.01471343	0.00056661
0.11156000	-0.01616217	-0.00049858
0.11156000	-0.01763160	-0.00160043
0.11156000	-0.01911010	-0.00274005
0.11156000	-0.02058386	-0.00392181
0.11528000	-0.02181071	-0.00457526
0.11528000	-0.02012977	-0.00387630
0.11528000	-0.01848469	-0.00313173
0.11528000	-0.01687333	-0.00236376
0.11528000	-0.01529824	-0.00158623
0.11528000	-0.01376352	-0.00081003
0.11528000	-0.01227872	-0.00003632
0.11528000	-0.01084911	0.00072684
0.11528000	-0.00948274	0.00147658
0.11528000	-0.00818729	0.00220991
0.11528000	-0.00697016	0.00292387
0.11528000	-0.00583826	0.00361525
0.11528000	-0.00479795	0.00428059
0.11528000	-0.00385474	0.00491569
0.11528000	-0.00300692	0.00550683
0.11528000	-0.00224893	0.00603655
0.11528000	-0.00158160	0.00649775
0.11528000	-0.00101123	0.00689226
0.11528000	-0.00054841	0.00722883
0.11528000	-0.00020836	0.00752028
0.11528000	-0.00001893	0.00777805
0.11528000	-0.00000231	0.00796720
0.11528000	-0.00002805	0.00802636
0.11528000	-0.00006706	0.00807900
0.11528000	-0.00022567	0.00819325
0.11528000	-0.00053546	0.00829357
0.11528000	-0.00098712	0.00834207
0.11528000	-0.00156695	0.00831778
0.11528000	-0.00226062	0.00820135
0.11528000	-0.00305213	0.00797652
0.11528000	-0.00392581	0.00763485
0.11528000	-0.00487084	0.00718027
0.11528000	-0.00588541	0.00663062
0.11528000	-0.00697089	0.00600446
0.11528000	-0.00812198	0.00530688
0.11528000	-0.00933280	0.00454242
0.11528000	-0.01059733	0.00371602
0.11528000	-0.01190960	0.00283319
0.11528000	-0.01326350	0.00189969
0.11528000	-0.01465275	0.00092154
0.11528000	-0.01606807	-0.00009993
0.11528000	-0.01750378	-0.00115681
0.11528000	-0.01894862	-0.00225027
0.11528000	-0.02038922	-0.00338467
0.11900000	-0.02167069	-0.00404613
0.11900000	-0.02002528	-0.00337800
0.11900000	-0.01841450	-0.00266507
0.11900000	-0.01683640	-0.00192906
0.11900000	-0.01529359	-0.00118347
0.11900000	-0.01379016	-0.00043887
0.11900000	-0.01233543	0.00030368
0.11900000	-0.01093461	0.00103636
0.11900000	-0.00959557	0.00175643
0.11900000	-0.00832583	0.00246106
0.11900000	-0.00713264	0.00314741
0.11900000	-0.00602276	0.00381244
0.11900000	-0.00500243	0.00445280
0.11900000	-0.00407707	0.00506447
0.11900000	-0.00324515	0.00563410
0.11900000	-0.00250140	0.00614458
0.11900000	-0.00184663	0.00658897
0.11900000	-0.00128699	0.00696908
0.11900000	-0.00083272	0.00729355
0.11900000	-0.00049857	0.00757500
0.11900000	-0.00031161	0.00782485
0.11900000	-0.00029374	0.00800922
0.11900000	-0.00031832	0.00806716
0.11900000	-0.00035590	0.00811887
0.11900000	-0.00050960	0.00823173
0.11900000	-0.00081093	0.00833229
0.11900000	-0.00125112	0.00838344
0.11900000	-0.00181696	0.00836460
0.11900000	-0.00249461	0.00825675
0.11900000	-0.00326858	0.00804389
0.11900000	-0.00412366	0.00771770
0.11900000	-0.00504925	0.00728195
0.11900000	-0.00604351	0.00675410
0.11900000	-0.00710758	0.00615221
0.11900000	-0.00823623	0.00548118
0.11900000	-0.00942370	0.00474541
0.11900000	-0.01066409	0.00394966
0.11900000	-0.01195151	0.00309925
0.11900000	-0.01327995	0.00219976
0.11900000	-0.01464325	0.00125700
0.11900000	-0.01603234	0.00027220
0.11900000	-0.01744161	-0.00074698
0.11900000	-0.01886008	-0.00180179
0.11900000	-0.02027473	-0.00289661
0.12272000	-0.02164264	-0.00360542
0.12272000	-0.02002118	-0.00296158
0.12272000	-0.01843336	-0.00227354
0.12272000	-0.01687744	-0.00156262
0.12272000	-0.01535609	-0.00084206
0.12272000	-0.01387341	-0.00012222
0.12272000	-0.01243857	0.00059596
0.12272000	-0.01105674	0.00130480
0.12272000	-0.00973568	0.00200171
0.12272000	-0.00848281	0.00268395
0.12272000	-0.00730525	0.00334881
0.12272000	-0.00620969	0.00399334
0.12272000	-0.00520228	0.00461432
0.12272000	-0.00428838	0.00520786
0.12272000	-0.00346664	0.00576089
0.12272000	-0.00273201	0.00625654
0.12272000	-0.00208531	0.00668796
0.12272000	-0.00153254	0.00705697
0.12272000	-0.00108370	0.00737211
0.12272000	-0.00075317	0.00764589
0.12272000	-0.00056740	0.00788976
0.12272000	-0.00054818	0.00807072
0.12272000	-0.00057181	0.00812786
0.12272000	-0.00060828	0.00817898
0.12272000	-0.00075836	0.00829111
0.12272000	-0.00105360	0.00839226
0.12272000	-0.00148566	0.00844591
0.12272000	-0.00204169	0.00843171
0.12272000	-0.00270823	0.00833086
0.12272000	-0.00347018	0.00812755
0.12272000	-0.00431268	0.00781352
0.12272000	-0.00522531	0.00739246
0.12272000	-0.00620617	0.00688158
0.12272000	-0.00725620	0.00629856
0.12272000	-0.00837024	0.00564813
0.12272000	-0.00954258	0.00493459
0.12272000	-0.01076738	0.00416254
0.12272000	-0.01203884	0.00333719
0.12272000	-0.01335098	0.00246395
0.12272000	-0.01469772	0.00154851
0.12272000	-0.01607014	0.00059196
0.12272000	-0.01746266	-0.00039819
0.12272000	-0.01886450	-0.00142325
0.12272000	-0.02026292	-0.00248763
0.12557154	-0.02171114	-0.00334215
0.12557154	-0.02009864	-0.00271258
0.12557154	-0.01851919	-0.00203905
0.12557154	-0.01697124	-0.00134269
0.12557154	-0.01545750	-0.00063662
0.12557154	-0.01398213	0.00006895
0.12557154	-0.01255422	0.00077311
0.12557154	-0.01117894	0.00146829
0.12557154	-0.00986403	0.00215197
0.12557154	-0.00861684	0.00282147
0.12557154	-0.00744447	0.00347414
0.12557154	-0.00635357	0.00410712
0.12557154	-0.00535027	0.00471723
0.12557154	-0.00443990	0.00530067
0.12557154	-0.00362127	0.00584453
0.12557154	-0.00288943	0.00633201
0.12557154	-0.00224522	0.00675627
0.12557154	-0.00169456	0.00711914
0.12557154	-0.00124732	0.00742914
0.12557154	-0.00091768	0.00769877
0.12557154	-0.00073182	0.00793958
0.12557154	-0.00071154	0.00811900
0.12557154	-0.00073460	0.00817585
0.12557154	-0.00077046	0.00822681
0.12557154	-0.00091869	0.00833900
0.12557154	-0.00121105	0.00844111
0.12557154	-0.00163945	0.00849686
0.12557154	-0.00219127	0.00848594
0.12557154	-0.00285323	0.00838965
0.12557154	-0.00361045	0.00819220
0.12557154	-0.00444820	0.00788536
0.12557154	-0.00535620	0.00747278
0.12557154	-0.00633245	0.00697157
0.12557154	-0.00737780	0.00639922
0.12557154	-0.00848705	0.00576037
0.12557154	-0.00965454	0.00505925
0.12557154	-0.01087443	0.00430040
0.12557154	-0.01214094	0.00348895
0.12557154	-0.01344812	0.00263024
0.12557154	-0.01478989	0.00172986
0.12557154	-0.01615738	0.00078888
0.12557154	-0.01754504	-0.00018533
0.12557154	-0.01894216	-0.00119409
0.12557154	-0.02033615	-0.00224186
0.12839183	-0.02185991	-0.00311918
0.12839183	-0.02024789	-0.00250057
0.12839183	-0.01866858	-0.00183793
0.12839183	-0.01712055	-0.00115236
0.12839183	-0.01560658	-0.00045693
0.12839183	-0.01413086	0.00023821
0.12839183	-0.01270248	0.00093220
0.12839183	-0.01132665	0.00161753
0.12839183	-0.01001108	0.00229171
0.12839183	-0.00876314	0.00295214
0.12839183	-0.00758992	0.00359622
0.12839183	-0.00649808	0.00422112
0.12839183	-0.00549373	0.00482373
0.12839183	-0.00458226	0.00540030
0.12839183	-0.00376255	0.00593798
0.12839183	-0.00302975	0.00641997
0.12839183	-0.00238473	0.00683941
0.12839183	-0.00183337	0.00719814
0.12839183	-0.00138547	0.00750472
0.12839183	-0.00105508	0.00777172
0.12839183	-0.00086828	0.00801082
0.12839183	-0.00084696	0.00818967
0.12839183	-0.00086960	0.00824652
0.12839183	-0.00090503	0.00829760
0.12839183	-0.00105212	0.00841049
0.12839183	-0.00134309	0.00851425
0.12839183	-0.00177007	0.00857257
0.12839183	-0.00232057	0.00856509
0.12839183	-0.00298145	0.00847301
0.12839183	-0.00373793	0.00828051
0.12839183	-0.00457537	0.00797929
0.12839183	-0.00548348	0.00757300
0.12839183	-0.00646022	0.00707875
0.12839183	-0.00750629	0.00651395
0.12839183	-0.00861650	0.00588317
0.12839183	-0.00978516	0.00519062
0.12839183	-0.01100643	0.00444079
0.12839183	-0.01227450	0.00363876
0.12839183	-0.01358342	0.00278982
0.12839183	-0.01492708	0.00189952
0.12839183	-0.01629664	0.00096885
0.12839183	-0.01768649	0.00000517
0.12839183	-0.01908600	-0.00099293
0.12839183	-0.02048259	-0.00202998
0.13114998	-0.02207655	-0.00291597
0.13114998	-0.02045778	-0.00230468
0.13114998	-0.01887161	-0.00164901
0.13114998	-0.01731668	-0.00097018
0.13114998	-0.01579583	-0.00028129
0.13114998	-0.01431330	0.00040747
0.13114998	-0.01287822	0.00109533
0.13114998	-0.01149582	0.00177474
0.13114998	-0.01017386	0.00244329
0.13114998	-0.00891973	0.00309839
0.13114998	-0.00774056	0.00373749
0.13114998	-0.00664302	0.00435780
0.13114998	-0.00563330	0.00495624
0.13114998	-0.00471677	0.00552908
0.13114998	-0.00389245	0.00606350
0.13114998	-0.00315553	0.00654260
0.13114998	-0.00250691	0.00695947
0.13114998	-0.00195246	0.00731600
0.13114998	-0.00150195	0.00762080
0.13114998	-0.00116942	0.00788658
0.13114998	-0.00098094	0.00812518
0.13114998	-0.00095858	0.00830429
0.13114998	-0.00098092	0.00836140
0.13114998	-0.00101610	0.00841281
0.13114998	-0.00116281	0.00852687
0.13114998	-0.00145376	0.00863264
0.13114998	-0.00188131	0.00869361
0.13114998	-0.00243304	0.00868927
0.13114998	-0.00309586	0.00860067
0.13114998	-0.00385501	0.00841185
0.13114998	-0.00469586	0.00811445
0.13114998	-0.00560809	0.00771212
0.13114998	-0.00658959	0.00722205
0.13114998	-0.00764096	0.00666165
0.13114998	-0.00875694	0.00603547
0.13114998	-0.00993183	0.00534770
0.13114998	-0.01115975	0.00460279
0.13114998	-0.01243485	0.00380582
0.13114998	-0.01375113	0.00296204
0.13114998	-0.01510244	0.00207700
0.13114998	-0.01647991	0.00115163
0.13114998	-0.01787790	0.00019326
0.13114998	-0.01928571	-0.00079959
0.13114998	-0.02069076	-0.00183157
0.13381578	-0.02233144	-0.00278360
0.13381578	-0.02070117	-0.00217515
0.13381578	-0.01910345	-0.00152206
0.13381578	-0.01753701	-0.00084564
0.13381578	-0.01600476	-0.00015903
0.13381578	-0.01451102	0.00052753
0.13381578	-0.01306497	0.00121332
0.13381578	-0.01167191	0.00189078
0.13381578	-0.01033964	0.00255751
0.13381578	-0.00907561	0.00321094
0.13381578	-0.00788701	0.00384855
0.13381578	-0.00678055	0.00446756
0.13381578	-0.00576246	0.00506490
0.13381578	-0.00483819	0.00563687
0.13381578	-0.00400680	0.00617061
0.13381578	-0.00326358	0.00664910
0.13381578	-0.00260942	0.00706544
0.13381578	-0.00205024	0.00742149
0.13381578	-0.00159579	0.00772596
0.13381578	-0.00126010	0.00799164
0.13381578	-0.00106926	0.00823057
0.13381578	-0.00104569	0.00841055
0.13381578	-0.00106786	0.00846810
0.13381578	-0.00110302	0.00851995
0.13381578	-0.00125012	0.00863519
0.13381578	-0.00154237	0.00874253
0.13381578	-0.00197212	0.00880529
0.13381578	-0.00252698	0.00880282
0.13381578	-0.00319386	0.00871608
0.13381578	-0.00395799	0.00852899
0.13381578	-0.00480474	0.00823317
0.13381578	-0.00572374	0.00783225
0.13381578	-0.00671283	0.00734352
0.13381578	-0.00777251	0.00678442
0.13381578	-0.00889746	0.00615948
0.13381578	-0.01008195	0.00547290
0.13381578	-0.01132003	0.00472912
0.13381578	-0.01260580	0.00393321
0.13381578	-0.01393319	0.00309045
0.13381578	-0.01529602	0.00220636
0.13381578	-0.01668535	0.00128184
0.13381578	-0.01809545	0.00032426
0.13381578	-0.01951561	-0.00066794
0.13381578	-0.02093318	-0.00169946
0.13636000	-0.02255814	-0.00280245
0.13636000	-0.02091671	-0.00219384
0.13636000	-0.01930762	-0.00154073
0.13636000	-0.01772979	-0.00086435
0.13636000	-0.01618623	-0.00017783
0.13636000	-0.01468136	0.00050867
0.13636000	-0.01322442	0.00119440
0.13636000	-0.01182079	0.00187184
0.13636000	-0.01047831	0.00253859
0.13636000	-0.00920450	0.00319210
0.13636000	-0.00800658	0.00382984
0.13636000	-0.00689132	0.00444903
0.13636000	-0.00586499	0.00504663
0.13636000	-0.00493305	0.00561889
0.13636000	-0.00409460	0.00615283
0.13636000	-0.00334503	0.00663148
0.13636000	-0.00268531	0.00704793
0.13636000	-0.00212139	0.00740411
0.13636000	-0.00166302	0.00770875
0.13636000	-0.00132420	0.00797471
0.13636000	-0.00113095	0.00821413
0.13636000	-0.00110615	0.00839506
0.13636000	-0.00112823	0.00845304
0.13636000	-0.00116348	0.00850530
0.13636000	-0.00131136	0.00862137
0.13636000	-0.00160533	0.00872949
0.13636000	-0.00203766	0.00879292
0.13636000	-0.00259589	0.00879105
0.13636000	-0.00326695	0.00870483
0.13636000	-0.00403610	0.00851819
0.13636000	-0.00488874	0.00822272
0.13636000	-0.00581446	0.00782199
0.13636000	-0.00681098	0.00733321
0.13636000	-0.00787877	0.00677391
0.13636000	-0.00901247	0.00614866
0.13636000	-0.01020631	0.00546166
0.13636000	-0.01145429	0.00471735
0.13636000	-0.01275044	0.00392080
0.13636000	-0.01408865	0.00307728
0.13636000	-0.01546266	0.00219234
0.13636000	-0.01686351	0.00126689
0.13636000	-0.01828541	0.00030830
0.13636000	-0.01971761	-0.00068494
0.13636000	-0.02114749	-0.00171750
0.13875478	-0.02263943	-0.00296640
0.13875478	-0.02099660	-0.00235990
0.13875478	-0.01938583	-0.00170924
0.13875478	-0.01780615	-0.00103547
0.13875478	-0.01626066	-0.00035163
0.13875478	-0.01475385	0.00033218
0.13875478	-0.01329495	0.00101525
0.13875478	-0.01188937	0.00169010
0.13875478	-0.01054497	0.00235432
0.13875478	-0.00926927	0.00300540
0.13875478	-0.00806948	0.00364079
0.13875478	-0.00695239	0.00425773
0.13875478	-0.00592426	0.00485318
0.13875478	-0.00499052	0.00542334
0.13875478	-0.00415016	0.00595501
0.13875478	-0.00339876	0.00643146
0.13875478	-0.00273748	0.00684601
0.13875478	-0.00217227	0.00720064
0.13875478	-0.00171286	0.00750411
0.13875478	-0.00137315	0.00776921
0.13875478	-0.00117897	0.00800807
0.13875478	-0.00115346	0.00818895
0.13875478	-0.00117545	0.00824700
0.13875478	-0.00121067	0.00829929
0.13875478	-0.00135865	0.00841529
0.13875478	-0.00165279	0.00852320
0.13875478	-0.00208524	0.00858651
0.13875478	-0.00264362	0.00858480
0.13875478	-0.00331494	0.00849922
0.13875478	-0.00408460	0.00831382
0.13875478	-0.00493810	0.00802014
0.13875478	-0.00586500	0.00762153
0.13875478	-0.00686285	0.00713482
0.13875478	-0.00793210	0.00657767
0.13875478	-0.00906747	0.00595477
0.13875478	-0.01026316	0.00527029
0.13875478	-0.01151315	0.00452867
0.13875478	-0.01281146	0.00373492
0.13875478	-0.01415196	0.00289430
0.13875478	-0.01552837	0.00201233
0.13875478	-0.01693175	0.00108996
0.13875478	-0.01835628	0.00013454
0.13875478	-0.01979127	-0.00085542
0.13875478	-0.02122414	-0.00188449
0.14097388	-0.02246336	-0.00318183
0.14097388	-0.02083961	-0.00258547
0.14097388	-0.01924751	-0.00194535
0.14097388	-0.01768611	-0.00128229
0.14097388	-0.01615850	-0.00060921
0.14097388	-0.01466910	0.00006395
0.14097388	-0.01322704	0.00073648
0.14097388	-0.01183769	0.00140102
0.14097388	-0.01050880	0.00205519
0.14097388	-0.00924780	0.00269649
0.14097388	-0.00806181	0.00332240
0.14097388	-0.00695751	0.00393020
0.14097388	-0.00594110	0.00451686
0.14097388	-0.00501785	0.00507849
0.14097388	-0.00418652	0.00560166
0.14097388	-0.00344302	0.00607021
0.14097388	-0.00278872	0.00647790
0.14097388	-0.00222957	0.00682682
0.14097388	-0.00177518	0.00712566
0.14097388	-0.00143921	0.00738698
0.14097388	-0.00124708	0.00762264
0.14097388	-0.00122173	0.00780128
0.14097388	-0.00124345	0.00785861
0.14097388	-0.00127825	0.00791023
0.14097388	-0.00142450	0.00802465
0.14097388	-0.00171504	0.00813102
0.14097388	-0.00214211	0.00819346
0.14097388	-0.00269353	0.00819208
0.14097388	-0.00335659	0.00810845
0.14097388	-0.00411703	0.00792694
0.14097388	-0.00496060	0.00763904
0.14097388	-0.00587692	0.00724768
0.14097388	-0.00686323	0.00676894
0.14097388	-0.00792008	0.00622054
0.14097388	-0.00904235	0.00560735
0.14097388	-0.01022429	0.00493347
0.14097388	-0.01145997	0.00420327
0.14097388	-0.01274344	0.00342164
0.14097388	-0.01406864	0.00259378
0.14097388	-0.01542935	0.00172511
0.14097388	-0.01681674	0.00081658
0.14097388	-0.01822508	-0.00012458
0.14097388	-0.01964379	-0.00109983
0.14097388	-0.02106048	-0.00211371
0.14299299	-0.02196420	-0.00335171
0.14299299	-0.02038893	-0.00277591
0.14299299	-0.01884424	-0.00215771
0.14299299	-0.01732929	-0.00151721
0.14299299	-0.01584709	-0.00086690
0.14299299	-0.01440199	-0.00021637
0.14299299	-0.01300283	0.00043371
0.14299299	-0.01165484	0.00107621
0.14299299	-0.01036554	0.00170885
0.14299299	-0.00914213	0.00232920
0.14299299	-0.00799149	0.00293478
0.14299299	-0.00692012	0.00352291
0.14299299	-0.00593398	0.00409067
0.14299299	-0.00503810	0.00463408
0.14299299	-0.00423093	0.00513959
0.14299299	-0.00350883	0.00559197
0.14299299	-0.00287339	0.00598563
0.14299299	-0.00233050	0.00632275
0.14299299	-0.00188948	0.00661183
0.14299299	-0.00156354	0.00686496
0.14299299	-0.00137733	0.00709350
0.14299299	-0.00135311	0.00726675
0.14299299	-0.00137432	0.00732228
0.14299299	-0.00140819	0.00737222
0.14299299	-0.00155017	0.00748286
0.14299299	-0.00183191	0.00758568
0.14299299	-0.00224591	0.00764614
0.14299299	-0.00278041	0.00764521
0.14299299	-0.00342329	0.00756528
0.14299299	-0.00416087	0.00739126
0.14299299	-0.00497942	0.00711467
0.14299299	-0.00586870	0.00673782
0.14299299	-0.00682565	0.00627559
0.14299299	-0.00785090	0.00574559
0.14299299	-0.00893964	0.00515284
0.14299299	-0.01008630	0.00450132
0.14299299	-0.01128510	0.00379523
0.14299299	-0.01253025	0.00303927
0.14299299	-0.01381585	0.00223849
0.14299299	-0.01513589	0.00139812
0.14299299	-0.01648181	0.00051910
0.14299299	-0.01784806	-0.00039154
0.14299299	-0.01922443	-0.00133517
0.14299299	-0.02059894	-0.00231617
0.14478998	-0.02110589	-0.00340954
0.14478998	-0.01961420	-0.00286504
0.14478998	-0.01815094	-0.00228120
0.14478998	-0.01671562	-0.00167658
0.14478998	-0.01531121	-0.00106276
0.14478998	-0.01394195	-0.00044863
0.14478998	-0.01261619	0.00016515
0.14478998	-0.01133897	0.00077198
0.14478998	-0.01011740	0.00136966
0.14478998	-0.00895829	0.00195589
0.14478998	-0.00786816	0.00252830
0.14478998	-0.00685313	0.00308432
0.14478998	-0.00591885	0.00362114
0.14478998	-0.00506993	0.00413476
0.14478998	-0.00430451	0.00461173
0.14478998	-0.00361952	0.00503819
0.14478998	-0.00301678	0.00540931
0.14478998	-0.00250197	0.00572737
0.14478998	-0.00208395	0.00600050
0.14478998	-0.00177523	0.00624010
0.14478998	-0.00159919	0.00645673
0.14478998	-0.00157701	0.00662086
0.14478998	-0.00159736	0.00667334
0.14478998	-0.00162962	0.00672049
0.14478998	-0.00176433	0.00682489
0.14478998	-0.00203117	0.00692193
0.14478998	-0.00242312	0.00697915
0.14478998	-0.00292916	0.00697879
0.14478998	-0.00353795	0.00690443
0.14478998	-0.00423674	0.00674182
0.14478998	-0.00501257	0.00648262
0.14478998	-0.00585555	0.00612841
0.14478998	-0.00676231	0.00569246
0.14478998	-0.00773355	0.00519189
0.14478998	-0.00876493	0.00463190
0.14478998	-0.00985113	0.00401621
0.14478998	-0.01098669	0.00334880
0.14478998	-0.01216608	0.00263409
0.14478998	-0.01338373	0.00187683
0.14478998	-0.01463392	0.00108200
0.14478998	-0.01590865	0.00025062
0.14478998	-0.01720265	-0.00061068
0.14478998	-0.01850636	-0.00150298
0.14478998	-0.01980863	-0.00243013
0.14634517	-0.01992637	-0.00333305
0.14634517	-0.01854927	-0.00283078
0.14634517	-0.01719810	-0.00229271
0.14634517	-0.01587256	-0.00173568
0.14634517	-0.01457551	-0.00117020
0.14634517	-0.01331093	-0.00060435
0.14634517	-0.01208651	-0.00003876
0.14634517	-0.01090696	0.00052056
0.14634517	-0.00977885	0.00107160
0.14634517	-0.00870846	0.00161221
0.14634517	-0.00770181	0.00214016
0.14634517	-0.00676452	0.00265308
0.14634517	-0.00590182	0.00314834
0.14634517	-0.00511775	0.00362195
0.14634517	-0.00441029	0.00406094
0.14634517	-0.00377693	0.00445307
0.14634517	-0.00321966	0.00479434
0.14634517	-0.00274383	0.00508707
0.14634517	-0.00235767	0.00533884
0.14634517	-0.00207273	0.00556011
0.14634517	-0.00191070	0.00576046
0.14634517	-0.00189115	0.00591209
0.14634517	-0.00191027	0.00596041
0.14634517	-0.00194029	0.00600376
0.14634517	-0.00206492	0.00609972
0.14634517	-0.00231133	0.00618894
0.14634517	-0.00267308	0.00624168
0.14634517	-0.00314011	0.00624179
0.14634517	-0.00370212	0.00617434
0.14634517	-0.00434750	0.00602621
0.14634517	-0.00506433	0.00578941
0.14634517	-0.00584327	0.00546479
0.14634517	-0.00668077	0.00506379
0.14634517	-0.00757754	0.00460259
0.14634517	-0.00852981	0.00408648
0.14634517	-0.00953262	0.00351886
0.14634517	-0.01058094	0.00290342
0.14634517	-0.01166965	0.00224418
0.14634517	-0.01279359	0.00154555
0.14634517	-0.01394749	0.00081211
0.14634517	-0.01512402	0.00004493
0.14634517	-0.01631832	-0.00074987
0.14634517	-0.01752166	-0.00157315
0.14634517	-0.01872389	-0.00242822
0.14764152	-0.01858274	-0.00315224
0.14764152	-0.01733441	-0.00270236
0.14764152	-0.01611074	-0.00221784
0.14764152	-0.01491089	-0.00171495
0.14764152	-0.01373714	-0.00120380
0.14764152	-0.01259286	-0.00069210
0.14764152	-0.01148512	-0.00018028
0.14764152	-0.01041802	0.00032597
0.14764152	-0.00939749	0.00082479
0.14764152	-0.00842923	0.00131424
0.14764152	-0.00751865	0.00179227
0.14764152	-0.00667084	0.00225671
0.14764152	-0.00589052	0.00270517
0.14764152	-0.00518118	0.00313374
0.14764152	-0.00454069	0.00353024
0.14764152	-0.00396709	0.00388412
0.14764152	-0.00346244	0.00419213
0.14764152	-0.00303167	0.00445656
0.14764152	-0.00268227	0.00468429
0.14764152	-0.00242468	0.00488476
0.14764152	-0.00227866	0.00506646
0.14764152	-0.00226190	0.00520375
0.14764152	-0.00227950	0.00524734
0.14764152	-0.00230686	0.00528640
0.14764152	-0.00241985	0.00537282
0.14764152	-0.00264278	0.00545322
0.14764152	-0.00296991	0.00550090
0.14764152	-0.00339225	0.00550145
0.14764152	-0.00390060	0.00544156
0.14764152	-0.00448462	0.00530940
0.14764152	-0.00513357	0.00509748
0.14764152	-0.00583885	0.00480608
0.14764152	-0.00659685	0.00444486
0.14764152	-0.00740824	0.00402867
0.14764152	-0.00826982	0.00356282
0.14764152	-0.00917711	0.00305033
0.14764152	-0.01012554	0.00249455
0.14764152	-0.01111046	0.00189909
0.14764152	-0.01212720	0.00126794
0.14764152	-0.01317101	0.00060525
0.14764152	-0.01423512	-0.00008826
0.14764152	-0.01531523	-0.00080690
0.14764152	-0.01640325	-0.00155183
0.14764152	-0.01748970	-0.00232659
0.14866482	-0.01729322	-0.00293100
0.14866482	-0.01616742	-0.00253629
0.14866482	-0.01506640	-0.00210547
0.14866482	-0.01398818	-0.00165553
0.14866482	-0.01293410	-0.00119685
0.14866482	-0.01190669	-0.00073731
0.14866482	-0.01091246	-0.00027694
0.14866482	-0.00995475	0.00017847
0.14866482	-0.00903889	0.00062724
0.14866482	-0.00816999	0.00106761
0.14866482	-0.00735289	0.00149774
0.14866482	-0.00659216	0.00191563
0.14866482	-0.00589203	0.00231914
0.14866482	-0.00525546	0.00270449
0.14866482	-0.00468037	0.00306048
0.14866482	-0.00416522	0.00337798
0.14866482	-0.00371201	0.00365437
0.14866482	-0.00332526	0.00389182
0.14866482	-0.00301170	0.00409654
0.14866482	-0.00278074	0.00427694
0.14866482	-0.00265019	0.00444051
0.14866482	-0.00263590	0.00456386
0.14866482	-0.00265189	0.00460293
0.14866482	-0.00267661	0.00463786
0.14866482	-0.00277822	0.00471511
0.14866482	-0.00297832	0.00478705
0.14866482	-0.00327184	0.00482986
0.14866482	-0.00365079	0.00483082
0.14866482	-0.00410704	0.00477812
0.14866482	-0.00463143	0.00466118
0.14866482	-0.00521438	0.00447312
0.14866482	-0.00584807	0.00421379
0.14866482	-0.00652896	0.00389133
0.14866482	-0.00725765	0.00351920
0.14866482	-0.00803144	0.00310256
0.14866482	-0.00884629	0.00264411
0.14866482	-0.00969810	0.00214685
0.14866482	-0.01058268	0.00161400
0.14866482	-0.01149585	0.00104913
0.14866482	-0.01243332	0.00045597
0.14866482	-0.01338871	-0.00016546
0.14866482	-0.01435829	-0.00080977
0.14866482	-0.01533435	-0.00147887
0.14866482	-0.01630770	-0.00217727
0.14940387	-0.01624185	-0.00273020
0.14940387	-0.01521640	-0.00238176
0.14940387	-0.01421611	-0.00199556
0.14940387	-0.01323790	-0.00158935
0.14940387	-0.01228227	-0.00117391
0.14940387	-0.01135104	-0.00075728
0.14940387	-0.01045028	-0.00033919
0.14940387	-0.00958264	0.00007444
0.14940387	-0.00875295	0.00048208
0.14940387	-0.00796586	0.00088214
0.14940387	-0.00722573	0.00127290
0.14940387	-0.00653672	0.00165257
0.14940387	-0.00590262	0.00201915
0.14940387	-0.00532603	0.00236905
0.14940387	-0.00480492	0.00269194
0.14940387	-0.00433805	0.00297980
0.14940387	-0.00392733	0.00323042
0.14940387	-0.00357692	0.00344585
0.14940387	-0.00329293	0.00363174
0.14940387	-0.00308390	0.00379563
0.14940387	-0.00296603	0.00394424
0.14940387	-0.00295362	0.00405609
0.14940387	-0.00296829	0.00409141
0.14940387	-0.00299079	0.00412297
0.14940387	-0.00308299	0.00419275
0.14940387	-0.00326430	0.00425779
0.14940387	-0.00353017	0.00429666
0.14940387	-0.00387343	0.00429793
0.14940387	-0.00428681	0.00425106
0.14940387	-0.00476211	0.00414647
0.14940387	-0.00529070	0.00397781
0.14940387	-0.00586544	0.00374468
0.14940387	-0.00648292	0.00345410
0.14940387	-0.00714365	0.00311831
0.14940387	-0.00784530	0.00274229
0.14940387	-0.00858421	0.00232844
0.14940387	-0.00935666	0.00187950
0.14940387	-0.01015885	0.00139834
0.14940387	-0.01098696	0.00088821
0.14940387	-0.01183712	0.00035245
0.14940387	-0.01270321	-0.00020950
0.14940387	-0.01358199	-0.00079254
0.14940387	-0.01446599	-0.00139929
0.14940387	-0.01534618	-0.00203512
0.15000000	-0.01532235	-0.00254510
0.15000000	-0.01438601	-0.00223586
0.15000000	-0.01347468	-0.00188827
0.15000000	-0.01258458	-0.00152037
0.15000000	-0.01171558	-0.00114299
0.15000000	-0.01086894	-0.00076422
0.15000000	-0.01005031	-0.00038352
0.15000000	-0.00926182	-0.00000683
0.15000000	-0.00850787	0.00036445
0.15000000	-0.00779267	0.00072886
0.15000000	-0.00712018	0.00108484
0.15000000	-0.00649418	0.00143072
0.15000000	-0.00591811	0.00176469
0.15000000	-0.00539424	0.00208332
0.15000000	-0.00492064	0.00237711
0.15000000	-0.00449627	0.00263895
0.15000000	-0.00412298	0.00286695
0.15000000	-0.00380454	0.00306302
0.15000000	-0.00354655	0.00323231
0.15000000	-0.00335678	0.00338164
0.15000000	-0.00324998	0.00351702
0.15000000	-0.00323911	0.00361875
0.15000000	-0.00325257	0.00365081
0.15000000	-0.00327310	0.00367943
0.15000000	-0.00335699	0.00374270
0.15000000	-0.00352177	0.00380171
0.15000000	-0.00376335	0.00383712
0.15000000	-0.00407526	0.00383862
0.15000000	-0.00445097	0.00379672
0.15000000	-0.00488310	0.00370275
0.15000000	-0.00536385	0.00355085
0.15000000	-0.00588667	0.00334045
0.15000000	-0.00644835	0.00307766
0.15000000	-0.00704929	0.00277363
0.15000000	-0.00768748	0.00243309
0.15000000	-0.00835958	0.00205825
0.15000000	-0.00906220	0.00165154
0.15000000	-0.00979188	0.00121558
0.15000000	-0.01054514	0.00075329
0.15000000	-0.01131845	0.00026773
0.15000000	-0.01210598	-0.00024215
0.15000000	-0.01290490	-0.00077148
0.15000000	-0.01370803	-0.00132336
0.15000000	-0.01450662	-0.00190371
