0.02600000	-0.01947321	-0.01473076
0.02600000	-0.01482683	-0.01181673
0.02600000	-0.01006546	-0.00938146
0.02600000	-0.00555109	-0.00706701
0.02600000	-0.00152161	-0.00468708
0.02600000	0.00174566	-0.00209410
0.02600000	0.00409918	0.00057783
0.02600000	0.00549861	0.00307507
0.02600000	0.00591429	0.00511740
0.02600000	0.00554530	0.00633269
0.02600000	0.00529302	0.00668124
0.02600000	0.00497845	0.00698544
0.02600000	0.00383243	0.00759251
0.02600000	0.00171533	0.00771792
0.02600000	-0.00108849	0.00693886
0.02600000	-0.00424520	0.00516606
0.02600000	-0.00748167	0.00242342
0.02600000	-0.01062244	-0.00115264
0.02600000	-0.01364389	-0.00533504
0.02600000	-0.01663821	-0.00987838
0.03290857	-0.02233957	-0.01318237
0.03290857	-0.01733573	-0.01057692
0.03290857	-0.01238161	-0.00820210
0.03290857	-0.00774851	-0.00580991
0.03290857	-0.00358037	-0.00340647
0.03290857	-0.00005243	-0.00096469
0.03290857	0.00277254	0.00136897
0.03290857	0.00480462	0.00350207
0.03290857	0.00591368	0.00534489
0.03290857	0.00603389	0.00663818
0.03290857	0.00585048	0.00703825
0.03290857	0.00552208	0.00735049
0.03290857	0.00425356	0.00780235
0.03290857	0.00203802	0.00783115
0.03290857	-0.00091790	0.00716966
0.03290857	-0.00436471	0.00565157
0.03290857	-0.00803564	0.00320511
0.03290857	-0.01166195	-0.00015945
0.03290857	-0.01516634	-0.00422163
0.03290857	-0.01876301	-0.00858580
0.03981714	-0.02516825	-0.01236965
0.03981714	-0.01977885	-0.00975825
0.03981714	-0.01452565	-0.00722736
0.03981714	-0.00958196	-0.00473473
0.03981714	-0.00511995	-0.00224654
0.03981714	-0.00124971	0.00015824
0.03981714	0.00195814	0.00236173
0.03981714	0.00444274	0.00426598
0.03981714	0.00605004	0.00589511
0.03981714	0.00657773	0.00716291
0.03981714	0.00645198	0.00761049
0.03981714	0.00610224	0.00793562
0.03981714	0.00473713	0.00833246
0.03981714	0.00239903	0.00820161
0.03981714	-0.00067650	0.00730794
0.03981714	-0.00430622	0.00566355
0.03981714	-0.00831129	0.00327226
0.03981714	-0.01243493	0.00005405
0.03981714	-0.01651977	-0.00387852
0.03981714	-0.02084363	-0.00800238
0.04672571	-0.02773635	-0.01173746
0.04672571	-0.02192376	-0.00916720
0.04672571	-0.01632780	-0.00653304
0.04672571	-0.01106313	-0.00392952
0.04672571	-0.00628357	-0.00137406
0.04672571	-0.00209924	0.00104606
0.04672571	0.00139640	0.00324265
0.04672571	0.00416117	0.00508344
0.04672571	0.00609647	0.00655521
0.04672571	0.00699070	0.00771496
0.04672571	0.00694815	0.00819898
0.04672571	0.00657081	0.00852875
0.04672571	0.00510533	0.00884009
0.04672571	0.00265581	0.00853744
0.04672571	-0.00052325	0.00740138
0.04672571	-0.00429577	0.00555334
0.04672571	-0.00855340	0.00309178
0.04672571	-0.01311291	-0.00001072
0.04672571	-0.01781781	-0.00369570
0.04672571	-0.02278172	-0.00756832
0.05363429	-0.02945286	-0.01078670
0.05363429	-0.02334054	-0.00836535
0.05363429	-0.01749371	-0.00577451
0.05363429	-0.01200324	-0.00317916
0.05363429	-0.00699822	-0.00065710
0.05363429	-0.00260875	0.00173343
0.05363429	0.00105156	0.00392985
0.05363429	0.00395136	0.00577044
0.05363429	0.00606019	0.00714152
0.05363429	0.00718554	0.00816833
0.05363429	0.00721770	0.00866041
0.05363429	0.00682486	0.00899362
0.05363429	0.00530334	0.00927126
0.05363429	0.00277934	0.00893417
0.05363429	-0.00049030	0.00773648
0.05363429	-0.00436566	0.00579801
0.05363429	-0.00878473	0.00330511
0.05363429	-0.01362549	0.00031579
0.05363429	-0.01876829	-0.00308387
0.05363429	-0.02411435	-0.00676953
0.06054286	-0.03041876	-0.00944781
0.06054286	-0.02416008	-0.00721273
0.06054286	-0.01817131	-0.00478013
0.06054286	-0.01254666	-0.00232206
0.06054286	-0.00741198	0.00007088
0.06054286	-0.00290567	0.00235460
0.06054286	0.00085132	0.00447605
0.06054286	0.00382676	0.00626449
0.06054286	0.00600750	0.00757175
0.06054286	0.00720697	0.00854013
0.06054286	0.00726760	0.00903240
0.06054286	0.00687827	0.00937749
0.06054286	0.00534694	0.00969314
0.06054286	0.00278704	0.00942839
0.06054286	-0.00055120	0.00831576
0.06054286	-0.00451551	0.00645595
0.06054286	-0.00904638	0.00405535
0.06054286	-0.01403425	0.00119530
0.06054286	-0.01936353	-0.00203172
0.06054286	-0.02488920	-0.00557111
0.06745143	-0.03119317	-0.00803247
0.06745143	-0.02485526	-0.00598262
0.06745143	-0.01878199	-0.00372628
0.06745143	-0.01307288	-0.00143317
0.06745143	-0.00785668	0.00080966
0.06745143	-0.00327339	0.00296219
0.06745143	0.00055420	0.00497488
0.06745143	0.00358871	0.00667753
0.06745143	0.00581258	0.00792201
0.06745143	0.00704303	0.00885654
0.06745143	0.00711757	0.00934795
0.06745143	0.00673716	0.00970455
0.06745143	0.00521237	0.01006562
0.06745143	0.00264012	0.00987726
0.06745143	-0.00073745	0.00886374
0.06745143	-0.00476441	0.00711987
0.06745143	-0.00937507	0.00485117
0.06745143	-0.01445734	0.00213600
0.06745143	-0.01989276	-0.00093628
0.06745143	-0.02553453	-0.00431515
0.07436000	-0.03103946	-0.00636668
0.07436000	-0.02480353	-0.00452871
0.07436000	-0.01882041	-0.00248276
0.07436000	-0.01319163	-0.00039157
0.07436000	-0.00804515	0.00166338
0.07436000	-0.00351858	0.00364665
0.07436000	0.00026706	0.00551290
0.07436000	0.00327129	0.00709637
0.07436000	0.00547282	0.00825371
0.07436000	0.00669682	0.00913448
0.07436000	0.00678142	0.00961212
0.07436000	0.00641914	0.00996948
0.07436000	0.00494083	0.01036063
0.07436000	0.00242662	0.01024309
0.07436000	-0.00089441	0.00934121
0.07436000	-0.00486734	0.00774255
0.07436000	-0.00942297	0.00564655
0.07436000	-0.01445006	0.00312701
0.07436000	-0.01983082	0.00026823
0.07436000	-0.02542089	-0.00288401
0.08126857	-0.03050363	-0.00465549
0.08126857	-0.02445514	-0.00303070
0.08126857	-0.01864520	-0.00119991
0.08126857	-0.01317543	0.00068267
0.08126857	-0.00817102	0.00254166
0.08126857	-0.00376534	0.00434616
0.08126857	-0.00007601	0.00605532
0.08126857	0.00285427	0.00751019
0.08126857	0.00500149	0.00857346
0.08126857	0.00620070	0.00939335
0.08126857	0.00629288	0.00985144
0.08126857	0.00595208	0.01020381
0.08126857	0.00453745	0.01061477
0.08126857	0.00211344	0.01056043
0.08126857	-0.00110595	0.00976974
0.08126857	-0.00496926	0.00832273
0.08126857	-0.00940525	0.00641019
0.08126857	-0.01430512	0.00410074
0.08126857	-0.01955351	0.00147289
0.08126857	-0.02501042	-0.00143250
0.08817714	-0.02969116	-0.00295344
0.08817714	-0.02389209	-0.00153378
0.08817714	-0.01831588	0.00008705
0.08817714	-0.01306275	0.00176439
0.08817714	-0.00825361	0.00342918
0.08817714	-0.00401628	0.00505487
0.08817714	-0.00046369	0.00660503
0.08817714	0.00236017	0.00792874
0.08817714	0.00442934	0.00889611
0.08817714	0.00558957	0.00965210
0.08817714	0.00568679	0.01008679
0.08817714	0.00536938	0.01042979
0.08817714	0.00403001	0.01085173
0.08817714	0.00171870	0.01085226
0.08817714	-0.00136648	0.01016816
0.08817714	-0.00507921	0.00887169
0.08817714	-0.00934757	0.00714354
0.08817714	-0.01406642	0.00504688
0.08817714	-0.01912416	0.00265412
0.08817714	-0.02438655	0.00000135
0.09508571	-0.02858907	-0.00126955
0.09508571	-0.02309731	-0.00004414
0.09508571	-0.01781152	0.00137477
0.09508571	-0.01282898	0.00285299
0.09508571	-0.00826501	0.00432791
0.09508571	-0.00424059	0.00577711
0.09508571	-0.00086285	0.00716847
0.09508571	0.00182391	0.00836047
0.09508571	0.00379255	0.00923151
0.09508571	0.00490046	0.00992134
0.09508571	0.00500032	0.01032909
0.09508571	0.00470788	0.01065844
0.09508571	0.00345409	0.01108228
0.09508571	0.00127624	0.01112822
0.09508571	-0.00164425	0.01054418
0.09508571	-0.00516792	0.00939494
0.09508571	-0.00922347	0.00784956
0.09508571	-0.01371063	0.00596559
0.09508571	-0.01852283	0.00380911
0.09508571	-0.02353292	0.00141164
0.10199429	-0.02741904	0.00032946
0.10199429	-0.02224889	0.00138005
0.10199429	-0.01726824	0.00261536
0.10199429	-0.01257074	0.00391144
0.10199429	-0.00826563	0.00521179
0.10199429	-0.00446675	0.00649765
0.10199429	-0.00127513	0.00774091
0.10199429	0.00126516	0.00880969
0.10199429	0.00312643	0.00959060
0.10199429	0.00417747	0.01021732
0.10199429	0.00427837	0.01059779
0.10199429	0.00401021	0.01091188
0.10199429	0.00284256	0.01133210
0.10199429	0.00080172	0.01141479
0.10199429	-0.00194675	0.01092020
0.10199429	-0.00527084	0.00990638
0.10199429	-0.00910065	0.00853062
0.10199429	-0.01334112	0.00684510
0.10199429	-0.01789118	0.00490985
0.10199429	-0.02263106	0.00275219
0.10890286	-0.02630136	0.00181241
0.10890286	-0.02143960	0.00271155
0.10890286	-0.01675222	0.00378648
0.10890286	-0.01232906	0.00492273
0.10890286	-0.00827344	0.00606927
0.10890286	-0.00469234	0.00721051
0.10890286	-0.00168092	0.00832190
0.10890286	0.00071728	0.00928074
0.10890286	0.00247441	0.00998122
0.10890286	0.00346976	0.01055078
0.10890286	0.00357080	0.01090557
0.10890286	0.00332489	0.01120447
0.10890286	0.00223785	0.01161793
0.10890286	0.00032687	0.01172955
0.10890286	-0.00225682	0.01131192
0.10890286	-0.00538856	0.01041737
0.10890286	-0.00900021	0.00919205
0.10890286	-0.01300181	0.00768328
0.10890286	-0.01729766	0.00594561
0.10890286	-0.02177507	0.00400268
0.11581143	-0.02541685	0.00313751
0.11581143	-0.02081195	0.00391135
0.11581143	-0.01636887	0.00485342
0.11581143	-0.01217425	0.00585718
0.11581143	-0.00832647	0.00687612
0.11581143	-0.00492680	0.00789730
0.11581143	-0.00206553	0.00889918
0.11581143	0.00021420	0.00976689
0.11581143	0.00188450	0.01040067
0.11581143	0.00283347	0.01092270
0.11581143	0.00293469	0.01125611
0.11581143	0.00270740	0.01154243
0.11581143	0.00168747	0.01195033
0.11581143	-0.00011546	0.01208580
0.11581143	-0.00256197	0.01173166
0.11581143	-0.00553355	0.01093591
0.11581143	-0.00896355	0.00983534
0.11581143	-0.01276624	0.00847316
0.11581143	-0.01685039	0.00689941
0.11581143	-0.02110922	0.00513466
0.12272000	-0.02495540	0.00428931
0.12272000	-0.02051458	0.00496778
0.12272000	-0.01622692	0.00581000
0.12272000	-0.01217728	0.00671474
0.12272000	-0.00846097	0.00763871
0.12272000	-0.00517560	0.00857105
0.12272000	-0.00240836	0.00949255
0.12272000	-0.00020266	0.01029391
0.12272000	0.00141341	0.01087907
0.12272000	0.00233416	0.01136698
0.12272000	0.00243692	0.01168608
0.12272000	0.00222273	0.01196505
0.12272000	0.00124754	0.01237251
0.12272000	-0.00048503	0.01252866
0.12272000	-0.00284375	0.01222278
0.12272000	-0.00571412	0.01150037
0.12272000	-0.00903000	0.01049158
0.12272000	-0.01270829	0.00923668
0.12272000	-0.01666049	0.00778247
0.12272000	-0.02078356	0.00614710
0.12804206	-0.02501044	0.00501028
0.12804206	-0.02060806	0.00563392
0.12804206	-0.01635536	0.00642078
0.12804206	-0.01233749	0.00727179
0.12804206	-0.00864924	0.00814525
0.12804206	-0.00538734	0.00903153
0.12804206	-0.00263834	0.00991275
0.12804206	-0.00044657	0.01068172
0.12804206	0.00115929	0.01124310
0.12804206	0.00207606	0.01171564
0.12804206	0.00218159	0.01203024
0.12804206	0.00197292	0.01230891
0.12804206	0.00101231	0.01272323
0.12804206	-0.00070088	0.01289660
0.12804206	-0.00303883	0.01261909
0.12804206	-0.00588781	0.01193537
0.12804206	-0.00918092	0.01097321
0.12804206	-0.01283548	0.00977150
0.12804206	-0.01676336	0.00837559
0.12804206	-0.02086241	0.00680236
0.13315960	-0.02537080	0.00564798
0.13315960	-0.02093595	0.00623499
0.13315960	-0.01665019	0.00698746
0.13315960	-0.01260001	0.00780627
0.13315960	-0.00888115	0.00865027
0.13315960	-0.00559101	0.00951084
0.13315960	-0.00281686	0.01037098
0.13315960	-0.00060446	0.01112372
0.13315960	0.00101652	0.01167314
0.13315960	0.00194352	0.01213950
0.13315960	0.00205308	0.01245489
0.13315960	0.00184601	0.01273739
0.13315960	0.00088351	0.01316345
0.13315960	-0.00083855	0.01335370
0.13315960	-0.00319336	0.01309593
0.13315960	-0.00606621	0.01243481
0.13315960	-0.00938855	0.01149788
0.13315960	-0.01307685	0.01032343
0.13315960	-0.01704200	0.00895623
0.13315960	-0.02118101	0.00741214
0.13787596	-0.02578127	0.00582595
0.13787596	-0.02130372	0.00639976
0.13787596	-0.01697504	0.00713810
0.13787596	-0.01288345	0.00794322
0.13787596	-0.00912591	0.00877477
0.13787596	-0.00580072	0.00962448
0.13787596	-0.00299589	0.01047553
0.13787596	-0.00075810	0.01122009
0.13787596	0.00088141	0.01176368
0.13787596	0.00182048	0.01222740
0.13787596	0.00193402	0.01254446
0.13787596	0.00172558	0.01282977
0.13787596	0.00075479	0.01326066
0.13787596	-0.00098232	0.01345765
0.13787596	-0.00335963	0.01320893
0.13787596	-0.00626187	0.01255724
0.13787596	-0.00961937	0.01163048
0.13787596	-0.01334765	0.01046679
0.13787596	-0.01735651	0.00911060
0.13787596	-0.02154210	0.00757784
0.14200987	-0.02543041	0.00553519
0.14200987	-0.02106640	0.00608086
0.14200987	-0.01684701	0.00678754
0.14200987	-0.01285852	0.00756039
0.14200987	-0.00919549	0.00836039
0.14200987	-0.00595366	0.00917937
0.14200987	-0.00321850	0.01000016
0.14200987	-0.00103474	0.01071466
0.14200987	0.00056496	0.01123694
0.14200987	0.00148115	0.01168601
0.14200987	0.00159206	0.01199469
0.14200987	0.00138855	0.01227212
0.14200987	0.00044291	0.01269132
0.14200987	-0.00124830	0.01288757
0.14200987	-0.00356447	0.01265626
0.14200987	-0.00639287	0.01203156
0.14200987	-0.00966535	0.01113978
0.14200987	-0.01329964	0.01001843
0.14200987	-0.01720767	0.00871020
0.14200987	-0.02128828	0.00723039
0.14540249	-0.02365596	0.00523512
0.14540249	-0.01970596	0.00572262
0.14540249	-0.01588552	0.00635262
0.14540249	-0.01227382	0.00704313
0.14540249	-0.00895696	0.00776036
0.14540249	-0.00602152	0.00849652
0.14540249	-0.00354446	0.00923454
0.14540249	-0.00156485	0.00987168
0.14540249	-0.00011505	0.01033842
0.14540249	0.00071413	0.01074461
0.14540249	0.00081231	0.01102461
0.14540249	0.00062684	0.01127472
0.14540249	-0.00022897	0.01165369
0.14540249	-0.00175847	0.01183726
0.14540249	-0.00385516	0.01164061
0.14540249	-0.00641572	0.01108315
0.14540249	-0.00937805	0.01028242
0.14540249	-0.01266772	0.00927332
0.14540249	-0.01620486	0.00809413
0.14540249	-0.01989839	0.00676038
0.14792343	-0.02075607	0.00512940
0.14792343	-0.01745254	0.00552235
0.14792343	-0.01425968	0.00604462
0.14792343	-0.01124202	0.00662101
0.14792343	-0.00847090	0.00722072
0.14792343	-0.00601862	0.00783689
0.14792343	-0.00394910	0.00845368
0.14792343	-0.00229358	0.00898115
0.14792343	-0.00108145	0.00936852
0.14792343	-0.00038959	0.00970936
0.14792343	-0.00031035	0.00994411
0.14792343	-0.00046657	0.01015198
0.14792343	-0.00118117	0.01046810
0.14792343	-0.00245737	0.01062658
0.14792343	-0.00420850	0.01047320
0.14792343	-0.00634716	0.01001400
0.14792343	-0.00882102	0.00934977
0.14792343	-0.01156806	0.00851087
0.14792343	-0.01452149	0.00752917
0.14792343	-0.01760479	0.00641559
0.15000000	-0.01723281	0.00516433
0.15000000	-0.01471102	0.00541973
0.15000000	-0.01228275	0.00581087
0.15000000	-0.00999045	0.00625422
0.15000000	-0.00788578	0.00671587
0.15000000	-0.00602367	0.00719020
0.15000000	-0.00445232	0.00766373
0.15000000	-0.00319439	0.00806522
0.15000000	-0.00227366	0.00836095
0.15000000	-0.00174938	0.00862276
0.15000000	-0.00169142	0.00880188
0.15000000	-0.00181101	0.00895891
0.15000000	-0.00235318	0.00919906
0.15000000	-0.00332086	0.00932483
0.15000000	-0.00465045	0.00921980
0.15000000	-0.00627514	0.00888115
0.15000000	-0.00815467	0.00838675
0.15000000	-0.01024203	0.00776052
0.15000000	-0.01248634	0.00702619
0.15000000	-0.01482700	0.00618209
