1	0.015331071	0.019004193	0.026000000
2	0.013523704	0.016929014	0.026000000
3	0.011527683	0.015052658	0.026000000
4	0.009505620	0.013263034	0.026000000
5	0.007500555	0.011535301	0.026000000
6	0.005546668	0.009852486	0.026000000
7	0.003676830	0.008199810	0.026000000
8	0.001925747	0.006562526	0.026000000
9	0.000342516	0.004915952	0.026000000
10	-0.001037315	0.003257633	0.026000000
11	-0.002200420	0.001609584	0.026000000
12	-0.003133699	-0.000004523	0.026000000
13	-0.003837628	-0.001552343	0.026000000
14	-0.004319457	-0.003000020	0.026000000
15	-0.004591346	-0.004313962	0.026000000
16	-0.004656670	-0.005460831	0.026000000
17	-0.004500600	-0.006396189	0.026000000
18	-0.004183422	-0.007068697	0.026000000
19	-0.003848567	-0.007486109	0.026000000
20	-0.003606411	-0.007699431	0.026000000
21	-0.003519460	-0.007763274	0.026000000
22	-0.003428568	-0.007824742	0.026000000
23	-0.003140633	-0.007982338	0.026000000
24	-0.002628679	-0.008168360	0.026000000
25	-0.001881796	-0.008294128	0.026000000
26	-0.000918887	-0.008231192	0.026000000
27	0.000202755	-0.007903643	0.026000000
28	0.001434607	-0.007316587	0.026000000
29	0.002734816	-0.006469422	0.026000000
30	0.004058807	-0.005356818	0.026000000
31	0.005368880	-0.003985603	0.026000000
32	0.006639085	-0.002374411	0.026000000
33	0.007845698	-0.000541448	0.026000000
34	0.008977860	0.001487622	0.026000000
35	0.010027776	0.003688398	0.026000000
36	0.011012478	0.006028000	0.026000000
37	0.011944242	0.008479894	0.026000000
38	0.012855820	0.011013347	0.026000000
39	0.013754188	0.013610097	0.026000000
40	0.014618735	0.016264684	0.026000000
41	0.015331071	0.019004193	0.026000000
1	0.017116133	0.018581268	0.029875000
2	0.015145186	0.016618462	0.029875000
3	0.013053468	0.014810746	0.029875000
4	0.010961906	0.013062865	0.029875000
5	0.008916823	0.011342907	0.029875000
6	0.006951496	0.009635062	0.029875000
7	0.005078035	0.007949802	0.029875000
8	0.003311527	0.006294489	0.029875000
9	0.001695446	0.004648455	0.029875000
10	0.000257753	0.003011449	0.029875000
11	-0.001000701	0.001409363	0.029875000
12	-0.002079561	-0.000134105	0.029875000
13	-0.002965903	-0.001605097	0.029875000
14	-0.003653783	-0.002984092	0.029875000
15	-0.004139891	-0.004249009	0.029875000
16	-0.004420417	-0.005375212	0.029875000
17	-0.004482328	-0.006331619	0.029875000
18	-0.004340607	-0.007068770	0.029875000
19	-0.004101856	-0.007553097	0.029875000
20	-0.003889986	-0.007799853	0.029875000
21	-0.003807138	-0.007870552	0.029875000
22	-0.003716996	-0.007936734	0.029875000
23	-0.003420313	-0.008090474	0.029875000
24	-0.002882613	-0.008227483	0.029875000
25	-0.002111624	-0.008270866	0.029875000
26	-0.001134594	-0.008146224	0.029875000
27	0.000010970	-0.007817202	0.029875000
28	0.001289230	-0.007267743	0.029875000
29	0.002663146	-0.006483230	0.029875000
30	0.004091653	-0.005449918	0.029875000
31	0.005528515	-0.004156724	0.029875000
32	0.006940764	-0.002613953	0.029875000
33	0.008307190	-0.000842965	0.029875000
34	0.009596004	0.001143998	0.029875000
35	0.010783053	0.003327598	0.029875000
36	0.011893258	0.005664856	0.029875000
37	0.012967841	0.008113103	0.029875000
38	0.014027599	0.010644609	0.029875000
39	0.015101667	0.013230541	0.029875000
40	0.016171419	0.015864854	0.029875000
41	0.017116133	0.018581268	0.029875000
1	0.018785428	0.018417042	0.033750000
2	0.016692233	0.016485170	0.033750000
3	0.014519150	0.014673003	0.033750000
4	0.012363307	0.012901054	0.033750000
5	0.010264335	0.011145504	0.033750000
6	0.008243238	0.009406116	0.033750000
7	0.006314891	0.007690888	0.033750000
8	0.004499508	0.006002187	0.033750000
9	0.002824537	0.004335841	0.033750000
10	0.001307994	0.002698840	0.033750000
11	-0.000048590	0.001113365	0.033750000
12	-0.001246338	-0.000398553	0.033750000
13	-0.002279869	-0.001822079	0.033750000
14	-0.003138279	-0.003146822	0.033750000
15	-0.003807227	-0.004363119	0.033750000
16	-0.004271338	-0.005457769	0.033750000
17	-0.004512080	-0.006409913	0.033750000
18	-0.004523323	-0.007178686	0.033750000
19	-0.004365157	-0.007707517	0.033750000
20	-0.004175684	-0.007981127	0.033750000
21	-0.004095272	-0.008058395	0.033750000
22	-0.004004706	-0.008128869	0.033750000
23	-0.003698752	-0.008283242	0.033750000
24	-0.003142250	-0.008403110	0.033750000
25	-0.002349658	-0.008407634	0.033750000
26	-0.001351930	-0.008242939	0.033750000
27	-0.000182531	-0.007883139	0.033750000
28	0.001124726	-0.007307991	0.033750000
29	0.002536440	-0.006505163	0.033750000
30	0.004018872	-0.005466983	0.033750000
31	0.005537134	-0.004189161	0.033750000
32	0.007059492	-0.002675446	0.033750000
33	0.008555063	-0.000933435	0.033750000
34	0.009986786	0.001031035	0.033750000
35	0.011322854	0.003204110	0.033750000
36	0.012576912	0.005545081	0.033750000
37	0.013804494	0.007999433	0.033750000
38	0.015050511	0.010525280	0.033750000
39	0.016330994	0.013097141	0.033750000
40	0.017616486	0.015714158	0.033750000
41	0.018785428	0.018417042	0.033750000
1	0.020407325	0.018475442	0.037625000
2	0.018195181	0.016533059	0.037625000
3	0.015938837	0.014674203	0.037625000
4	0.013713289	0.012840116	0.037625000
5	0.011548785	0.011019569	0.037625000
6	0.009453383	0.009228770	0.037625000
7	0.007445445	0.007472179	0.037625000
8	0.005557404	0.005738997	0.037625000
9	0.003810099	0.004032349	0.037625000
10	0.002202671	0.002377701	0.037625000
11	0.000744523	0.000788105	0.037625000
12	-0.000561924	-0.000718280	0.037625000
13	-0.001719009	-0.002121305	0.037625000
14	-0.002716435	-0.003412966	0.037625000
15	-0.003535686	-0.004591295	0.037625000
16	-0.004154914	-0.005653297	0.037625000
17	-0.004550675	-0.006588704	0.037625000
18	-0.004705497	-0.007368641	0.037625000
19	-0.004628267	-0.007932348	0.037625000
20	-0.004460572	-0.008232543	0.037625000
21	-0.004381704	-0.008316557	0.037625000
22	-0.004289649	-0.008390909	0.037625000
23	-0.003972367	-0.008546338	0.037625000
24	-0.003395766	-0.008656113	0.037625000
25	-0.002578632	-0.008632347	0.037625000
26	-0.001556388	-0.008425292	0.037625000
27	-0.000365295	-0.008008376	0.037625000
28	0.000959733	-0.007364648	0.037625000
29	0.002388998	-0.006490837	0.037625000
30	0.003899973	-0.005394250	0.037625000
31	0.005475505	-0.004087150	0.037625000
32	0.007085378	-0.002566592	0.037625000
33	0.008689102	-0.000823981	0.037625000
34	0.010253440	0.001135605	0.037625000
35	0.011749292	0.003300325	0.037625000
36	0.013162618	0.005646440	0.037625000
37	0.014556695	0.008109780	0.037625000
38	0.016010883	0.010624240	0.037625000
39	0.017511482	0.013178503	0.037625000
40	0.019015847	0.015780178	0.037625000
41	0.020407325	0.018475442	0.037625000
1	0.021988062	0.018633683	0.041500000
2	0.019641603	0.016679750	0.041500000
3	0.017287162	0.014771071	0.041500000
4	0.014976443	0.012873203	0.041500000
5	0.012730912	0.010986657	0.041500000
6	0.010554321	0.009133943	0.041500000
7	0.008461802	0.007324151	0.041500000
8	0.006489462	0.005542763	0.041500000
9	0.004660947	0.003789998	0.041500000
10	0.002961583	0.002106190	0.041500000
11	0.001407263	0.000497465	0.041500000
12	0.000004083	-0.001021386	0.041500000
13	-0.001252843	-0.002427416	0.041500000
14	-0.002356698	-0.003710286	0.041500000
15	-0.003290967	-0.004868923	0.041500000
16	-0.004033466	-0.005905511	0.041500000
17	-0.004559575	-0.006818459	0.041500000
18	-0.004846467	-0.007592164	0.041500000
19	-0.004862643	-0.008180863	0.041500000
20	-0.004724795	-0.008509051	0.041500000
21	-0.004647123	-0.008599771	0.041500000
22	-0.004552890	-0.008677480	0.041500000
23	-0.004222066	-0.008830697	0.041500000
24	-0.003622879	-0.008920716	0.041500000
25	-0.002781067	-0.008858733	0.041500000
26	-0.001736097	-0.008598193	0.041500000
27	-0.000526997	-0.008112380	0.041500000
28	0.000810475	-0.007387799	0.041500000
29	0.002250264	-0.006428911	0.041500000
30	0.003780358	-0.005255989	0.041500000
31	0.005399491	-0.003896785	0.041500000
32	0.007077017	-0.002342775	0.041500000
33	0.008771708	-0.000579622	0.041500000
34	0.010458003	0.001385266	0.041500000
35	0.012114067	0.003539408	0.041500000
36	0.013701285	0.005879873	0.041500000
37	0.015285048	0.008336065	0.041500000
38	0.016953704	0.010828020	0.041500000
39	0.018669508	0.013359707	0.041500000
40	0.020382792	0.015945533	0.041500000
41	0.021988062	0.018633683	0.041500000
1	0.023440129	0.018777777	0.045375000
2	0.020956786	0.016826113	0.045375000
3	0.018500989	0.014880119	0.045375000
4	0.016101146	0.012931654	0.045375000
5	0.013770721	0.010991971	0.045375000
6	0.011513125	0.009085195	0.045375000
7	0.009340916	0.007224396	0.045375000
8	0.007286468	0.005399742	0.045375000
9	0.005375118	0.003609692	0.045375000
10	0.003591071	0.001896672	0.045375000
11	0.001952683	0.000264418	0.045375000
12	0.000468937	-0.001274680	0.045375000
13	-0.000863251	-0.002698420	0.045375000
14	-0.002042522	-0.003991062	0.045375000
15	-0.003059096	-0.005146344	0.045375000
16	-0.003894356	-0.006166438	0.045375000
17	-0.004524941	-0.007055157	0.045375000
18	-0.004925197	-0.007809247	0.045375000
19	-0.005043504	-0.008406849	0.045375000
20	-0.004945414	-0.008760118	0.045375000
21	-0.004869282	-0.008857210	0.045375000
22	-0.004772829	-0.008937905	0.045375000
23	-0.004428341	-0.009086652	0.045375000
24	-0.003807850	-0.009153098	0.045375000
25	-0.002944135	-0.009053010	0.045375000
26	-0.001878936	-0.008743196	0.045375000
27	-0.000653135	-0.008196434	0.045375000
28	0.000696703	-0.007400826	0.045375000
29	0.002146877	-0.006365368	0.045375000
30	0.003693285	-0.005119332	0.045375000
31	0.005345136	-0.003700434	0.045375000
32	0.007073183	-0.002099664	0.045375000
33	0.008843540	-0.000307456	0.045375000
34	0.010637386	0.001666438	0.045375000
35	0.012438669	0.003808703	0.045375000
36	0.014202221	0.006127198	0.045375000
37	0.015984533	0.008553106	0.045375000
38	0.017849168	0.011015794	0.045375000
39	0.019752253	0.013525689	0.045375000
40	0.021645536	0.016098457	0.045375000
41	0.023440129	0.018777777	0.045375000
1	0.024669661	0.018784001	0.049250000
2	0.022063403	0.016854623	0.049250000
3	0.019515097	0.014894497	0.049250000
4	0.017032934	0.012920156	0.049250000
5	0.014623957	0.010951744	0.049250000
6	0.012292915	0.009012876	0.049250000
7	0.010052117	0.007117797	0.049250000
8	0.007926830	0.005265238	0.049250000
9	0.005939451	0.003457049	0.049250000
10	0.004084059	0.001725731	0.049250000
11	0.002377939	0.000076538	0.049250000
12	0.000831888	-0.001479451	0.049250000
13	-0.000552782	-0.002923386	0.049250000
14	-0.001780679	-0.004233115	0.049250000
15	-0.002851584	-0.005393406	0.049250000
16	-0.003752240	-0.006402870	0.049250000
17	-0.004461015	-0.007267864	0.049250000
18	-0.004949588	-0.007995452	0.049250000
19	-0.005161935	-0.008584657	0.049250000
20	-0.005106785	-0.008954707	0.049250000
21	-0.005032671	-0.009057218	0.049250000
22	-0.004934561	-0.009140483	0.049250000
23	-0.004578887	-0.009284708	0.049250000
24	-0.003941763	-0.009331530	0.049250000
25	-0.003060687	-0.009204497	0.049250000
26	-0.001977437	-0.008863447	0.049250000
27	-0.000733661	-0.008279507	0.049250000
28	0.000632821	-0.007439571	0.049250000
29	0.002098325	-0.006353408	0.049250000
30	0.003662566	-0.005054816	0.049250000
31	0.005338840	-0.003585337	0.049250000
32	0.007104610	-0.001943038	0.049250000
33	0.008935876	-0.000127172	0.049250000
34	0.010818136	0.001850916	0.049250000
35	0.012738353	0.003977576	0.049250000
36	0.014662331	0.006256263	0.049250000
37	0.016621502	0.008634810	0.049250000
38	0.018643092	0.011066141	0.049250000
39	0.020690639	0.013556679	0.049250000
40	0.022722841	0.016117957	0.049250000
41	0.024669661	0.018784001	0.049250000
1	0.025628377	0.018572664	0.053125000
2	0.022926055	0.016682872	0.053125000
3	0.020302176	0.014735109	0.053125000
4	0.017751028	0.012764533	0.053125000
5	0.015275663	0.010797253	0.053125000
6	0.012882992	0.008855117	0.053125000
7	0.010586080	0.006952133	0.053125000
8	0.008403644	0.005095009	0.053125000
9	0.006353275	0.003291170	0.053125000
10	0.004441881	0.001559293	0.053125000
11	0.002684500	-0.000092503	0.053125000
12	0.001092859	-0.001653619	0.053125000
13	-0.000326949	-0.003109180	0.053125000
14	-0.001584469	-0.004431424	0.053125000
15	-0.002688914	-0.005595793	0.053125000
16	-0.003632240	-0.006596261	0.053125000
17	-0.004393950	-0.007440038	0.053125000
18	-0.004943015	-0.008141808	0.053125000
19	-0.005224784	-0.008713797	0.053125000
20	-0.005204915	-0.009091606	0.053125000
21	-0.005133013	-0.009198094	0.053125000
22	-0.005034216	-0.009283521	0.053125000
23	-0.004671758	-0.009425991	0.053125000
24	-0.004024136	-0.009463554	0.053125000
25	-0.003130516	-0.009327388	0.053125000
26	-0.002031175	-0.008979295	0.053125000
27	-0.000767606	-0.008387912	0.053125000
28	0.000620890	-0.007536870	0.053125000
29	0.002108634	-0.006433790	0.053125000
30	0.003695160	-0.005113264	0.053125000
31	0.005393443	-0.003617082	0.053125000
32	0.007189913	-0.001953451	0.053125000
33	0.009068762	-0.000129573	0.053125000
34	0.011017897	0.001842019	0.053125000
35	0.013025650	0.003947405	0.053125000
36	0.015073290	0.006178326	0.053125000
37	0.017163556	0.008506324	0.053125000
38	0.019295069	0.010906959	0.053125000
39	0.021441886	0.013378147	0.053125000
40	0.023570595	0.015925285	0.053125000
41	0.025628377	0.018572664	0.053125000
1	0.026354089	0.018153916	0.057000000
2	0.023586583	0.016310764	0.057000000
3	0.020905652	0.014396212	0.057000000
4	0.018299865	0.012454427	0.057000000
5	0.015771008	0.010514019	0.057000000
6	0.013328114	0.008594771	0.057000000
7	0.010984534	0.006710752	0.057000000
8	0.008755519	0.004873048	0.057000000
9	0.006656475	0.003091706	0.057000000
10	0.004701602	0.001377200	0.057000000
11	0.002904806	-0.000260779	0.057000000
12	0.001278264	-0.001811784	0.057000000
13	-0.000168802	-0.003263585	0.057000000
14	-0.001448664	-0.004584880	0.057000000
15	-0.002576164	-0.005745140	0.057000000
16	-0.003546348	-0.006735251	0.057000000
17	-0.004339187	-0.007562703	0.057000000
18	-0.004922156	-0.008246242	0.057000000
19	-0.005241621	-0.008804549	0.057000000
20	-0.005242556	-0.009184919	0.057000000
21	-0.005172718	-0.009293959	0.057000000
22	-0.005074329	-0.009381383	0.057000000
23	-0.004709877	-0.009526891	0.057000000
24	-0.004057266	-0.009567704	0.057000000
25	-0.003155248	-0.009439201	0.057000000
26	-0.002042464	-0.009103687	0.057000000
27	-0.000759741	-0.008527663	0.057000000
28	0.000652786	-0.007691667	0.057000000
29	0.002167355	-0.006600589	0.057000000
30	0.003781560	-0.005288119	0.057000000
31	0.005506767	-0.003795668	0.057000000
32	0.007334398	-0.002137443	0.057000000
33	0.009252965	-0.000325173	0.057000000
34	0.011251556	0.001627693	0.057000000
35	0.013319192	0.003706790	0.057000000
36	0.015444096	0.005897670	0.057000000
37	0.017614494	0.008185207	0.057000000
38	0.019815959	0.010556455	0.057000000
39	0.022027936	0.013004367	0.057000000
40	0.024221636	0.015530539	0.057000000
41	0.026354089	0.018153916	0.057000000
1	0.026992300	0.017653541	0.060875000
2	0.024179511	0.015852659	0.060875000
3	0.021452896	0.013977831	0.060875000
4	0.018801385	0.012074150	0.060875000
5	0.016227234	0.010170383	0.060875000
6	0.013740008	0.008286055	0.060875000
7	0.011353389	0.006435037	0.060875000
8	0.009082544	0.004628637	0.060875000
9	0.006943018	0.002876800	0.060875000
10	0.004949786	0.001189153	0.060875000
11	0.003116851	-0.000424637	0.060875000
12	0.001456806	-0.001954467	0.060875000
13	-0.000020750	-0.003388300	0.060875000
14	-0.001327870	-0.004694198	0.060875000
15	-0.002479577	-0.005840619	0.060875000
16	-0.003471129	-0.006818104	0.060875000
17	-0.004282519	-0.007634553	0.060875000
18	-0.004881414	-0.008309529	0.060875000
19	-0.005214209	-0.008863374	0.060875000
20	-0.005222865	-0.009245230	0.060875000
21	-0.005154626	-0.009355938	0.060875000
22	-0.005057242	-0.009445339	0.060875000
23	-0.004693561	-0.009597302	0.060875000
24	-0.004038817	-0.009648968	0.060875000
25	-0.003130749	-0.009535356	0.060875000
26	-0.002007316	-0.009218024	0.060875000
27	-0.000708854	-0.008662465	0.060875000
28	0.000724590	-0.007848125	0.060875000
29	0.002264826	-0.006779105	0.060875000
30	0.003908641	-0.005489019	0.060875000
31	0.005666655	-0.004019627	0.060875000
32	0.007530409	-0.002385566	0.060875000
33	0.009488491	-0.000598764	0.060875000
34	0.011529828	0.001327362	0.060875000
35	0.013643234	0.003378513	0.060875000
36	0.015816892	0.005540147	0.060875000
37	0.018037979	0.007798028	0.060875000
38	0.020291095	0.010140074	0.060875000
39	0.022555768	0.012559268	0.060875000
40	0.024803581	0.015057270	0.060875000
41	0.026992300	0.017653541	0.060875000
1	0.027628922	0.017151654	0.064750000
2	0.024776264	0.015394195	0.064750000
3	0.022008866	0.013560946	0.064750000
4	0.019316370	0.011697370	0.064750000
5	0.016701522	0.009832299	0.064750000
6	0.014174235	0.007985174	0.064750000
7	0.011748462	0.006169687	0.064750000
8	0.009439611	0.004396924	0.064750000
9	0.007263444	0.002676594	0.064750000
10	0.005235141	0.001018105	0.064750000
11	0.003368915	-0.000569088	0.064750000
12	0.001677570	-0.002075064	0.064750000
13	0.000170954	-0.003487925	0.064750000
14	-0.001162441	-0.004775460	0.064750000
15	-0.002337191	-0.005905728	0.064750000
16	-0.003348412	-0.006869284	0.064750000
17	-0.004176187	-0.007674379	0.064750000
18	-0.004788425	-0.008341178	0.064750000
19	-0.005131654	-0.008891039	0.064750000
20	-0.005146590	-0.009273889	0.064750000
21	-0.005079868	-0.009386000	0.064750000
22	-0.004983580	-0.009477182	0.064750000
23	-0.004621217	-0.009635387	0.064750000
24	-0.003965358	-0.009697951	0.064750000
25	-0.003052675	-0.009599193	0.064750000
26	-0.001920506	-0.009299977	0.064750000
27	-0.000608653	-0.008765021	0.064750000
28	0.000843098	-0.007972970	0.064750000
29	0.002406363	-0.006927345	0.064750000
30	0.004077260	-0.005661692	0.064750000
31	0.005865756	-0.004218132	0.064750000
32	0.007763141	-0.002611236	0.064750000
33	0.009757781	-0.000852789	0.064750000
34	0.011838332	0.001043951	0.064750000
35	0.013993341	0.003064822	0.064750000
36	0.016210717	0.005195435	0.064750000
37	0.018477363	0.007421722	0.064750000
38	0.020777635	0.009731823	0.064750000
39	0.023090886	0.012119047	0.064750000
40	0.025388648	0.014585551	0.064750000
41	0.027628922	0.017151654	0.064750000
1	0.028062955	0.016533664	0.068625000
2	0.025192595	0.014828318	0.068625000
3	0.022405966	0.013046099	0.068625000
4	0.019693475	0.011232469	0.068625000
5	0.017058327	0.009416104	0.068625000
6	0.014510706	0.007616216	0.068625000
7	0.012064742	0.005846217	0.068625000
8	0.009735967	0.004116897	0.068625000
9	0.007540247	0.002437671	0.068625000
10	0.005492859	0.000817671	0.068625000
11	0.003608115	-0.000733911	0.068625000
12	0.001898932	-0.002207392	0.068625000
13	0.000375288	-0.003591046	0.068625000
14	-0.000973858	-0.004852502	0.068625000
15	-0.002162447	-0.005959779	0.068625000
16	-0.003185413	-0.006903597	0.068625000
17	-0.004023007	-0.007692536	0.068625000
18	-0.004643570	-0.008347196	0.068625000
19	-0.004994077	-0.008889711	0.068625000
20	-0.005014614	-0.009270929	0.068625000
21	-0.004949767	-0.009383604	0.068625000
22	-0.004855188	-0.009475874	0.068625000
23	-0.004496597	-0.009639048	0.068625000
24	-0.003844172	-0.009711700	0.068625000
25	-0.002933330	-0.009627860	0.068625000
26	-0.001800586	-0.009347982	0.068625000
27	-0.000484989	-0.008836266	0.068625000
28	0.000974162	-0.008070721	0.068625000
29	0.002548453	-0.007054260	0.068625000
30	0.004233358	-0.005820100	0.068625000
31	0.006038182	-0.004410473	0.068625000
32	0.007954069	-0.002839825	0.068625000
33	0.009969252	-0.001119735	0.068625000
34	0.012072216	0.000736777	0.068625000
35	0.014251337	0.002715769	0.068625000
36	0.016494349	0.004803086	0.068625000
37	0.018787994	0.006984909	0.068625000
38	0.021116516	0.009249655	0.068625000
39	0.023459255	0.011590970	0.068625000
40	0.025787915	0.014011426	0.068625000
41	0.028062955	0.016533664	0.068625000
1	0.028177377	0.015738163	0.072500000
2	0.025320869	0.014097313	0.072500000
3	0.022545767	0.012379509	0.072500000
4	0.019843322	0.010629674	0.072500000
5	0.017217136	0.008876021	0.072500000
6	0.014677547	0.007137345	0.072500000
7	0.012238697	0.005426659	0.072500000
8	0.009916073	0.003754375	0.072500000
9	0.007725471	0.002129546	0.072500000
10	0.005682094	0.000560963	0.072500000
11	0.003800194	-0.000942509	0.072500000
12	0.002092653	-0.002371497	0.072500000
13	0.000569453	-0.003714542	0.072500000
14	-0.000779918	-0.004939449	0.072500000
15	-0.001968680	-0.006014544	0.072500000
16	-0.002991647	-0.006930803	0.072500000
17	-0.003829425	-0.007697016	0.072500000
18	-0.004451076	-0.008333959	0.072500000
19	-0.004804568	-0.008864219	0.072500000
20	-0.004830065	-0.009240032	0.072500000
21	-0.004767628	-0.009352083	0.072500000
22	-0.004675607	-0.009444420	0.072500000
23	-0.004324174	-0.009610490	0.072500000
24	-0.003681611	-0.009691590	0.072500000
25	-0.002781854	-0.009622134	0.072500000
26	-0.001660324	-0.009362590	0.072500000
27	-0.000355007	-0.008877058	0.072500000
28	0.001095636	-0.008143221	0.072500000
29	0.002663482	-0.007163456	0.072500000
30	0.004343507	-0.005970384	0.072500000
31	0.006144320	-0.004605878	0.072500000
32	0.008057005	-0.003084114	0.072500000
33	0.010069809	-0.001416365	0.072500000
34	0.012171176	0.000384697	0.072500000
35	0.014349453	0.002305470	0.072500000
36	0.016592339	0.004332165	0.072500000
37	0.018886567	0.006451327	0.072500000
38	0.021216438	0.008651744	0.072500000
39	0.023561500	0.010927426	0.072500000
40	0.025893914	0.013281272	0.072500000
41	0.028177377	0.015738163	0.072500000
1	0.028138046	0.014872165	0.076375000
2	0.025312189	0.013301075	0.076375000
3	0.022565108	0.011653419	0.076375000
4	0.019888865	0.009973362	0.076375000
5	0.017287403	0.008288514	0.076375000
6	0.014771135	0.006617167	0.076375000
7	0.012354124	0.004971890	0.076375000
8	0.010051718	0.003362683	0.076375000
9	0.007879547	0.001798207	0.076375000
10	0.005852651	0.000286883	0.076375000
11	0.003985140	-0.001162781	0.076375000
12	0.002289779	-0.002541760	0.076375000
13	0.000776509	-0.003838924	0.076375000
14	-0.000564598	-0.005022475	0.076375000
15	-0.001746041	-0.006061192	0.076375000
16	-0.002762577	-0.006946324	0.076375000
17	-0.003595278	-0.007686782	0.076375000
18	-0.004214072	-0.008303370	0.076375000
19	-0.004568174	-0.008818967	0.076375000
20	-0.004598185	-0.009187441	0.076375000
21	-0.004538379	-0.009298228	0.076375000
22	-0.004449293	-0.009390062	0.076375000
23	-0.004106638	-0.009557768	0.076375000
24	-0.003477151	-0.009646121	0.076375000
25	-0.002593206	-0.009590307	0.076375000
26	-0.001488998	-0.009351054	0.076375000
27	-0.000201300	-0.008892597	0.076375000
28	0.001232445	-0.008192471	0.076375000
29	0.002784576	-0.007252568	0.076375000
30	0.004449667	-0.006104780	0.076375000
31	0.006235617	-0.004790370	0.076375000
32	0.008133502	-0.003323153	0.076375000
33	0.010131650	-0.001714056	0.076375000
34	0.012218539	0.000024654	0.076375000
35	0.014382559	0.001879774	0.076375000
36	0.016611452	0.003837938	0.076375000
37	0.018892023	0.005886115	0.076375000
38	0.021208717	0.008013512	0.076375000
39	0.023541393	0.010214515	0.076375000
40	0.025862792	0.012492328	0.076375000
41	0.028138046	0.014872165	0.076375000
1	0.028040342	0.013999745	0.080250000
2	0.025253276	0.012499111	0.080250000
3	0.022542280	0.010922524	0.080250000
4	0.019900182	0.009313310	0.080250000
5	0.017331216	0.007698429	0.080250000
6	0.014845825	0.006095641	0.080250000
7	0.012457942	0.004517060	0.080250000
8	0.010182730	0.002972268	0.080250000
9	0.008035609	0.001469528	0.080250000
10	0.006031411	0.000016888	0.080250000
11	0.004184064	-0.001377514	0.080250000
12	0.002506185	-0.002705008	0.080250000
13	0.001007643	-0.003954822	0.080250000
14	-0.000320887	-0.005095665	0.080250000
15	-0.001491204	-0.006096833	0.080250000
16	-0.002498048	-0.006949845	0.080250000
17	-0.003322994	-0.007663689	0.080250000
18	-0.003936886	-0.008259118	0.080250000
19	-0.004290280	-0.008759211	0.080250000
20	-0.004324373	-0.009119529	0.080250000
21	-0.004267220	-0.009228735	0.080250000
22	-0.004181176	-0.009319763	0.080250000
23	-0.003847904	-0.009488351	0.080250000
24	-0.003232846	-0.009583080	0.080250000
25	-0.002366805	-0.009540102	0.080250000
26	-0.001282710	-0.009320538	0.080250000
27	-0.000016068	-0.008888884	0.080250000
28	0.001396767	-0.008222624	0.080250000
29	0.002928663	-0.007323183	0.080250000
30	0.004573836	-0.006221649	0.080250000
31	0.006339495	-0.004958561	0.080250000
32	0.008216736	-0.003547352	0.080250000
33	0.010194004	-0.001998586	0.080250000
34	0.012259847	-0.000324105	0.080250000
35	0.014402737	0.001463308	0.080250000
36	0.016610498	0.003350729	0.080250000
37	0.018870048	0.005325569	0.080250000
38	0.021166025	0.007377459	0.080250000
39	0.023478644	0.009501163	0.080250000
40	0.025781279	0.011700160	0.080250000
41	0.028040342	0.013999745	0.080250000
1	0.027868294	0.013114994	0.084125000
2	0.025129046	0.011685496	0.084125000
3	0.022463064	0.010180934	0.084125000
4	0.019863900	0.008643681	0.084125000
5	0.017336034	0.007099986	0.084125000
6	0.014889887	0.005567048	0.084125000
7	0.012539216	0.004056512	0.084125000
8	0.010298941	0.002577530	0.084125000
9	0.008184225	0.001137968	0.084125000
10	0.006209645	-0.000254508	0.084125000
11	0.004388903	-0.001592133	0.084125000
12	0.002734422	-0.002866607	0.084125000
13	0.001255962	-0.004067526	0.084125000
14	-0.000055217	-0.005164189	0.084125000
15	-0.001210213	-0.006126516	0.084125000
16	-0.002203763	-0.006946321	0.084125000
17	-0.003017985	-0.007632624	0.084125000
18	-0.003624681	-0.008206050	0.084125000
19	-0.003975844	-0.008689755	0.084125000
20	-0.004013486	-0.009041024	0.084125000
21	-0.003959012	-0.009148302	0.084125000
22	-0.003876135	-0.009238192	0.084125000
23	-0.003552937	-0.009406868	0.084125000
24	-0.002953814	-0.009507058	0.084125000
25	-0.002107991	-0.009476080	0.084125000
26	-0.001047092	-0.009275587	0.084125000
27	0.000194698	-0.008870474	0.084125000
28	0.001582181	-0.008238263	0.084125000
29	0.003088822	-0.007379933	0.084125000
30	0.004708522	-0.006325674	0.084125000
31	0.006447824	-0.005115201	0.084125000
32	0.008297887	-0.003761542	0.084125000
33	0.010247312	-0.002274883	0.084125000
34	0.012284762	-0.000666620	0.084125000
35	0.014398829	0.001050903	0.084125000
36	0.016577468	0.002865224	0.084125000
37	0.018807758	0.004764214	0.084125000
38	0.021074581	0.006737939	0.084125000
39	0.023358567	0.008781531	0.084125000
40	0.025633783	0.010898707	0.084125000
41	0.027868294	0.013114994	0.084125000
1	0.027584955	0.012198112	0.088000000
2	0.024905234	0.010841381	0.088000000
3	0.022295796	0.009410855	0.088000000
4	0.019750895	0.007947782	0.088000000
5	0.017275207	0.006477615	0.088000000
6	0.014879073	0.005016935	0.088000000
7	0.012576007	0.003576891	0.088000000
8	0.010380629	0.002166195	0.088000000
9	0.008307772	0.000792303	0.088000000
10	0.006371703	-0.000537509	0.088000000
11	0.004585832	-0.001815860	0.088000000
12	0.002962336	-0.003034831	0.088000000
13	0.001510814	-0.004184409	0.088000000
14	0.000223089	-0.005234586	0.088000000
15	-0.000911220	-0.006156046	0.088000000
16	-0.001886871	-0.006940929	0.088000000
17	-0.002686571	-0.007598242	0.088000000
18	-0.003283157	-0.008148370	0.088000000
19	-0.003630206	-0.008614396	0.088000000
20	-0.003670845	-0.008955402	0.088000000
21	-0.003619132	-0.009060309	0.088000000
22	-0.003539626	-0.009148655	0.088000000
23	-0.003227485	-0.009316467	0.088000000
24	-0.002646338	-0.009421074	0.088000000
25	-0.001823815	-0.009401199	0.088000000
26	-0.000790178	-0.009219196	0.088000000
27	0.000421779	-0.008840524	0.088000000
28	0.001778109	-0.008242877	0.088000000
29	0.003252975	-0.007426825	0.088000000
30	0.004840031	-0.006421574	0.088000000
31	0.006545178	-0.005265857	0.088000000
32	0.008359685	-0.003972262	0.088000000
33	0.010272360	-0.002550572	0.088000000
34	0.012272036	-0.001011714	0.088000000
35	0.014347485	0.000632438	0.088000000
36	0.016486847	0.002369918	0.088000000
37	0.018677425	0.004189082	0.088000000
38	0.020904410	0.006080449	0.088000000
39	0.023148922	0.008039511	0.088000000
40	0.025385810	0.010070180	0.088000000
41	0.027584955	0.012198112	0.088000000
1	0.027204692	0.011260628	0.091875000
2	0.024594454	0.009977314	0.091875000
3	0.022051388	0.008621808	0.091875000
4	0.019570412	0.007234097	0.091875000
5	0.017156358	0.005838758	0.091875000
6	0.014819432	0.004451720	0.091875000
7	0.012572853	0.003083617	0.091875000
8	0.010430879	0.001742712	0.091875000
9	0.008407964	0.000436049	0.091875000
10	0.006518006	-0.000829493	0.091875000
11	0.004774079	-0.002046926	0.091875000
12	0.003188065	-0.003208717	0.091875000
13	0.001769364	-0.004305272	0.091875000
14	0.000510370	-0.005307399	0.091875000
15	-0.000598602	-0.006186632	0.091875000
16	-0.001552366	-0.006935445	0.091875000
17	-0.002334269	-0.007562773	0.091875000
18	-0.002918236	-0.008088666	0.091875000
19	-0.003259554	-0.008536011	0.091875000
20	-0.003302680	-0.008865764	0.091875000
21	-0.003253765	-0.008967921	0.091875000
22	-0.003177769	-0.009054359	0.091875000
23	-0.002877423	-0.009220406	0.091875000
24	-0.002315887	-0.009328362	0.091875000
25	-0.001519194	-0.009318579	0.091875000
26	-0.000516206	-0.009154265	0.091875000
27	0.000661728	-0.008801593	0.091875000
28	0.001981988	-0.008238548	0.091875000
29	0.003419526	-0.007465339	0.091875000
30	0.004967818	-0.006510119	0.091875000
31	0.006632149	-0.005410501	0.091875000
32	0.008403932	-0.004178596	0.091875000
33	0.010272232	-0.002823768	0.091875000
34	0.012226094	-0.001356454	0.091875000
35	0.014254521	0.000211965	0.091875000
36	0.016345890	0.001870041	0.091875000
37	0.018487779	0.003606634	0.091875000
38	0.020665744	0.005412725	0.091875000
39	0.022861459	0.007284158	0.091875000
40	0.025050626	0.009224990	0.091875000
41	0.027204692	0.011260628	0.091875000
1	0.026773108	0.010331351	0.095750000
2	0.024237816	0.009120048	0.095750000
3	0.021766577	0.007838347	0.095750000
4	0.019354929	0.006524919	0.095750000
5	0.017007817	0.005203433	0.095750000
6	0.014735282	0.003889151	0.095750000
7	0.012550209	0.002592197	0.095750000
8	0.010466467	0.001320390	0.095750000
9	0.008498099	0.000080367	0.095750000
10	0.006658606	-0.001121381	0.095750000
11	0.004960697	-0.002278253	0.095750000
12	0.003415933	-0.003383105	0.095750000
13	0.002033495	-0.004426767	0.095750000
14	0.000806338	-0.005380936	0.095750000
15	-0.000274559	-0.006218034	0.095750000
16	-0.001204096	-0.006930862	0.095750000
17	-0.001966272	-0.007528247	0.095750000
18	-0.002536125	-0.008029838	0.095750000
19	-0.002870689	-0.008458241	0.095750000
20	-0.002915894	-0.008776303	0.095750000
21	-0.002869745	-0.008875511	0.095750000
22	-0.002797275	-0.008959834	0.095750000
23	-0.002508973	-0.009123527	0.095750000
24	-0.001967737	-0.009233996	0.095750000
25	-0.001198052	-0.009233333	0.095750000
26	-0.000227387	-0.009085679	0.095750000
27	0.000914348	-0.008758008	0.095750000
28	0.002195881	-0.008228682	0.095750000
29	0.003592998	-0.007497601	0.095750000
30	0.005099063	-0.006591859	0.095750000
31	0.006718780	-0.005547871	0.095750000
32	0.008443723	-0.004377251	0.095750000
33	0.010263239	-0.003088943	0.095750000
34	0.012166620	-0.001692893	0.095750000
35	0.014143126	-0.000199984	0.095750000
36	0.016181402	0.001378854	0.095750000
37	0.018269331	0.003032989	0.095750000
38	0.020392868	0.004753864	0.095750000
39	0.022534266	0.006537657	0.095750000
40	0.024670110	0.008388539	0.095750000
41	0.026773108	0.010331351	0.095750000
1	0.026321822	0.009427025	0.099625000
2	0.023863616	0.008284941	0.099625000
3	0.021466429	0.007074335	0.099625000
4	0.019126364	0.005832553	0.099625000
5	0.016848444	0.004582364	0.099625000
6	0.014642520	0.003338376	0.099625000
7	0.012521130	0.002110216	0.099625000
8	0.010497736	0.000905275	0.099625000
9	0.008585959	-0.000270202	0.099625000
10	0.006798891	-0.001410097	0.099625000
11	0.005148865	-0.002508184	0.099625000
12	0.003647110	-0.003557696	0.099625000
13	0.002302580	-0.004549886	0.099625000
14	0.001108768	-0.005457364	0.099625000
15	0.000057272	-0.006253450	0.099625000
16	-0.000846906	-0.006931259	0.099625000
17	-0.001588419	-0.007499481	0.099625000
18	-0.002143392	-0.007977335	0.099625000
19	-0.002470597	-0.008387088	0.099625000
20	-0.002517498	-0.008693433	0.099625000
21	-0.002474015	-0.008789613	0.099625000
22	-0.002404995	-0.008871718	0.099625000
23	-0.002128623	-0.009032682	0.099625000
24	-0.001607699	-0.009144994	0.099625000
25	-0.000865222	-0.009152522	0.099625000
26	0.000072687	-0.009020379	0.099625000
27	0.001177522	-0.008716384	0.099625000
28	0.002419339	-0.008219323	0.099625000
29	0.003774768	-0.007528829	0.099625000
30	0.005237107	-0.006670950	0.099625000
31	0.006810515	-0.005680877	0.099625000
32	0.008486742	-0.004569732	0.099625000
33	0.010255428	-0.003346045	0.099625000
34	0.012106128	-0.002019284	0.099625000
35	0.014028374	-0.000599843	0.099625000
36	0.016011094	0.000901855	0.099625000
37	0.018042494	0.002475678	0.099625000
38	0.020108936	0.004113511	0.099625000
39	0.022193265	0.005811854	0.099625000
40	0.024272944	0.007574964	0.099625000
41	0.026321822	0.009427025	0.099625000
1	0.025864929	0.008553239	0.103500000
2	0.023484127	0.007476888	0.103500000
3	0.021161433	0.006333921	0.103500000
4	0.018893460	0.005160378	0.103500000
5	0.016685284	0.003978149	0.103500000
6	0.014546547	0.002801208	0.103500000
7	0.012489431	0.001638708	0.103500000
8	0.010526990	0.000497630	0.103500000
9	0.008672421	-0.000616150	0.103500000
10	0.006938403	-0.001696872	0.103500000
11	0.005336893	-0.002738664	0.103500000
12	0.003878783	-0.003735122	0.103500000
13	0.002572794	-0.004677909	0.103500000
14	0.001412925	-0.005540552	0.103500000
15	0.000391357	-0.006297262	0.103500000
16	-0.000487018	-0.006941452	0.103500000
17	-0.001207493	-0.007481663	0.103500000
18	-0.001747246	-0.007936659	0.103500000
19	-0.002066746	-0.008328330	0.103500000
20	-0.002115024	-0.008623144	0.103500000
21	-0.002074087	-0.008716291	0.103500000
22	-0.002008399	-0.008796140	0.103500000
23	-0.001743657	-0.008954131	0.103500000
24	-0.001242686	-0.009067722	0.103500000
25	-0.000527088	-0.009082550	0.103500000
26	0.000378309	-0.008964711	0.103500000
27	0.001446344	-0.008682888	0.103500000
28	0.002648362	-0.008216324	0.103500000
29	0.003961832	-0.007564428	0.103500000
30	0.005380024	-0.006752238	0.103500000
31	0.006906596	-0.005813725	0.103500000
32	0.008533479	-0.004759523	0.103500000
33	0.010250612	-0.003597767	0.103500000
34	0.012047821	-0.002337461	0.103500000
35	0.013914917	-0.000988532	0.103500000
36	0.015841120	0.000439093	0.103500000
37	0.017814963	0.001935759	0.103500000
38	0.019823220	0.003493780	0.103500000
39	0.021849320	0.005109953	0.103500000
40	0.023871584	0.006788606	0.103500000
41	0.025864929	0.008553239	0.103500000
1	0.025422047	0.007723656	0.107375000
2	0.023116601	0.006708620	0.107375000
3	0.020866506	0.005628861	0.107375000
4	0.018668842	0.004519160	0.107375000
5	0.016528716	0.003400558	0.107375000
6	0.014455564	0.002286431	0.107375000
7	0.012461216	0.001185480	0.107375000
8	0.010558327	0.000104305	0.107375000
9	0.008759680	-0.000951566	0.107375000
10	0.007077556	-0.001976704	0.107375000
11	0.005523540	-0.002965573	0.107375000
12	0.004108199	-0.003912108	0.107375000
13	0.002840024	-0.004808365	0.107375000
14	0.001713496	-0.005628777	0.107375000
15	0.000721325	-0.006348404	0.107375000
16	-0.000131714	-0.006960939	0.107375000
17	-0.000831524	-0.007474755	0.107375000
18	-0.001356290	-0.007908162	0.107375000
19	-0.001668106	-0.008282654	0.107375000
20	-0.001717541	-0.008566400	0.107375000
21	-0.001678998	-0.008656604	0.107375000
22	-0.001616461	-0.008734235	0.107375000
23	-0.001362785	-0.008889156	0.107375000
24	-0.000880918	-0.009003557	0.107375000
25	-0.000191168	-0.009024798	0.107375000
26	0.000682846	-0.008919942	0.107375000
27	0.001715233	-0.008658529	0.107375000
28	0.002878562	-0.008220282	0.107375000
29	0.004151121	-0.007604427	0.107375000
30	0.005526187	-0.006835054	0.107375000
31	0.007006957	-0.005944941	0.107375000
32	0.008585540	-0.004944245	0.107375000
33	0.010252168	-0.003840731	0.107375000
34	0.011996935	-0.002642965	0.107375000
35	0.013809929	-0.001360427	0.107375000
36	0.015680658	-0.000002581	0.107375000
37	0.017597976	0.001421372	0.107375000
38	0.019549059	0.002904148	0.107375000
39	0.021517902	0.004442817	0.107375000
40	0.023483648	0.006041757	0.107375000
41	0.025422047	0.007723656	0.107375000
1	0.025025266	0.006958248	0.111250000
2	0.022789592	0.005998995	0.111250000
3	0.020606729	0.004976810	0.111250000
4	0.018474185	0.003925300	0.111250000
5	0.016397097	0.002864720	0.111250000
6	0.014384704	0.001807890	0.111250000
7	0.012448514	0.000763101	0.111250000
8	0.010600810	-0.000263398	0.111250000
9	0.008853993	-0.001266393	0.111250000
10	0.007219973	-0.002240760	0.111250000
11	0.005709995	-0.003181269	0.111250000
12	0.004334320	-0.004082167	0.111250000
13	0.003101236	-0.004935877	0.111250000
14	0.002005670	-0.005717690	0.111250000
15	0.001040805	-0.006403433	0.111250000
16	0.000211296	-0.006987041	0.111250000
17	-0.000469327	-0.007476724	0.111250000
18	-0.000980170	-0.007890366	0.111250000
19	-0.001284829	-0.008249090	0.111250000
20	-0.001335297	-0.008522641	0.111250000
21	-0.001298948	-0.008610127	0.111250000
22	-0.001239299	-0.008685703	0.111250000
23	-0.000995781	-0.008837731	0.111250000
24	-0.000531484	-0.008952736	0.111250000
25	0.000134457	-0.008979673	0.111250000
26	0.000979523	-0.008886497	0.111250000
27	0.001978980	-0.008643547	0.111250000
28	0.003106518	-0.008231000	0.111250000
29	0.004341187	-0.007647943	0.111250000
30	0.005676293	-0.006917609	0.111250000
31	0.007114610	-0.006071666	0.111250000
32	0.008648411	-0.005119821	0.111250000
33	0.010268199	-0.004069502	0.111250000
34	0.011964320	-0.002928874	0.111250000
35	0.013727117	-0.001707008	0.111250000
36	0.015546368	-0.000412943	0.111250000
37	0.017411224	0.000944534	0.111250000
38	0.019309236	0.002358505	0.111250000
39	0.021224920	0.003826286	0.111250000
40	0.023138182	0.005352285	0.111250000
41	0.025025266	0.006958248	0.111250000
1	0.024707820	0.006263526	0.115125000
2	0.022532727	0.005353655	0.115125000
3	0.020408227	0.004382382	0.115125000
4	0.018332201	0.003382299	0.115125000
5	0.016309812	0.002372982	0.115125000
6	0.014350131	0.001366765	0.115125000
7	0.012464384	0.000371579	0.115125000
8	0.010664534	-0.000606635	0.115125000
9	0.008962648	-0.001562946	0.115125000
10	0.007370315	-0.002492498	0.115125000
11	0.005898487	-0.003390335	0.115125000
12	0.004557161	-0.004250980	0.115125000
13	0.003354450	-0.005067187	0.115125000
14	0.002285691	-0.005815002	0.115125000
15	0.001344471	-0.006470908	0.115125000
16	0.000535337	-0.007029037	0.115125000
17	-0.000128679	-0.007497461	0.115125000
18	-0.000627490	-0.007893702	0.115125000
19	-0.000925997	-0.008238581	0.115125000
20	-0.000977447	-0.008503220	0.115125000
21	-0.000943056	-0.008588353	0.115125000
22	-0.000885969	-0.008662167	0.115125000
23	-0.000651399	-0.008811807	0.115125000
24	-0.000202492	-0.008927580	0.115125000
25	0.000442663	-0.008959789	0.115125000
26	0.001262512	-0.008877139	0.115125000
27	0.002233325	-0.008650639	0.115125000
28	0.003329768	-0.008260859	0.115125000
29	0.004531554	-0.007706772	0.115125000
30	0.005832019	-0.007010898	0.115125000
31	0.007233560	-0.006203925	0.115125000
32	0.008728581	-0.005295161	0.115125000
33	0.010307824	-0.004291734	0.115125000
34	0.011961847	-0.003201457	0.115125000
35	0.013681218	-0.002033045	0.115125000
36	0.015455945	-0.000795162	0.115125000
37	0.017275436	0.000503773	0.115125000
38	0.019127566	0.001857164	0.115125000
39	0.020997302	0.003262550	0.115125000
40	0.022865211	0.004724384	0.115125000
41	0.024707820	0.006263526	0.115125000
1	0.024500102	0.005643520	0.119000000
2	0.022373093	0.004775440	0.119000000
3	0.020294866	0.003847097	0.119000000
4	0.018263610	0.002890303	0.119000000
5	0.016284517	0.001924098	0.119000000
6	0.014366526	0.000960425	0.119000000
7	0.012520643	0.000006917	0.119000000
8	0.010758572	-0.000930742	0.119000000
9	0.009092118	-0.001847864	0.119000000
10	0.007532618	-0.002739820	0.119000000
11	0.006090787	-0.003601888	0.119000000
12	0.004776418	-0.004428825	0.119000000
13	0.003597496	-0.005213670	0.119000000
14	0.002549723	-0.005933101	0.119000000
15	0.001627025	-0.006564101	0.119000000
16	0.000833852	-0.007100954	0.119000000
17	0.000182827	-0.007551623	0.119000000
18	-0.000306631	-0.007933360	0.119000000
19	-0.000600499	-0.008266775	0.119000000
20	-0.000653032	-0.008524166	0.119000000
21	-0.000620321	-0.008607437	0.119000000
22	-0.000565392	-0.008679898	0.119000000
23	-0.000338213	-0.008827868	0.119000000
24	0.000098155	-0.008944709	0.119000000
25	0.000726503	-0.008981780	0.119000000
26	0.001526071	-0.008908353	0.119000000
27	0.002473960	-0.008695957	0.119000000
28	0.003545634	-0.008325462	0.119000000
29	0.004721349	-0.007795763	0.119000000
30	0.005994465	-0.007128831	0.119000000
31	0.007367041	-0.006354551	0.119000000
32	0.008831572	-0.005481879	0.119000000
33	0.010378985	-0.004517701	0.119000000
34	0.012000008	-0.003469535	0.119000000
35	0.013685378	-0.002345800	0.119000000
36	0.015425282	-0.001154848	0.119000000
37	0.017209329	0.000095209	0.119000000
38	0.019025642	0.001398053	0.119000000
39	0.020859548	0.002751427	0.119000000
40	0.022692136	0.004159854	0.119000000
41	0.024500102	0.005643520	0.119000000
1	0.024436531	0.005254735	0.121860319
2	0.022334812	0.004411657	0.121860319
3	0.020280794	0.003508929	0.121860319
4	0.018272880	0.002577930	0.121860319
5	0.016316305	0.001637387	0.121860319
6	0.014419951	0.000699017	0.121860319
7	0.012594713	-0.000229723	0.121860319
8	0.010852161	-0.001143303	0.121860319
9	0.009203963	-0.002037180	0.121860319
10	0.007661320	-0.002906862	0.121860319
11	0.006234828	-0.003747772	0.121860319
12	0.004934172	-0.004554804	0.121860319
13	0.003767282	-0.005321174	0.121860319
14	0.002730106	-0.006023927	0.121860319
15	0.001816771	-0.006640302	0.121860319
16	0.001031675	-0.007164652	0.121860319
17	0.000387196	-0.007604884	0.121860319
18	-0.000097641	-0.007978113	0.121860319
19	-0.000389450	-0.008304875	0.121860319
20	-0.000443003	-0.008558229	0.121860319
21	-0.000411334	-0.008640536	0.121860319
22	-0.000357671	-0.008712328	0.121860319
23	-0.000134672	-0.008859622	0.121860319
24	0.000294758	-0.008977456	0.121860319
25	0.000913921	-0.009017759	0.121860319
26	0.001702517	-0.008950098	0.121860319
27	0.002638127	-0.008746270	0.121860319
28	0.003696678	-0.008387314	0.121860319
29	0.004858743	-0.007872093	0.121860319
30	0.006117697	-0.007222303	0.121860319
31	0.007475371	-0.006467358	0.121860319
32	0.008924291	-0.005615994	0.121860319
33	0.010455481	-0.004674958	0.121860319
34	0.012059749	-0.003651592	0.121860319
35	0.013727919	-0.002554147	0.121860319
36	0.015450264	-0.001390788	0.121860319
37	0.017216490	-0.000169451	0.121860319
38	0.019014854	0.001103713	0.121860319
39	0.020830872	0.002426571	0.121860319
40	0.022645930	0.003803701	0.121860319
41	0.024436531	0.005254735	0.121860319
1	0.024463126	0.004943600	0.124696235
2	0.022376215	0.004120302	0.124696235
3	0.020336151	0.003237753	0.124696235
4	0.018341554	0.002327011	0.124696235
5	0.016397732	0.001406572	0.124696235
6	0.014513561	0.000487982	0.124696235
7	0.012699879	-0.000421439	0.124696235
8	0.010968179	-0.001316283	0.124696235
9	0.009330051	-0.002192123	0.124696235
10	0.007796617	-0.003044578	0.124696235
11	0.006378404	-0.003869182	0.124696235
12	0.005085038	-0.004660943	0.124696235
13	0.003924434	-0.005413213	0.124696235
14	0.002892765	-0.006103307	0.124696235
15	0.001984316	-0.006708589	0.124696235
16	0.001203445	-0.007223445	0.124696235
17	0.000562350	-0.007655754	0.124696235
18	0.000079767	-0.008022575	0.124696235
19	-0.000211383	-0.008344463	0.124696235
20	-0.000266146	-0.008595100	0.124696235
21	-0.000235326	-0.008676853	0.124696235
22	-0.000182620	-0.008748323	0.124696235
23	0.000037424	-0.008895589	0.124696235
24	0.000462193	-0.009014810	0.124696235
25	0.001075389	-0.009058255	0.124696235
26	0.001857057	-0.008995646	0.124696235
27	0.002785134	-0.008798919	0.124696235
28	0.003835880	-0.008449199	0.124696235
29	0.004990092	-0.007945324	0.124696235
30	0.006241133	-0.007308828	0.124696235
31	0.007590630	-0.006568801	0.124696235
32	0.009031102	-0.005733803	0.124696235
33	0.010553626	-0.004810477	0.124696235
34	0.012149047	-0.003806033	0.124696235
35	0.013808228	-0.002728596	0.124696235
36	0.015521484	-0.001586196	0.124696235
37	0.017278570	-0.000386633	0.124696235
38	0.019067817	0.000864063	0.124696235
39	0.020874868	0.002163857	0.124696235
40	0.022681319	0.003517377	0.124696235
41	0.024463126	0.004943600	0.124696235
1	0.024582639	0.004693402	0.127483553
2	0.022499622	0.003885374	0.127483553
3	0.020462882	0.003018136	0.127483553
4	0.018471235	0.002122610	0.127483553
5	0.016530079	0.001217173	0.127483553
6	0.014648326	0.000313262	0.127483553
7	0.012836810	-0.000581897	0.127483553
8	0.011107010	-0.001462983	0.127483553
9	0.009470495	-0.002325666	0.127483553
10	0.007938367	-0.003165646	0.127483553
11	0.006521142	-0.003978549	0.127483553
12	0.005228437	-0.004759464	0.127483553
13	0.004068191	-0.005501846	0.127483553
14	0.003036768	-0.006183143	0.127483553
15	0.002128572	-0.006780723	0.127483553
16	0.001347941	-0.007288968	0.127483553
17	0.000706968	-0.007715778	0.127483553
18	0.000224213	-0.008078261	0.127483553
19	-0.000067643	-0.008397108	0.127483553
20	-0.000123717	-0.008646388	0.127483553
21	-0.000093545	-0.008728002	0.127483553
22	-0.000041517	-0.008799523	0.127483553
23	0.000176695	-0.008947591	0.127483553
24	0.000599001	-0.009068949	0.127483553
25	0.001209445	-0.009115907	0.127483553
26	0.001988307	-0.009058148	0.127483553
27	0.002913750	-0.008867568	0.127483553
28	0.003962224	-0.008525247	0.127483553
29	0.005114618	-0.008029983	0.127483553
30	0.006364246	-0.007403271	0.127483553
31	0.007712548	-0.006674053	0.127483553
32	0.009152001	-0.005850771	0.127483553
33	0.010673689	-0.004940002	0.127483553
34	0.012268446	-0.003948865	0.127483553
35	0.013927131	-0.002885406	0.127483553
36	0.015640049	-0.001757563	0.127483553
37	0.017396954	-0.000573047	0.127483553
38	0.019186190	0.000662200	0.127483553
39	0.020993447	0.001946235	0.127483553
40	0.022800427	0.003283766	0.127483553
41	0.024582639	0.004693402	0.127483553
1	0.024783996	0.004472969	0.130198492
2	0.022695241	0.003675850	0.130198492
3	0.020652525	0.002819146	0.130198492
4	0.018654788	0.001933877	0.130198492
5	0.016707517	0.001038433	0.130198492
6	0.014819682	0.000144217	0.130198492
7	0.013002161	-0.000741593	0.130198492
8	0.011266468	-0.001613739	0.130198492
9	0.009624207	-0.002467959	0.130198492
10	0.008086512	-0.003300018	0.130198492
11	0.006663934	-0.004105607	0.130198492
12	0.005366129	-0.004879872	0.130198492
13	0.004201088	-0.005616330	0.130198492
14	0.003165325	-0.006292436	0.130198492
15	0.002253332	-0.006885462	0.130198492
16	0.001469459	-0.007389776	0.130198492
17	0.000825757	-0.007813343	0.130198492
18	0.000340722	-0.008173406	0.130198492
19	0.000046972	-0.008490877	0.130198492
20	-0.000010508	-0.008740011	0.130198492
21	0.000019185	-0.008821860	0.130198492
22	0.000070788	-0.008893764	0.130198492
23	0.000288179	-0.009043355	0.130198492
24	0.000710001	-0.009167462	0.130198492
25	0.001320568	-0.009218161	0.130198492
26	0.002100293	-0.009164921	0.130198492
27	0.003027437	-0.008979444	0.130198492
28	0.004078505	-0.008642664	0.130198492
29	0.005234376	-0.008153338	0.130198492
30	0.006488279	-0.007533037	0.130198492
31	0.007841490	-0.006810715	0.130198492
32	0.009286415	-0.005994737	0.130198492
33	0.010814104	-0.005091654	0.130198492
34	0.012415339	-0.004108530	0.130198492
35	0.014080936	-0.003053376	0.130198492
36	0.015801144	-0.001934077	0.130198492
37	0.017565669	-0.000758294	0.130198492
38	0.019362810	0.000468101	0.130198492
39	0.021178224	0.001743263	0.130198492
40	0.022993603	0.003072044	0.130198492
41	0.024783996	0.004472969	0.130198492
1	0.025041745	0.004303292	0.132817889
2	0.022940236	0.003511778	0.132817889
3	0.020884714	0.002660208	0.132817889
4	0.018874231	0.001779787	0.132817889
5	0.016914365	0.000888983	0.132817889
6	0.015014176	-0.000000786	0.132817889
7	0.013184617	-0.000882361	0.132817889
8	0.011437277	-0.001750509	0.132817889
9	0.009783832	-0.002601013	0.132817889
10	0.008235486	-0.003429676	0.132817889
11	0.006802860	-0.004232230	0.132817889
12	0.005495678	-0.005003853	0.132817889
13	0.004322008	-0.005738097	0.132817889
14	0.003278497	-0.006412363	0.132817889
15	0.002359705	-0.007003780	0.132817889
16	0.001570008	-0.007506679	0.132817889
17	0.000921458	-0.007929093	0.132817889
18	0.000432536	-0.008288413	0.132817889
19	0.000135868	-0.008605801	0.132817889
20	0.000076748	-0.008855722	0.132817889
21	0.000106139	-0.008938090	0.132817889
22	0.000157613	-0.009010570	0.132817889
23	0.000375284	-0.009161815	0.132817889
24	0.000798440	-0.009288309	0.132817889
25	0.001411503	-0.009341856	0.132817889
26	0.002194919	-0.009291703	0.132817889
27	0.003126975	-0.009109355	0.132817889
28	0.004184166	-0.008775608	0.132817889
29	0.005347327	-0.008289193	0.132817889
30	0.006609602	-0.007671796	0.132817889
31	0.007972120	-0.006952436	0.132817889
32	0.009427198	-0.006139444	0.132817889
33	0.010965825	-0.005239370	0.132817889
34	0.012578700	-0.004259251	0.132817889
35	0.014256566	-0.003207097	0.132817889
36	0.015989589	-0.002090775	0.132817889
37	0.017767393	-0.000917930	0.132817889
38	0.019578193	0.000305599	0.132817889
39	0.021407567	0.001578038	0.132817889
40	0.023237133	0.002904374	0.132817889
41	0.025041745	0.004303292	0.132817889
1	0.025305246	0.004257521	0.135319397
2	0.023188498	0.003466741	0.135319397
3	0.021117578	0.002615867	0.135319397
4	0.019091740	0.001736106	0.135319397
5	0.017116712	0.000845920	0.135319397
6	0.015201679	-0.000043294	0.135319397
7	0.013357698	-0.000924388	0.135319397
8	0.011596449	-0.001792146	0.135319397
9	0.009929695	-0.002642366	0.135319397
10	0.008368723	-0.003470864	0.135319397
11	0.006924231	-0.004273383	0.135319397
12	0.005606016	-0.005045112	0.135319397
13	0.004422208	-0.005779578	0.135319397
14	0.003369530	-0.006454064	0.135319397
15	0.002442671	-0.007045653	0.135319397
16	0.001646076	-0.007548688	0.135319397
17	0.000991814	-0.007971258	0.135319397
18	0.000498352	-0.008330851	0.135319397
19	0.000198261	-0.008648801	0.135319397
20	0.000137246	-0.008899928	0.135319397
21	0.000166446	-0.008982944	0.135319397
22	0.000218018	-0.009056033	0.135319397
23	0.000436780	-0.009208600	0.135319397
24	0.000862400	-0.009336500	0.135319397
25	0.001479211	-0.009391408	0.135319397
26	0.002267630	-0.009342489	0.135319397
27	0.003205945	-0.009161176	0.135319397
28	0.004270658	-0.008828214	0.135319397
29	0.005442579	-0.008342307	0.135319397
30	0.006714753	-0.007725152	0.135319397
31	0.008088186	-0.007005834	0.135319397
32	0.009555129	-0.006192715	0.135319397
33	0.011106501	-0.005292358	0.135319397
34	0.012732912	-0.004311793	0.135319397
35	0.014425014	-0.003259038	0.135319397
36	0.016172882	-0.002141967	0.135319397
37	0.017966047	-0.000968235	0.135319397
38	0.019792641	0.000256307	0.135319397
39	0.021638172	0.001529877	0.135319397
40	0.023484209	0.002857465	0.135319397
41	0.025305246	0.004257521	0.135319397
1	0.025473964	0.004360967	0.137681674
2	0.023348426	0.003570562	0.137681674
3	0.021268381	0.002720451	0.137681674
4	0.019233317	0.001841636	0.137681674
5	0.017249110	0.000952477	0.137681674
6	0.015325052	0.000064297	0.137681674
7	0.013472273	-0.000815788	0.137681674
8	0.011702517	-0.001682589	0.137681674
9	0.010027594	-0.002531911	0.137681674
10	0.008458836	-0.003359579	0.137681674
11	0.007006980	-0.004161336	0.137681674
12	0.005681869	-0.004932384	0.137681674
13	0.004491612	-0.005666155	0.137681674
14	0.003432919	-0.006339757	0.137681674
15	0.002500723	-0.006930483	0.137681674
16	0.001699597	-0.007432817	0.137681674
17	0.001041626	-0.007854910	0.137681674
18	0.000545213	-0.008214260	0.137681674
19	0.000242782	-0.008532228	0.137681674
20	0.000180333	-0.008783966	0.137681674
21	0.000209406	-0.008867366	0.137681674
22	0.000261084	-0.008940768	0.137681674
23	0.000480675	-0.009093790	0.137681674
24	0.000907877	-0.009221941	0.137681674
25	0.001526890	-0.009277062	0.137681674
26	0.002318157	-0.009228493	0.137681674
27	0.003260069	-0.009047813	0.137681674
28	0.004329241	-0.008715784	0.137681674
29	0.005506494	-0.008230935	0.137681674
30	0.006784672	-0.007614625	0.137681674
31	0.008164700	-0.006896000	0.137681674
32	0.009638859	-0.006083580	0.137681674
33	0.011198019	-0.005183921	0.137681674
34	0.012832732	-0.004204030	0.137681674
35	0.014533578	-0.003151900	0.137681674
36	0.016290580	-0.002035409	0.137681674
37	0.018093214	-0.000862217	0.137681674
38	0.019929572	0.000361801	0.137681674
39	0.021785161	0.001634801	0.137681674
40	0.023641581	0.002961680	0.137681674
41	0.025473964	0.004360967	0.137681674
1	0.025422163	0.004543736	0.139884565
2	0.023306505	0.003760436	0.139884565
3	0.021235909	0.002917865	0.139884565
4	0.019209972	0.002046758	0.139884565
5	0.017234582	0.001165341	0.139884565
6	0.015319024	0.000284819	0.139884565
7	0.013474385	-0.000587755	0.139884565
8	0.011712363	-0.001447249	0.139884565
9	0.010044705	-0.002289489	0.139884565
10	0.008482682	-0.003110324	0.139884565
11	0.007036964	-0.003905505	0.139884565
12	0.005717341	-0.004670268	0.139884565
13	0.004531753	-0.005397878	0.139884565
14	0.003476764	-0.006065245	0.139884565
15	0.002547716	-0.006650303	0.139884565
16	0.001749375	-0.007147898	0.139884565
17	0.001093794	-0.007566249	0.139884565
18	0.000599189	-0.007922705	0.139884565
19	0.000297625	-0.008238381	0.139884565
20	0.000234897	-0.008488661	0.139884565
21	0.000263727	-0.008571657	0.139884565
22	0.000315121	-0.008644671	0.139884565
23	0.000533640	-0.008796725	0.139884565
24	0.000958638	-0.008923951	0.139884565
25	0.001574353	-0.008978767	0.139884565
26	0.002361436	-0.008931003	0.139884565
27	0.003298588	-0.008752652	0.139884565
28	0.004362735	-0.008424587	0.139884565
29	0.005534800	-0.007945000	0.139884565
30	0.006807357	-0.007334484	0.139884565
31	0.008181283	-0.006622130	0.139884565
32	0.009649041	-0.005816717	0.139884565
33	0.011201535	-0.004924738	0.139884565
34	0.012829347	-0.003953133	0.139884565
35	0.014523068	-0.002909785	0.139884565
36	0.016272764	-0.001802524	0.139884565
37	0.018067950	-0.000638946	0.139884565
38	0.019896779	0.000575119	0.139884565
39	0.021744861	0.001837809	0.139884565
40	0.023593925	0.003153997	0.139884565
41	0.025422163	0.004543736	0.139884565
1	0.025062311	0.004706022	0.141909276
2	0.022986073	0.003941140	0.141909276
3	0.020953996	0.003117978	0.141909276
4	0.018965747	0.002266626	0.141909276
5	0.017027105	0.001404994	0.141909276
6	0.015147196	0.000544046	0.141909276
7	0.013336902	-0.000309307	0.141909276
8	0.011607708	-0.001150055	0.141909276
9	0.009971126	-0.001974082	0.141909276
10	0.008438205	-0.002777306	0.141909276
11	0.007019389	-0.003555522	0.141909276
12	0.005724274	-0.004304045	0.141909276
13	0.004560455	-0.005015955	0.141909276
14	0.003524280	-0.005668128	0.141909276
15	0.002611648	-0.006239604	0.141909276
16	0.001827516	-0.006725770	0.141909276
17	0.001183778	-0.007134859	0.141909276
18	0.000698247	-0.007483837	0.141909276
19	0.000402291	-0.007793243	0.141909276
20	0.000340879	-0.008038712	0.141909276
21	0.000369271	-0.008120069	0.141909276
22	0.000419772	-0.008191581	0.141909276
23	0.000634227	-0.008340387	0.141909276
24	0.001051023	-0.008464849	0.141909276
25	0.001654728	-0.008518647	0.141909276
26	0.002426508	-0.008472577	0.141909276
27	0.003345712	-0.008299450	0.141909276
28	0.004389910	-0.007980426	0.141909276
29	0.005540319	-0.007513175	0.141909276
30	0.006789194	-0.006916979	0.141909276
31	0.008137384	-0.006220594	0.141909276
32	0.009577719	-0.005433114	0.141909276
33	0.011101263	-0.004560877	0.141909276
34	0.012698763	-0.003610661	0.141909276
35	0.014360947	-0.002590126	0.141909276
36	0.016078073	-0.001506953	0.141909276
37	0.017839845	-0.000368567	0.141909276
38	0.019634642	0.000819323	0.141909276
39	0.021448378	0.002054882	0.141909276
40	0.023263134	0.003342934	0.141909276
41	0.025062311	0.004706022	0.141909276
1	0.024343251	0.004770799	0.143738534
2	0.022344416	0.004036742	0.143738534
3	0.020387655	0.003247172	0.143738534
4	0.018472940	0.002430568	0.143738534
5	0.016605943	0.001603999	0.143738534
6	0.014795519	0.000777898	0.143738534
7	0.013052171	-0.000041132	0.143738534
8	0.011386975	-0.000848302	0.143738534
9	0.009811001	-0.001639629	0.143738534
10	0.008334877	-0.002411161	0.143738534
11	0.006968632	-0.003158803	0.143738534
12	0.005721493	-0.003878025	0.143738534
13	0.004600510	-0.004561742	0.143738534
14	0.003601828	-0.005187128	0.143738534
15	0.002722037	-0.005734818	0.143738534
16	0.001966240	-0.006200904	0.143738534
17	0.001345993	-0.006593528	0.143738534
18	0.000878409	-0.006928976	0.143738534
19	0.000593667	-0.007226827	0.143738534
20	0.000535178	-0.007463186	0.143738534
21	0.000562764	-0.007541393	0.143738534
22	0.000611565	-0.007610057	0.143738534
23	0.000818197	-0.007752852	0.143738534
24	0.001219338	-0.007872324	0.143738534
25	0.001800223	-0.007924252	0.143738534
26	0.002542908	-0.007880929	0.143738534
27	0.003427781	-0.007716458	0.143738534
28	0.004433449	-0.007412535	0.143738534
29	0.005541702	-0.006966205	0.143738534
30	0.006744514	-0.006394929	0.143738534
31	0.008042676	-0.005726638	0.143738534
32	0.009429573	-0.004970731	0.143738534
33	0.010896579	-0.004133265	0.143738534
34	0.012434773	-0.003220742	0.143738534
35	0.014035185	-0.002240466	0.143738534
36	0.015688447	-0.001199851	0.143738534
37	0.017384655	-0.000106052	0.143738534
38	0.019112660	0.001035380	0.143738534
39	0.020858999	0.002222536	0.143738534
40	0.022606557	0.003459870	0.143738534
41	0.024343251	0.004770799	0.143738534
1	0.023249371	0.004694044	0.145356731
2	0.021368621	0.004003390	0.145356731
3	0.019526643	0.003261869	0.145356731
4	0.017723903	0.002495399	0.145356731
5	0.015965958	0.001719663	0.145356731
6	0.014261263	0.000944257	0.145356731
7	0.012619758	0.000175299	0.145356731
8	0.011051898	-0.000582756	0.145356731
9	0.009568097	-0.001326139	0.145356731
10	0.008178346	-0.002051107	0.145356731
11	0.006892065	-0.002753757	0.145356731
12	0.005717925	-0.003429799	0.145356731
13	0.004662252	-0.004072055	0.145356731
14	0.003721077	-0.004658481	0.145356731
15	0.002891756	-0.005171723	0.145356731
16	0.002179438	-0.005608654	0.145356731
17	0.001595125	-0.005977191	0.145356731
18	0.001154912	-0.006292626	0.145356731
19	0.000887273	-0.006573213	0.145356731
20	0.000833264	-0.006795850	0.145356731
21	0.000859635	-0.006869299	0.145356731
22	0.000905839	-0.006933704	0.145356731
23	0.001100617	-0.007067576	0.145356731
24	0.001478170	-0.007179635	0.145356731
25	0.002024731	-0.007228612	0.145356731
26	0.002723598	-0.007188837	0.145356731
27	0.003556582	-0.007036190	0.145356731
28	0.004503735	-0.006753237	0.145356731
29	0.005547753	-0.006336412	0.145356731
30	0.006680467	-0.005800962	0.145356731
31	0.007902557	-0.005173394	0.145356731
32	0.009208147	-0.004463331	0.145356731
33	0.010589084	-0.003676426	0.145356731
34	0.012036963	-0.002818792	0.145356731
35	0.013543299	-0.001897239	0.145356731
36	0.015099290	-0.000918778	0.145356731
37	0.016695635	0.000109819	0.145356731
38	0.018321904	0.001183215	0.145356731
39	0.019965579	0.002299366	0.145356731
40	0.021610791	0.003462053	0.145356731
41	0.023249371	0.004694044	0.145356731
1	0.021864184	0.004481009	0.146750062
2	0.020132036	0.003846175	0.146750062
3	0.018435406	0.003164766	0.146750062
4	0.016774952	0.002460231	0.146750062
5	0.015155787	0.001747034	0.146750062
6	0.013585714	0.001033980	0.146750062
7	0.012073893	0.000326693	0.146750062
8	0.010629959	-0.000370737	0.146750062
9	0.009263494	-0.001054816	0.146750062
10	0.007983689	-0.001722068	0.146750062
11	0.006799196	-0.002368856	0.146750062
12	0.005717990	-0.002991205	0.146750062
13	0.004745569	-0.003581968	0.146750062
14	0.003877987	-0.004120388	0.146750062
15	0.003113343	-0.004591317	0.146750062
16	0.002456688	-0.004992386	0.146750062
17	0.001918281	-0.005331118	0.146750062
18	0.001512945	-0.005621561	0.146750062
19	0.001266993	-0.005880348	0.146750062
20	0.001218404	-0.006085573	0.146750062
21	0.001243134	-0.006153042	0.146750062
22	0.001285961	-0.006212111	0.146750062
23	0.001465586	-0.006334857	0.146750062
24	0.001813206	-0.006437684	0.146750062
25	0.002316278	-0.006482892	0.146750062
26	0.002959605	-0.006447209	0.146750062
27	0.003726678	-0.006308650	0.146750062
28	0.004599296	-0.006050965	0.146750062
29	0.005561376	-0.005670137	0.146750062
30	0.006604822	-0.005179108	0.146750062
31	0.007730155	-0.004602390	0.146750062
32	0.008932321	-0.003949645	0.146750062
33	0.010203786	-0.003226039	0.146750062
34	0.011536803	-0.002437197	0.146750062
35	0.012923525	-0.001589338	0.146750062
36	0.014355862	-0.000688944	0.146750062
37	0.015825259	0.000257732	0.146750062
38	0.017322145	0.001245735	0.146750062
39	0.018835049	0.002273106	0.146750062
40	0.020349397	0.003343291	0.146750062
41	0.021864184	0.004481009	0.146750062
1	0.020373538	0.004182140	0.147906639
2	0.018799272	0.003612828	0.147906639
3	0.017258948	0.002998011	0.147906639
4	0.015752478	0.002360243	0.147906639
5	0.014283938	0.001713696	0.147906639
6	0.012860149	0.001066842	0.147906639
7	0.011489307	0.000424995	0.147906639
8	0.010180106	-0.000208051	0.147906639
9	0.008941212	-0.000829073	0.147906639
10	0.007780942	-0.001434873	0.147906639
11	0.006707126	-0.002022117	0.147906639
12	0.005726983	-0.002587170	0.147906639
13	0.004845195	-0.003123054	0.147906639
14	0.004057974	-0.003610641	0.147906639
15	0.003364021	-0.004036881	0.147906639
16	0.002768167	-0.004400031	0.147906639
17	0.002279821	-0.004707097	0.147906639
18	0.001912442	-0.004970778	0.147906639
19	0.001689978	-0.005205993	0.147906639
20	0.001647017	-0.005392325	0.147906639
21	0.001669826	-0.005453352	0.147906639
22	0.001708907	-0.005506702	0.147906639
23	0.001872022	-0.005617537	0.147906639
24	0.002187185	-0.005710478	0.147906639
25	0.002643156	-0.005751611	0.147906639
26	0.003226312	-0.005720144	0.147906639
27	0.003921902	-0.005596340	0.147906639
28	0.004713578	-0.005365319	0.147906639
29	0.005586651	-0.005022841	0.147906639
30	0.006533325	-0.004579733	0.147906639
31	0.007553933	-0.004058224	0.147906639
32	0.008644213	-0.003467795	0.147906639
33	0.009797314	-0.002813100	0.147906639
34	0.011006211	-0.002099240	0.147906639
35	0.012263756	-0.001331802	0.147906639
36	0.013562608	-0.000516650	0.147906639
37	0.014894970	0.000340622	0.147906639
38	0.016252071	0.001235712	0.147906639
39	0.017623286	0.002167290	0.147906639
40	0.018994870	0.003139501	0.147906639
41	0.020373538	0.004182140	0.147906639
1	0.018989026	0.003868153	0.148816595
2	0.017560505	0.003364259	0.148816595
3	0.016165780	0.002813389	0.148816595
4	0.014803406	0.002238487	0.148816595
5	0.013476121	0.001654145	0.148816595
6	0.012189642	0.001068859	0.148816595
7	0.010951178	0.000487809	0.148816595
8	0.009768508	-0.000085421	0.148816595
9	0.008649429	-0.000647841	0.148816595
10	0.007601436	-0.001196515	0.148816595
11	0.006631592	-0.001728390	0.148816595
12	0.005746405	-0.002240151	0.148816595
13	0.004949859	-0.002725088	0.148816595
14	0.004238388	-0.003165732	0.148816595
15	0.003611122	-0.003550791	0.148816595
16	0.003072603	-0.003878976	0.148816595
17	0.002631414	-0.004156741	0.148816595
18	0.002299727	-0.004395508	0.148816595
19	0.002099252	-0.004608612	0.148816595
20	0.002061294	-0.004777185	0.148816595
21	0.002082183	-0.004832265	0.148816595
22	0.002117684	-0.004880301	0.148816595
23	0.002265245	-0.004980074	0.148816595
24	0.002549950	-0.005063845	0.148816595
25	0.002961758	-0.005101214	0.148816595
26	0.003488502	-0.005073646	0.148816595
27	0.004117038	-0.004963480	0.148816595
28	0.004832741	-0.004757171	0.148816595
29	0.005622288	-0.004450441	0.148816595
30	0.006478297	-0.004052386	0.148816595
31	0.007400927	-0.003583024	0.148816595
32	0.008386576	-0.003051494	0.148816595
33	0.009429041	-0.002461978	0.148816595
34	0.010521969	-0.001819074	0.148816595
35	0.011658869	-0.001127773	0.148816595
36	0.012833077	-0.000393320	0.148816595
37	0.014037471	0.000379385	0.148816595
38	0.015263931	0.001186818	0.148816595
39	0.016502433	0.002028592	0.148816595
40	0.017739632	0.002910205	0.148816595
41	0.018989026	0.003868153	0.148816595
1	0.017880321	0.003600930	0.149472166
2	0.016569081	0.003150270	0.149472166
3	0.015291679	0.002651162	0.149472166
4	0.014045468	0.002127057	0.149472166
5	0.012832085	0.001592925	0.149472166
6	0.011656339	0.001057311	0.149472166
7	0.010524639	0.000525297	0.149472166
8	0.009444019	0.000000307	0.149472166
9	0.008421577	-0.000514859	0.149472166
10	0.007464146	-0.001017472	0.149472166
11	0.006578168	-0.001504712	0.149472166
12	0.005769582	-0.001973520	0.149472166
13	0.005041849	-0.002417473	0.149472166
14	0.004391621	-0.002820499	0.149472166
15	0.003818299	-0.003172607	0.149472166
16	0.003326147	-0.003472799	0.149472166
17	0.002923063	-0.003727047	0.149472166
18	0.002620185	-0.003945752	0.149472166
19	0.002437402	-0.004140986	0.149472166
20	0.002403349	-0.004295211	0.149472166
21	0.002422666	-0.004345449	0.149472166
22	0.002455239	-0.004389235	0.149472166
23	0.002590212	-0.004480166	0.149472166
24	0.002850355	-0.004556610	0.149472166
25	0.003226571	-0.004590970	0.149472166
26	0.003707852	-0.004566489	0.149472166
27	0.004282321	-0.004467145	0.149472166
28	0.004936726	-0.004280503	0.149472166
29	0.005658867	-0.004002347	0.149472166
30	0.006441777	-0.003640520	0.149472166
31	0.007285478	-0.003213235	0.149472166
32	0.008186851	-0.002729247	0.149472166
33	0.009140217	-0.002192355	0.149472166
34	0.010139761	-0.001606748	0.149472166
35	0.011179521	-0.000976938	0.149472166
36	0.012253375	-0.000307657	0.149472166
37	0.013354731	0.000396766	0.149472166
38	0.014475987	0.001133451	0.149472166
39	0.015607576	0.001902804	0.149472166
40	0.016736451	0.002711454	0.149472166
41	0.017880321	0.003600930	0.149472166
1	0.016921212	0.003362494	0.150000000
2	0.015712727	0.002956513	0.150000000
3	0.014537624	0.002501727	0.150000000
4	0.013392434	0.002021616	0.150000000
5	0.012277983	0.001531191	0.150000000
6	0.011198368	0.001038904	0.150000000
7	0.010159333	0.000549690	0.150000000
8	0.009167278	0.000066814	0.150000000
9	0.008228697	-0.000407102	0.150000000
10	0.007349850	-0.000869515	0.150000000
11	0.006536645	-0.001317809	0.150000000
12	0.005794525	-0.001749151	0.150000000
13	0.005126529	-0.002157417	0.150000000
14	0.004529521	-0.002527778	0.150000000
15	0.004003092	-0.002851301	0.150000000
16	0.003551238	-0.003127196	0.150000000
17	0.003181252	-0.003361000	0.150000000
18	0.002903368	-0.003562225	0.150000000
19	0.002735884	-0.003741869	0.150000000
20	0.002705098	-0.003883603	0.150000000
21	0.002722986	-0.003929687	0.150000000
22	0.002752987	-0.003969807	0.150000000
23	0.002877007	-0.004053116	0.150000000
24	0.003115832	-0.004123236	0.150000000
25	0.003461174	-0.004154968	0.150000000
26	0.003903008	-0.004133064	0.150000000
27	0.004430536	-0.004042906	0.150000000
28	0.005031678	-0.003873029	0.150000000
29	0.005695215	-0.003619339	0.150000000
30	0.006414590	-0.003288683	0.150000000
31	0.007189719	-0.002897702	0.150000000
32	0.008017866	-0.002454742	0.150000000
33	0.008893806	-0.001963271	0.150000000
34	0.009812191	-0.001427121	0.150000000
35	0.010767522	-0.000850392	0.150000000
36	0.011754147	-0.000237378	0.150000000
37	0.012765947	0.000408065	0.150000000
38	0.013795796	0.001083561	0.150000000
39	0.014834597	0.001790069	0.150000000
40	0.015869709	0.002534909	0.150000000
41	0.016921212	0.003362494	0.150000000
