1	2	46	45
2	3	47	46
3	4	48	47
4	5	49	48
5	6	50	49
6	7	51	50
7	8	52	51
8	9	53	52
9	10	54	53
10	11	55	54
11	12	56	55
12	13	57	56
13	14	58	57
14	15	59	58
15	16	60	59
16	17	61	60
17	18	62	61
18	19	63	62
19	20	64	63
20	21	65	64
21	22	66	65
22	23	67	66
23	24	68	67
24	25	69	68
25	26	70	69
26	27	71	70
27	28	72	71
28	29	73	72
29	30	74	73
30	31	75	74
31	32	76	75
32	33	77	76
33	34	78	77
34	35	79	78
35	36	80	79
36	37	81	80
37	38	82	81
38	39	83	82
39	40	84	83
40	41	85	84
41	42	86	85
42	43	87	86
43	44	88	87
44	1	45	88
45	46	90	89
46	47	91	90
47	48	92	91
48	49	93	92
49	50	94	93
50	51	95	94
51	52	96	95
52	53	97	96
53	54	98	97
54	55	99	98
55	56	100	99
56	57	101	100
57	58	102	101
58	59	103	102
59	60	104	103
60	61	105	104
61	62	106	105
62	63	107	106
63	64	108	107
64	65	109	108
65	66	110	109
66	67	111	110
67	68	112	111
68	69	113	112
69	70	114	113
70	71	115	114
71	72	116	115
72	73	117	116
73	74	118	117
74	75	119	118
75	76	120	119
76	77	121	120
77	78	122	121
78	79	123	122
79	80	124	123
80	81	125	124
81	82	126	125
82	83	127	126
83	84	128	127
84	85	129	128
85	86	130	129
86	87	131	130
87	88	132	131
88	45	89	132
89	90	134	133
90	91	135	134
91	92	136	135
92	93	137	136
93	94	138	137
94	95	139	138
95	96	140	139
96	97	141	140
97	98	142	141
98	99	143	142
99	100	144	143
100	101	145	144
101	102	146	145
102	103	147	146
103	104	148	147
104	105	149	148
105	106	150	149
106	107	151	150
107	108	152	151
108	109	153	152
109	110	154	153
110	111	155	154
111	112	156	155
112	113	157	156
113	114	158	157
114	115	159	158
115	116	160	159
116	117	161	160
117	118	162	161
118	119	163	162
119	120	164	163
120	121	165	164
121	122	166	165
122	123	167	166
123	124	168	167
124	125	169	168
125	126	170	169
126	127	171	170
127	128	172	171
128	129	173	172
129	130	174	173
130	131	175	174
131	132	176	175
132	89	133	176
133	134	178	177
134	135	179	178
135	136	180	179
136	137	181	180
137	138	182	181
138	139	183	182
139	140	184	183
140	141	185	184
141	142	186	185
142	143	187	186
143	144	188	187
144	145	189	188
145	146	190	189
146	147	191	190
147	148	192	191
148	149	193	192
149	150	194	193
150	151	195	194
151	152	196	195
152	153	197	196
153	154	198	197
154	155	199	198
155	156	200	199
156	157	201	200
157	158	202	201
158	159	203	202
159	160	204	203
160	161	205	204
161	162	206	205
162	163	207	206
163	164	208	207
164	165	209	208
165	166	210	209
166	167	211	210
167	168	212	211
168	169	213	212
169	170	214	213
170	171	215	214
171	172	216	215
172	173	217	216
173	174	218	217
174	175	219	218
175	176	220	219
176	133	177	220
177	178	222	221
178	179	223	222
179	180	224	223
180	181	225	224
181	182	226	225
182	183	227	226
183	184	228	227
184	185	229	228
185	186	230	229
186	187	231	230
187	188	232	231
188	189	233	232
189	190	234	233
190	191	235	234
191	192	236	235
192	193	237	236
193	194	238	237
194	195	239	238
195	196	240	239
196	197	241	240
197	198	242	241
198	199	243	242
199	200	244	243
200	201	245	244
201	202	246	245
202	203	247	246
203	204	248	247
204	205	249	248
205	206	250	249
206	207	251	250
207	208	252	251
208	209	253	252
209	210	254	253
210	211	255	254
211	212	256	255
212	213	257	256
213	214	258	257
214	215	259	258
215	216	260	259
216	217	261	260
217	218	262	261
218	219	263	262
219	220	264	263
220	177	221	264
221	222	266	265
222	223	267	266
223	224	268	267
224	225	269	268
225	226	270	269
226	227	271	270
227	228	272	271
228	229	273	272
229	230	274	273
230	231	275	274
231	232	276	275
232	233	277	276
233	234	278	277
234	235	279	278
235	236	280	279
236	237	281	280
237	238	282	281
238	239	283	282
239	240	284	283
240	241	285	284
241	242	286	285
242	243	287	286
243	244	288	287
244	245	289	288
245	246	290	289
246	247	291	290
247	248	292	291
248	249	293	292
249	250	294	293
250	251	295	294
251	252	296	295
252	253	297	296
253	254	298	297
254	255	299	298
255	256	300	299
256	257	301	300
257	258	302	301
258	259	303	302
259	260	304	303
260	261	305	304
261	262	306	305
262	263	307	306
263	264	308	307
264	221	265	308
265	266	310	309
266	267	311	310
267	268	312	311
268	269	313	312
269	270	314	313
270	271	315	314
271	272	316	315
272	273	317	316
273	274	318	317
274	275	319	318
275	276	320	319
276	277	321	320
277	278	322	321
278	279	323	322
279	280	324	323
280	281	325	324
281	282	326	325
282	283	327	326
283	284	328	327
284	285	329	328
285	286	330	329
286	287	331	330
287	288	332	331
288	289	333	332
289	290	334	333
290	291	335	334
291	292	336	335
292	293	337	336
293	294	338	337
294	295	339	338
295	296	340	339
296	297	341	340
297	298	342	341
298	299	343	342
299	300	344	343
300	301	345	344
301	302	346	345
302	303	347	346
303	304	348	347
304	305	349	348
305	306	350	349
306	307	351	350
307	308	352	351
308	265	309	352
309	310	354	353
310	311	355	354
311	312	356	355
312	313	357	356
313	314	358	357
314	315	359	358
315	316	360	359
316	317	361	360
317	318	362	361
318	319	363	362
319	320	364	363
320	321	365	364
321	322	366	365
322	323	367	366
323	324	368	367
324	325	369	368
325	326	370	369
326	327	371	370
327	328	372	371
328	329	373	372
329	330	374	373
330	331	375	374
331	332	376	375
332	333	377	376
333	334	378	377
334	335	379	378
335	336	380	379
336	337	381	380
337	338	382	381
338	339	383	382
339	340	384	383
340	341	385	384
341	342	386	385
342	343	387	386
343	344	388	387
344	345	389	388
345	346	390	389
346	347	391	390
347	348	392	391
348	349	393	392
349	350	394	393
350	351	395	394
351	352	396	395
352	309	353	396
353	354	398	397
354	355	399	398
355	356	400	399
356	357	401	400
357	358	402	401
358	359	403	402
359	360	404	403
360	361	405	404
361	362	406	405
362	363	407	406
363	364	408	407
364	365	409	408
365	366	410	409
366	367	411	410
367	368	412	411
368	369	413	412
369	370	414	413
370	371	415	414
371	372	416	415
372	373	417	416
373	374	418	417
374	375	419	418
375	376	420	419
376	377	421	420
377	378	422	421
378	379	423	422
379	380	424	423
380	381	425	424
381	382	426	425
382	383	427	426
383	384	428	427
384	385	429	428
385	386	430	429
386	387	431	430
387	388	432	431
388	389	433	432
389	390	434	433
390	391	435	434
391	392	436	435
392	393	437	436
393	394	438	437
394	395	439	438
395	396	440	439
396	353	397	440
397	398	442	441
398	399	443	442
399	400	444	443
400	401	445	444
401	402	446	445
402	403	447	446
403	404	448	447
404	405	449	448
405	406	450	449
406	407	451	450
407	408	452	451
408	409	453	452
409	410	454	453
410	411	455	454
411	412	456	455
412	413	457	456
413	414	458	457
414	415	459	458
415	416	460	459
416	417	461	460
417	418	462	461
418	419	463	462
419	420	464	463
420	421	465	464
421	422	466	465
422	423	467	466
423	424	468	467
424	425	469	468
425	426	470	469
426	427	471	470
427	428	472	471
428	429	473	472
429	430	474	473
430	431	475	474
431	432	476	475
432	433	477	476
433	434	478	477
434	435	479	478
435	436	480	479
436	437	481	480
437	438	482	481
438	439	483	482
439	440	484	483
440	397	441	484
441	442	486	485
442	443	487	486
443	444	488	487
444	445	489	488
445	446	490	489
446	447	491	490
447	448	492	491
448	449	493	492
449	450	494	493
450	451	495	494
451	452	496	495
452	453	497	496
453	454	498	497
454	455	499	498
455	456	500	499
456	457	501	500
457	458	502	501
458	459	503	502
459	460	504	503
460	461	505	504
461	462	506	505
462	463	507	506
463	464	508	507
464	465	509	508
465	466	510	509
466	467	511	510
467	468	512	511
468	469	513	512
469	470	514	513
470	471	515	514
471	472	516	515
472	473	517	516
473	474	518	517
474	475	519	518
475	476	520	519
476	477	521	520
477	478	522	521
478	479	523	522
479	480	524	523
480	481	525	524
481	482	526	525
482	483	527	526
483	484	528	527
484	441	485	528
485	486	530	529
486	487	531	530
487	488	532	531
488	489	533	532
489	490	534	533
490	491	535	534
491	492	536	535
492	493	537	536
493	494	538	537
494	495	539	538
495	496	540	539
496	497	541	540
497	498	542	541
498	499	543	542
499	500	544	543
500	501	545	544
501	502	546	545
502	503	547	546
503	504	548	547
504	505	549	548
505	506	550	549
506	507	551	550
507	508	552	551
508	509	553	552
509	510	554	553
510	511	555	554
511	512	556	555
512	513	557	556
513	514	558	557
514	515	559	558
515	516	560	559
516	517	561	560
517	518	562	561
518	519	563	562
519	520	564	563
520	521	565	564
521	522	566	565
522	523	567	566
523	524	568	567
524	525	569	568
525	526	570	569
526	527	571	570
527	528	572	571
528	485	529	572
529	530	574	573
530	531	575	574
531	532	576	575
532	533	577	576
533	534	578	577
534	535	579	578
535	536	580	579
536	537	581	580
537	538	582	581
538	539	583	582
539	540	584	583
540	541	585	584
541	542	586	585
542	543	587	586
543	544	588	587
544	545	589	588
545	546	590	589
546	547	591	590
547	548	592	591
548	549	593	592
549	550	594	593
550	551	595	594
551	552	596	595
552	553	597	596
553	554	598	597
554	555	599	598
555	556	600	599
556	557	601	600
557	558	602	601
558	559	603	602
559	560	604	603
560	561	605	604
561	562	606	605
562	563	607	606
563	564	608	607
564	565	609	608
565	566	610	609
566	567	611	610
567	568	612	611
568	569	613	612
569	570	614	613
570	571	615	614
571	572	616	615
572	529	573	616
573	574	618	617
574	575	619	618
575	576	620	619
576	577	621	620
577	578	622	621
578	579	623	622
579	580	624	623
580	581	625	624
581	582	626	625
582	583	627	626
583	584	628	627
584	585	629	628
585	586	630	629
586	587	631	630
587	588	632	631
588	589	633	632
589	590	634	633
590	591	635	634
591	592	636	635
592	593	637	636
593	594	638	637
594	595	639	638
595	596	640	639
596	597	641	640
597	598	642	641
598	599	643	642
599	600	644	643
600	601	645	644
601	602	646	645
602	603	647	646
603	604	648	647
604	605	649	648
605	606	650	649
606	607	651	650
607	608	652	651
608	609	653	652
609	610	654	653
610	611	655	654
611	612	656	655
612	613	657	656
613	614	658	657
614	615	659	658
615	616	660	659
616	573	617	660
617	618	662	661
618	619	663	662
619	620	664	663
620	621	665	664
621	622	666	665
622	623	667	666
623	624	668	667
624	625	669	668
625	626	670	669
626	627	671	670
627	628	672	671
628	629	673	672
629	630	674	673
630	631	675	674
631	632	676	675
632	633	677	676
633	634	678	677
634	635	679	678
635	636	680	679
636	637	681	680
637	638	682	681
638	639	683	682
639	640	684	683
640	641	685	684
641	642	686	685
642	643	687	686
643	644	688	687
644	645	689	688
645	646	690	689
646	647	691	690
647	648	692	691
648	649	693	692
649	650	694	693
650	651	695	694
651	652	696	695
652	653	697	696
653	654	698	697
654	655	699	698
655	656	700	699
656	657	701	700
657	658	702	701
658	659	703	702
659	660	704	703
660	617	661	704
661	662	706	705
662	663	707	706
663	664	708	707
664	665	709	708
665	666	710	709
666	667	711	710
667	668	712	711
668	669	713	712
669	670	714	713
670	671	715	714
671	672	716	715
672	673	717	716
673	674	718	717
674	675	719	718
675	676	720	719
676	677	721	720
677	678	722	721
678	679	723	722
679	680	724	723
680	681	725	724
681	682	726	725
682	683	727	726
683	684	728	727
684	685	729	728
685	686	730	729
686	687	731	730
687	688	732	731
688	689	733	732
689	690	734	733
690	691	735	734
691	692	736	735
692	693	737	736
693	694	738	737
694	695	739	738
695	696	740	739
696	697	741	740
697	698	742	741
698	699	743	742
699	700	744	743
700	701	745	744
701	702	746	745
702	703	747	746
703	704	748	747
704	661	705	748
705	706	750	749
706	707	751	750
707	708	752	751
708	709	753	752
709	710	754	753
710	711	755	754
711	712	756	755
712	713	757	756
713	714	758	757
714	715	759	758
715	716	760	759
716	717	761	760
717	718	762	761
718	719	763	762
719	720	764	763
720	721	765	764
721	722	766	765
722	723	767	766
723	724	768	767
724	725	769	768
725	726	770	769
726	727	771	770
727	728	772	771
728	729	773	772
729	730	774	773
730	731	775	774
731	732	776	775
732	733	777	776
733	734	778	777
734	735	779	778
735	736	780	779
736	737	781	780
737	738	782	781
738	739	783	782
739	740	784	783
740	741	785	784
741	742	786	785
742	743	787	786
743	744	788	787
744	745	789	788
745	746	790	789
746	747	791	790
747	748	792	791
748	705	749	792
749	750	794	793
750	751	795	794
751	752	796	795
752	753	797	796
753	754	798	797
754	755	799	798
755	756	800	799
756	757	801	800
757	758	802	801
758	759	803	802
759	760	804	803
760	761	805	804
761	762	806	805
762	763	807	806
763	764	808	807
764	765	809	808
765	766	810	809
766	767	811	810
767	768	812	811
768	769	813	812
769	770	814	813
770	771	815	814
771	772	816	815
772	773	817	816
773	774	818	817
774	775	819	818
775	776	820	819
776	777	821	820
777	778	822	821
778	779	823	822
779	780	824	823
780	781	825	824
781	782	826	825
782	783	827	826
783	784	828	827
784	785	829	828
785	786	830	829
786	787	831	830
787	788	832	831
788	789	833	832
789	790	834	833
790	791	835	834
791	792	836	835
792	749	793	836
793	794	838	837
794	795	839	838
795	796	840	839
796	797	841	840
797	798	842	841
798	799	843	842
799	800	844	843
800	801	845	844
801	802	846	845
802	803	847	846
803	804	848	847
804	805	849	848
805	806	850	849
806	807	851	850
807	808	852	851
808	809	853	852
809	810	854	853
810	811	855	854
811	812	856	855
812	813	857	856
813	814	858	857
814	815	859	858
815	816	860	859
816	817	861	860
817	818	862	861
818	819	863	862
819	820	864	863
820	821	865	864
821	822	866	865
822	823	867	866
823	824	868	867
824	825	869	868
825	826	870	869
826	827	871	870
827	828	872	871
828	829	873	872
829	830	874	873
830	831	875	874
831	832	876	875
832	833	877	876
833	834	878	877
834	835	879	878
835	836	880	879
836	793	837	880
837	838	882	881
838	839	883	882
839	840	884	883
840	841	885	884
841	842	886	885
842	843	887	886
843	844	888	887
844	845	889	888
845	846	890	889
846	847	891	890
847	848	892	891
848	849	893	892
849	850	894	893
850	851	895	894
851	852	896	895
852	853	897	896
853	854	898	897
854	855	899	898
855	856	900	899
856	857	901	900
857	858	902	901
858	859	903	902
859	860	904	903
860	861	905	904
861	862	906	905
862	863	907	906
863	864	908	907
864	865	909	908
865	866	910	909
866	867	911	910
867	868	912	911
868	869	913	912
869	870	914	913
870	871	915	914
871	872	916	915
872	873	917	916
873	874	918	917
874	875	919	918
875	876	920	919
876	877	921	920
877	878	922	921
878	879	923	922
879	880	924	923
880	837	881	924
881	882	926	925
882	883	927	926
883	884	928	927
884	885	929	928
885	886	930	929
886	887	931	930
887	888	932	931
888	889	933	932
889	890	934	933
890	891	935	934
891	892	936	935
892	893	937	936
893	894	938	937
894	895	939	938
895	896	940	939
896	897	941	940
897	898	942	941
898	899	943	942
899	900	944	943
900	901	945	944
901	902	946	945
902	903	947	946
903	904	948	947
904	905	949	948
905	906	950	949
906	907	951	950
907	908	952	951
908	909	953	952
909	910	954	953
910	911	955	954
911	912	956	955
912	913	957	956
913	914	958	957
914	915	959	958
915	916	960	959
916	917	961	960
917	918	962	961
918	919	963	962
919	920	964	963
920	921	965	964
921	922	966	965
922	923	967	966
923	924	968	967
924	881	925	968
925	926	970	969
926	927	971	970
927	928	972	971
928	929	973	972
929	930	974	973
930	931	975	974
931	932	976	975
932	933	977	976
933	934	978	977
934	935	979	978
935	936	980	979
936	937	981	980
937	938	982	981
938	939	983	982
939	940	984	983
940	941	985	984
941	942	986	985
942	943	987	986
943	944	988	987
944	945	989	988
945	946	990	989
946	947	991	990
947	948	992	991
948	949	993	992
949	950	994	993
950	951	995	994
951	952	996	995
952	953	997	996
953	954	998	997
954	955	999	998
955	956	1000	999
956	957	1001	1000
957	958	1002	1001
958	959	1003	1002
959	960	1004	1003
960	961	1005	1004
961	962	1006	1005
962	963	1007	1006
963	964	1008	1007
964	965	1009	1008
965	966	1010	1009
966	967	1011	1010
967	968	1012	1011
968	925	969	1012
969	970	1014	1013
970	971	1015	1014
971	972	1016	1015
972	973	1017	1016
973	974	1018	1017
974	975	1019	1018
975	976	1020	1019
976	977	1021	1020
977	978	1022	1021
978	979	1023	1022
979	980	1024	1023
980	981	1025	1024
981	982	1026	1025
982	983	1027	1026
983	984	1028	1027
984	985	1029	1028
985	986	1030	1029
986	987	1031	1030
987	988	1032	1031
988	989	1033	1032
989	990	1034	1033
990	991	1035	1034
991	992	1036	1035
992	993	1037	1036
993	994	1038	1037
994	995	1039	1038
995	996	1040	1039
996	997	1041	1040
997	998	1042	1041
998	999	1043	1042
999	1000	1044	1043
1000	1001	1045	1044
1001	1002	1046	1045
1002	1003	1047	1046
1003	1004	1048	1047
1004	1005	1049	1048
1005	1006	1050	1049
1006	1007	1051	1050
1007	1008	1052	1051
1008	1009	1053	1052
1009	1010	1054	1053
1010	1011	1055	1054
1011	1012	1056	1055
1012	969	1013	1056
1013	1014	1058	1057
1014	1015	1059	1058
1015	1016	1060	1059
1016	1017	1061	1060
1017	1018	1062	1061
1018	1019	1063	1062
1019	1020	1064	1063
1020	1021	1065	1064
1021	1022	1066	1065
1022	1023	1067	1066
1023	1024	1068	1067
1024	1025	1069	1068
1025	1026	1070	1069
1026	1027	1071	1070
1027	1028	1072	1071
1028	1029	1073	1072
1029	1030	1074	1073
1030	1031	1075	1074
1031	1032	1076	1075
1032	1033	1077	1076
1033	1034	1078	1077
1034	1035	1079	1078
1035	1036	1080	1079
1036	1037	1081	1080
1037	1038	1082	1081
1038	1039	1083	1082
1039	1040	1084	1083
1040	1041	1085	1084
1041	1042	1086	1085
1042	1043	1087	1086
1043	1044	1088	1087
1044	1045	1089	1088
1045	1046	1090	1089
1046	1047	1091	1090
1047	1048	1092	1091
1048	1049	1093	1092
1049	1050	1094	1093
1050	1051	1095	1094
1051	1052	1096	1095
1052	1053	1097	1096
1053	1054	1098	1097
1054	1055	1099	1098
1055	1056	1100	1099
1056	1013	1057	1100
1057	1058	1102	1101
1058	1059	1103	1102
1059	1060	1104	1103
1060	1061	1105	1104
1061	1062	1106	1105
1062	1063	1107	1106
1063	1064	1108	1107
1064	1065	1109	1108
1065	1066	1110	1109
1066	1067	1111	1110
1067	1068	1112	1111
1068	1069	1113	1112
1069	1070	1114	1113
1070	1071	1115	1114
1071	1072	1116	1115
1072	1073	1117	1116
1073	1074	1118	1117
1074	1075	1119	1118
1075	1076	1120	1119
1076	1077	1121	1120
1077	1078	1122	1121
1078	1079	1123	1122
1079	1080	1124	1123
1080	1081	1125	1124
1081	1082	1126	1125
1082	1083	1127	1126
1083	1084	1128	1127
1084	1085	1129	1128
1085	1086	1130	1129
1086	1087	1131	1130
1087	1088	1132	1131
1088	1089	1133	1132
1089	1090	1134	1133
1090	1091	1135	1134
1091	1092	1136	1135
1092	1093	1137	1136
1093	1094	1138	1137
1094	1095	1139	1138
1095	1096	1140	1139
1096	1097	1141	1140
1097	1098	1142	1141
1098	1099	1143	1142
1099	1100	1144	1143
1100	1057	1101	1144
1101	1102	1146	1145
1102	1103	1147	1146
1103	1104	1148	1147
1104	1105	1149	1148
1105	1106	1150	1149
1106	1107	1151	1150
1107	1108	1152	1151
1108	1109	1153	1152
1109	1110	1154	1153
1110	1111	1155	1154
1111	1112	1156	1155
1112	1113	1157	1156
1113	1114	1158	1157
1114	1115	1159	1158
1115	1116	1160	1159
1116	1117	1161	1160
1117	1118	1162	1161
1118	1119	1163	1162
1119	1120	1164	1163
1120	1121	1165	1164
1121	1122	1166	1165
1122	1123	1167	1166
1123	1124	1168	1167
1124	1125	1169	1168
1125	1126	1170	1169
1126	1127	1171	1170
1127	1128	1172	1171
1128	1129	1173	1172
1129	1130	1174	1173
1130	1131	1175	1174
1131	1132	1176	1175
1132	1133	1177	1176
1133	1134	1178	1177
1134	1135	1179	1178
1135	1136	1180	1179
1136	1137	1181	1180
1137	1138	1182	1181
1138	1139	1183	1182
1139	1140	1184	1183
1140	1141	1185	1184
1141	1142	1186	1185
1142	1143	1187	1186
1143	1144	1188	1187
1144	1101	1145	1188
1145	1146	1190	1189
1146	1147	1191	1190
1147	1148	1192	1191
1148	1149	1193	1192
1149	1150	1194	1193
1150	1151	1195	1194
1151	1152	1196	1195
1152	1153	1197	1196
1153	1154	1198	1197
1154	1155	1199	1198
1155	1156	1200	1199
1156	1157	1201	1200
1157	1158	1202	1201
1158	1159	1203	1202
1159	1160	1204	1203
1160	1161	1205	1204
1161	1162	1206	1205
1162	1163	1207	1206
1163	1164	1208	1207
1164	1165	1209	1208
1165	1166	1210	1209
1166	1167	1211	1210
1167	1168	1212	1211
1168	1169	1213	1212
1169	1170	1214	1213
1170	1171	1215	1214
1171	1172	1216	1215
1172	1173	1217	1216
1173	1174	1218	1217
1174	1175	1219	1218
1175	1176	1220	1219
1176	1177	1221	1220
1177	1178	1222	1221
1178	1179	1223	1222
1179	1180	1224	1223
1180	1181	1225	1224
1181	1182	1226	1225
1182	1183	1227	1226
1183	1184	1228	1227
1184	1185	1229	1228
1185	1186	1230	1229
1186	1187	1231	1230
1187	1188	1232	1231
1188	1145	1189	1232
1189	1190	1234	1233
1190	1191	1235	1234
1191	1192	1236	1235
1192	1193	1237	1236
1193	1194	1238	1237
1194	1195	1239	1238
1195	1196	1240	1239
1196	1197	1241	1240
1197	1198	1242	1241
1198	1199	1243	1242
1199	1200	1244	1243
1200	1201	1245	1244
1201	1202	1246	1245
1202	1203	1247	1246
1203	1204	1248	1247
1204	1205	1249	1248
1205	1206	1250	1249
1206	1207	1251	1250
1207	1208	1252	1251
1208	1209	1253	1252
1209	1210	1254	1253
1210	1211	1255	1254
1211	1212	1256	1255
1212	1213	1257	1256
1213	1214	1258	1257
1214	1215	1259	1258
1215	1216	1260	1259
1216	1217	1261	1260
1217	1218	1262	1261
1218	1219	1263	1262
1219	1220	1264	1263
1220	1221	1265	1264
1221	1222	1266	1265
1222	1223	1267	1266
1223	1224	1268	1267
1224	1225	1269	1268
1225	1226	1270	1269
1226	1227	1271	1270
1227	1228	1272	1271
1228	1229	1273	1272
1229	1230	1274	1273
1230	1231	1275	1274
1231	1232	1276	1275
1232	1189	1233	1276
1233	1234	1278	1277
1234	1235	1279	1278
1235	1236	1280	1279
1236	1237	1281	1280
1237	1238	1282	1281
1238	1239	1283	1282
1239	1240	1284	1283
1240	1241	1285	1284
1241	1242	1286	1285
1242	1243	1287	1286
1243	1244	1288	1287
1244	1245	1289	1288
1245	1246	1290	1289
1246	1247	1291	1290
1247	1248	1292	1291
1248	1249	1293	1292
1249	1250	1294	1293
1250	1251	1295	1294
1251	1252	1296	1295
1252	1253	1297	1296
1253	1254	1298	1297
1254	1255	1299	1298
1255	1256	1300	1299
1256	1257	1301	1300
1257	1258	1302	1301
1258	1259	1303	1302
1259	1260	1304	1303
1260	1261	1305	1304
1261	1262	1306	1305
1262	1263	1307	1306
1263	1264	1308	1307
1264	1265	1309	1308
1265	1266	1310	1309
1266	1267	1311	1310
1267	1268	1312	1311
1268	1269	1313	1312
1269	1270	1314	1313
1270	1271	1315	1314
1271	1272	1316	1315
1272	1273	1317	1316
1273	1274	1318	1317
1274	1275	1319	1318
1275	1276	1320	1319
1276	1233	1277	1320
1277	1278	1322	1321
1278	1279	1323	1322
1279	1280	1324	1323
1280	1281	1325	1324
1281	1282	1326	1325
1282	1283	1327	1326
1283	1284	1328	1327
1284	1285	1329	1328
1285	1286	1330	1329
1286	1287	1331	1330
1287	1288	1332	1331
1288	1289	1333	1332
1289	1290	1334	1333
1290	1291	1335	1334
1291	1292	1336	1335
1292	1293	1337	1336
1293	1294	1338	1337
1294	1295	1339	1338
1295	1296	1340	1339
1296	1297	1341	1340
1297	1298	1342	1341
1298	1299	1343	1342
1299	1300	1344	1343
1300	1301	1345	1344
1301	1302	1346	1345
1302	1303	1347	1346
1303	1304	1348	1347
1304	1305	1349	1348
1305	1306	1350	1349
1306	1307	1351	1350
1307	1308	1352	1351
1308	1309	1353	1352
1309	1310	1354	1353
1310	1311	1355	1354
1311	1312	1356	1355
1312	1313	1357	1356
1313	1314	1358	1357
1314	1315	1359	1358
1315	1316	1360	1359
1316	1317	1361	1360
1317	1318	1362	1361
1318	1319	1363	1362
1319	1320	1364	1363
1320	1277	1321	1364
1321	1322	1366	1365
1322	1323	1367	1366
1323	1324	1368	1367
1324	1325	1369	1368
1325	1326	1370	1369
1326	1327	1371	1370
1327	1328	1372	1371
1328	1329	1373	1372
1329	1330	1374	1373
1330	1331	1375	1374
1331	1332	1376	1375
1332	1333	1377	1376
1333	1334	1378	1377
1334	1335	1379	1378
1335	1336	1380	1379
1336	1337	1381	1380
1337	1338	1382	1381
1338	1339	1383	1382
1339	1340	1384	1383
1340	1341	1385	1384
1341	1342	1386	1385
1342	1343	1387	1386
1343	1344	1388	1387
1344	1345	1389	1388
1345	1346	1390	1389
1346	1347	1391	1390
1347	1348	1392	1391
1348	1349	1393	1392
1349	1350	1394	1393
1350	1351	1395	1394
1351	1352	1396	1395
1352	1353	1397	1396
1353	1354	1398	1397
1354	1355	1399	1398
1355	1356	1400	1399
1356	1357	1401	1400
1357	1358	1402	1401
1358	1359	1403	1402
1359	1360	1404	1403
1360	1361	1405	1404
1361	1362	1406	1405
1362	1363	1407	1406
1363	1364	1408	1407
1364	1321	1365	1408
1365	1366	1410	1409
1366	1367	1411	1410
1367	1368	1412	1411
1368	1369	1413	1412
1369	1370	1414	1413
1370	1371	1415	1414
1371	1372	1416	1415
1372	1373	1417	1416
1373	1374	1418	1417
1374	1375	1419	1418
1375	1376	1420	1419
1376	1377	1421	1420
1377	1378	1422	1421
1378	1379	1423	1422
1379	1380	1424	1423
1380	1381	1425	1424
1381	1382	1426	1425
1382	1383	1427	1426
1383	1384	1428	1427
1384	1385	1429	1428
1385	1386	1430	1429
1386	1387	1431	1430
1387	1388	1432	1431
1388	1389	1433	1432
1389	1390	1434	1433
1390	1391	1435	1434
1391	1392	1436	1435
1392	1393	1437	1436
1393	1394	1438	1437
1394	1395	1439	1438
1395	1396	1440	1439
1396	1397	1441	1440
1397	1398	1442	1441
1398	1399	1443	1442
1399	1400	1444	1443
1400	1401	1445	1444
1401	1402	1446	1445
1402	1403	1447	1446
1403	1404	1448	1447
1404	1405	1449	1448
1405	1406	1450	1449
1406	1407	1451	1450
1407	1408	1452	1451
1408	1365	1409	1452
1409	1410	1454	1453
1410	1411	1455	1454
1411	1412	1456	1455
1412	1413	1457	1456
1413	1414	1458	1457
1414	1415	1459	1458
1415	1416	1460	1459
1416	1417	1461	1460
1417	1418	1462	1461
1418	1419	1463	1462
1419	1420	1464	1463
1420	1421	1465	1464
1421	1422	1466	1465
1422	1423	1467	1466
1423	1424	1468	1467
1424	1425	1469	1468
1425	1426	1470	1469
1426	1427	1471	1470
1427	1428	1472	1471
1428	1429	1473	1472
1429	1430	1474	1473
1430	1431	1475	1474
1431	1432	1476	1475
1432	1433	1477	1476
1433	1434	1478	1477
1434	1435	1479	1478
1435	1436	1480	1479
1436	1437	1481	1480
1437	1438	1482	1481
1438	1439	1483	1482
1439	1440	1484	1483
1440	1441	1485	1484
1441	1442	1486	1485
1442	1443	1487	1486
1443	1444	1488	1487
1444	1445	1489	1488
1445	1446	1490	1489
1446	1447	1491	1490
1447	1448	1492	1491
1448	1449	1493	1492
1449	1450	1494	1493
1450	1451	1495	1494
1451	1452	1496	1495
1452	1409	1453	1496
1453	1454	1498	1497
1454	1455	1499	1498
1455	1456	1500	1499
1456	1457	1501	1500
1457	1458	1502	1501
1458	1459	1503	1502
1459	1460	1504	1503
1460	1461	1505	1504
1461	1462	1506	1505
1462	1463	1507	1506
1463	1464	1508	1507
1464	1465	1509	1508
1465	1466	1510	1509
1466	1467	1511	1510
1467	1468	1512	1511
1468	1469	1513	1512
1469	1470	1514	1513
1470	1471	1515	1514
1471	1472	1516	1515
1472	1473	1517	1516
1473	1474	1518	1517
1474	1475	1519	1518
1475	1476	1520	1519
1476	1477	1521	1520
1477	1478	1522	1521
1478	1479	1523	1522
1479	1480	1524	1523
1480	1481	1525	1524
1481	1482	1526	1525
1482	1483	1527	1526
1483	1484	1528	1527
1484	1485	1529	1528
1485	1486	1530	1529
1486	1487	1531	1530
1487	1488	1532	1531
1488	1489	1533	1532
1489	1490	1534	1533
1490	1491	1535	1534
1491	1492	1536	1535
1492	1493	1537	1536
1493	1494	1538	1537
1494	1495	1539	1538
1495	1496	1540	1539
1496	1453	1497	1540
1497	1498	1542	1541
1498	1499	1543	1542
1499	1500	1544	1543
1500	1501	1545	1544
1501	1502	1546	1545
1502	1503	1547	1546
1503	1504	1548	1547
1504	1505	1549	1548
1505	1506	1550	1549
1506	1507	1551	1550
1507	1508	1552	1551
1508	1509	1553	1552
1509	1510	1554	1553
1510	1511	1555	1554
1511	1512	1556	1555
1512	1513	1557	1556
1513	1514	1558	1557
1514	1515	1559	1558
1515	1516	1560	1559
1516	1517	1561	1560
1517	1518	1562	1561
1518	1519	1563	1562
1519	1520	1564	1563
1520	1521	1565	1564
1521	1522	1566	1565
1522	1523	1567	1566
1523	1524	1568	1567
1524	1525	1569	1568
1525	1526	1570	1569
1526	1527	1571	1570
1527	1528	1572	1571
1528	1529	1573	1572
1529	1530	1574	1573
1530	1531	1575	1574
1531	1532	1576	1575
1532	1533	1577	1576
1533	1534	1578	1577
1534	1535	1579	1578
1535	1536	1580	1579
1536	1537	1581	1580
1537	1538	1582	1581
1538	1539	1583	1582
1539	1540	1584	1583
1540	1497	1541	1584
1541	1542	1586	1585
1542	1543	1587	1586
1543	1544	1588	1587
1544	1545	1589	1588
1545	1546	1590	1589
1546	1547	1591	1590
1547	1548	1592	1591
1548	1549	1593	1592
1549	1550	1594	1593
1550	1551	1595	1594
1551	1552	1596	1595
1552	1553	1597	1596
1553	1554	1598	1597
1554	1555	1599	1598
1555	1556	1600	1599
1556	1557	1601	1600
1557	1558	1602	1601
1558	1559	1603	1602
1559	1560	1604	1603
1560	1561	1605	1604
1561	1562	1606	1605
1562	1563	1607	1606
1563	1564	1608	1607
1564	1565	1609	1608
1565	1566	1610	1609
1566	1567	1611	1610
1567	1568	1612	1611
1568	1569	1613	1612
1569	1570	1614	1613
1570	1571	1615	1614
1571	1572	1616	1615
1572	1573	1617	1616
1573	1574	1618	1617
1574	1575	1619	1618
1575	1576	1620	1619
1576	1577	1621	1620
1577	1578	1622	1621
1578	1579	1623	1622
1579	1580	1624	1623
1580	1581	1625	1624
1581	1582	1626	1625
1582	1583	1627	1626
1583	1584	1628	1627
1584	1541	1585	1628
1585	1586	1630	1629
1586	1587	1631	1630
1587	1588	1632	1631
1588	1589	1633	1632
1589	1590	1634	1633
1590	1591	1635	1634
1591	1592	1636	1635
1592	1593	1637	1636
1593	1594	1638	1637
1594	1595	1639	1638
1595	1596	1640	1639
1596	1597	1641	1640
1597	1598	1642	1641
1598	1599	1643	1642
1599	1600	1644	1643
1600	1601	1645	1644
1601	1602	1646	1645
1602	1603	1647	1646
1603	1604	1648	1647
1604	1605	1649	1648
1605	1606	1650	1649
1606	1607	1651	1650
1607	1608	1652	1651
1608	1609	1653	1652
1609	1610	1654	1653
1610	1611	1655	1654
1611	1612	1656	1655
1612	1613	1657	1656
1613	1614	1658	1657
1614	1615	1659	1658
1615	1616	1660	1659
1616	1617	1661	1660
1617	1618	1662	1661
1618	1619	1663	1662
1619	1620	1664	1663
1620	1621	1665	1664
1621	1622	1666	1665
1622	1623	1667	1666
1623	1624	1668	1667
1624	1625	1669	1668
1625	1626	1670	1669
1626	1627	1671	1670
1627	1628	1672	1671
1628	1585	1629	1672
1629	1630	1674	1673
1630	1631	1675	1674
1631	1632	1676	1675
1632	1633	1677	1676
1633	1634	1678	1677
1634	1635	1679	1678
1635	1636	1680	1679
1636	1637	1681	1680
1637	1638	1682	1681
1638	1639	1683	1682
1639	1640	1684	1683
1640	1641	1685	1684
1641	1642	1686	1685
1642	1643	1687	1686
1643	1644	1688	1687
1644	1645	1689	1688
1645	1646	1690	1689
1646	1647	1691	1690
1647	1648	1692	1691
1648	1649	1693	1692
1649	1650	1694	1693
1650	1651	1695	1694
1651	1652	1696	1695
1652	1653	1697	1696
1653	1654	1698	1697
1654	1655	1699	1698
1655	1656	1700	1699
1656	1657	1701	1700
1657	1658	1702	1701
1658	1659	1703	1702
1659	1660	1704	1703
1660	1661	1705	1704
1661	1662	1706	1705
1662	1663	1707	1706
1663	1664	1708	1707
1664	1665	1709	1708
1665	1666	1710	1709
1666	1667	1711	1710
1667	1668	1712	1711
1668	1669	1713	1712
1669	1670	1714	1713
1670	1671	1715	1714
1671	1672	1716	1715
1672	1629	1673	1716
1673	1674	1718	1717
1674	1675	1719	1718
1675	1676	1720	1719
1676	1677	1721	1720
1677	1678	1722	1721
1678	1679	1723	1722
1679	1680	1724	1723
1680	1681	1725	1724
1681	1682	1726	1725
1682	1683	1727	1726
1683	1684	1728	1727
1684	1685	1729	1728
1685	1686	1730	1729
1686	1687	1731	1730
1687	1688	1732	1731
1688	1689	1733	1732
1689	1690	1734	1733
1690	1691	1735	1734
1691	1692	1736	1735
1692	1693	1737	1736
1693	1694	1738	1737
1694	1695	1739	1738
1695	1696	1740	1739
1696	1697	1741	1740
1697	1698	1742	1741
1698	1699	1743	1742
1699	1700	1744	1743
1700	1701	1745	1744
1701	1702	1746	1745
1702	1703	1747	1746
1703	1704	1748	1747
1704	1705	1749	1748
1705	1706	1750	1749
1706	1707	1751	1750
1707	1708	1752	1751
1708	1709	1753	1752
1709	1710	1754	1753
1710	1711	1755	1754
1711	1712	1756	1755
1712	1713	1757	1756
1713	1714	1758	1757
1714	1715	1759	1758
1715	1716	1760	1759
1716	1673	1717	1760
1717	1718	1762	1761
1718	1719	1763	1762
1719	1720	1764	1763
1720	1721	1765	1764
1721	1722	1766	1765
1722	1723	1767	1766
1723	1724	1768	1767
1724	1725	1769	1768
1725	1726	1770	1769
1726	1727	1771	1770
1727	1728	1772	1771
1728	1729	1773	1772
1729	1730	1774	1773
1730	1731	1775	1774
1731	1732	1776	1775
1732	1733	1777	1776
1733	1734	1778	1777
1734	1735	1779	1778
1735	1736	1780	1779
1736	1737	1781	1780
1737	1738	1782	1781
1738	1739	1783	1782
1739	1740	1784	1783
1740	1741	1785	1784
1741	1742	1786	1785
1742	1743	1787	1786
1743	1744	1788	1787
1744	1745	1789	1788
1745	1746	1790	1789
1746	1747	1791	1790
1747	1748	1792	1791
1748	1749	1793	1792
1749	1750	1794	1793
1750	1751	1795	1794
1751	1752	1796	1795
1752	1753	1797	1796
1753	1754	1798	1797
1754	1755	1799	1798
1755	1756	1800	1799
1756	1757	1801	1800
1757	1758	1802	1801
1758	1759	1803	1802
1759	1760	1804	1803
1760	1717	1761	1804
1761	1762	1806	1805
1762	1763	1807	1806
1763	1764	1808	1807
1764	1765	1809	1808
1765	1766	1810	1809
1766	1767	1811	1810
1767	1768	1812	1811
1768	1769	1813	1812
1769	1770	1814	1813
1770	1771	1815	1814
1771	1772	1816	1815
1772	1773	1817	1816
1773	1774	1818	1817
1774	1775	1819	1818
1775	1776	1820	1819
1776	1777	1821	1820
1777	1778	1822	1821
1778	1779	1823	1822
1779	1780	1824	1823
1780	1781	1825	1824
1781	1782	1826	1825
1782	1783	1827	1826
1783	1784	1828	1827
1784	1785	1829	1828
1785	1786	1830	1829
1786	1787	1831	1830
1787	1788	1832	1831
1788	1789	1833	1832
1789	1790	1834	1833
1790	1791	1835	1834
1791	1792	1836	1835
1792	1793	1837	1836
1793	1794	1838	1837
1794	1795	1839	1838
1795	1796	1840	1839
1796	1797	1841	1840
1797	1798	1842	1841
1798	1799	1843	1842
1799	1800	1844	1843
1800	1801	1845	1844
1801	1802	1846	1845
1802	1803	1847	1846
1803	1804	1848	1847
1804	1761	1805	1848
1805	1806	1850	1849
1806	1807	1851	1850
1807	1808	1852	1851
1808	1809	1853	1852
1809	1810	1854	1853
1810	1811	1855	1854
1811	1812	1856	1855
1812	1813	1857	1856
1813	1814	1858	1857
1814	1815	1859	1858
1815	1816	1860	1859
1816	1817	1861	1860
1817	1818	1862	1861
1818	1819	1863	1862
1819	1820	1864	1863
1820	1821	1865	1864
1821	1822	1866	1865
1822	1823	1867	1866
1823	1824	1868	1867
1824	1825	1869	1868
1825	1826	1870	1869
1826	1827	1871	1870
1827	1828	1872	1871
1828	1829	1873	1872
1829	1830	1874	1873
1830	1831	1875	1874
1831	1832	1876	1875
1832	1833	1877	1876
1833	1834	1878	1877
1834	1835	1879	1878
1835	1836	1880	1879
1836	1837	1881	1880
1837	1838	1882	1881
1838	1839	1883	1882
1839	1840	1884	1883
1840	1841	1885	1884
1841	1842	1886	1885
1842	1843	1887	1886
1843	1844	1888	1887
1844	1845	1889	1888
1845	1846	1890	1889
1846	1847	1891	1890
1847	1848	1892	1891
1848	1805	1849	1892
1849	1850	1894	1893
1850	1851	1895	1894
1851	1852	1896	1895
1852	1853	1897	1896
1853	1854	1898	1897
1854	1855	1899	1898
1855	1856	1900	1899
1856	1857	1901	1900
1857	1858	1902	1901
1858	1859	1903	1902
1859	1860	1904	1903
1860	1861	1905	1904
1861	1862	1906	1905
1862	1863	1907	1906
1863	1864	1908	1907
1864	1865	1909	1908
1865	1866	1910	1909
1866	1867	1911	1910
1867	1868	1912	1911
1868	1869	1913	1912
1869	1870	1914	1913
1870	1871	1915	1914
1871	1872	1916	1915
1872	1873	1917	1916
1873	1874	1918	1917
1874	1875	1919	1918
1875	1876	1920	1919
1876	1877	1921	1920
1877	1878	1922	1921
1878	1879	1923	1922
1879	1880	1924	1923
1880	1881	1925	1924
1881	1882	1926	1925
1882	1883	1927	1926
1883	1884	1928	1927
1884	1885	1929	1928
1885	1886	1930	1929
1886	1887	1931	1930
1887	1888	1932	1931
1888	1889	1933	1932
1889	1890	1934	1933
1890	1891	1935	1934
1891	1892	1936	1935
1892	1849	1893	1936
1893	1894	1938	1937
1894	1895	1939	1938
1895	1896	1940	1939
1896	1897	1941	1940
1897	1898	1942	1941
1898	1899	1943	1942
1899	1900	1944	1943
1900	1901	1945	1944
1901	1902	1946	1945
1902	1903	1947	1946
1903	1904	1948	1947
1904	1905	1949	1948
1905	1906	1950	1949
1906	1907	1951	1950
1907	1908	1952	1951
1908	1909	1953	1952
1909	1910	1954	1953
1910	1911	1955	1954
1911	1912	1956	1955
1912	1913	1957	1956
1913	1914	1958	1957
1914	1915	1959	1958
1915	1916	1960	1959
1916	1917	1961	1960
1917	1918	1962	1961
1918	1919	1963	1962
1919	1920	1964	1963
1920	1921	1965	1964
1921	1922	1966	1965
1922	1923	1967	1966
1923	1924	1968	1967
1924	1925	1969	1968
1925	1926	1970	1969
1926	1927	1971	1970
1927	1928	1972	1971
1928	1929	1973	1972
1929	1930	1974	1973
1930	1931	1975	1974
1931	1932	1976	1975
1932	1933	1977	1976
1933	1934	1978	1977
1934	1935	1979	1978
1935	1936	1980	1979
1936	1893	1937	1980
1937	1938	1982	1981
1938	1939	1983	1982
1939	1940	1984	1983
1940	1941	1985	1984
1941	1942	1986	1985
1942	1943	1987	1986
1943	1944	1988	1987
1944	1945	1989	1988
1945	1946	1990	1989
1946	1947	1991	1990
1947	1948	1992	1991
1948	1949	1993	1992
1949	1950	1994	1993
1950	1951	1995	1994
1951	1952	1996	1995
1952	1953	1997	1996
1953	1954	1998	1997
1954	1955	1999	1998
1955	1956	2000	1999
1956	1957	2001	2000
1957	1958	2002	2001
1958	1959	2003	2002
1959	1960	2004	2003
1960	1961	2005	2004
1961	1962	2006	2005
1962	1963	2007	2006
1963	1964	2008	2007
1964	1965	2009	2008
1965	1966	2010	2009
1966	1967	2011	2010
1967	1968	2012	2011
1968	1969	2013	2012
1969	1970	2014	2013
1970	1971	2015	2014
1971	1972	2016	2015
1972	1973	2017	2016
1973	1974	2018	2017
1974	1975	2019	2018
1975	1976	2020	2019
1976	1977	2021	2020
1977	1978	2022	2021
1978	1979	2023	2022
1979	1980	2024	2023
1980	1937	1981	2024
1981	1982	2026	2025
1982	1983	2027	2026
1983	1984	2028	2027
1984	1985	2029	2028
1985	1986	2030	2029
1986	1987	2031	2030
1987	1988	2032	2031
1988	1989	2033	2032
1989	1990	2034	2033
1990	1991	2035	2034
1991	1992	2036	2035
1992	1993	2037	2036
1993	1994	2038	2037
1994	1995	2039	2038
1995	1996	2040	2039
1996	1997	2041	2040
1997	1998	2042	2041
1998	1999	2043	2042
1999	2000	2044	2043
2000	2001	2045	2044
2001	2002	2046	2045
2002	2003	2047	2046
2003	2004	2048	2047
2004	2005	2049	2048
2005	2006	2050	2049
2006	2007	2051	2050
2007	2008	2052	2051
2008	2009	2053	2052
2009	2010	2054	2053
2010	2011	2055	2054
2011	2012	2056	2055
2012	2013	2057	2056
2013	2014	2058	2057
2014	2015	2059	2058
2015	2016	2060	2059
2016	2017	2061	2060
2017	2018	2062	2061
2018	2019	2063	2062
2019	2020	2064	2063
2020	2021	2065	2064
2021	2022	2066	2065
2022	2023	2067	2066
2023	2024	2068	2067
2024	1981	2025	2068
2025	2026	2070	2069
2026	2027	2071	2070
2027	2028	2072	2071
2028	2029	2073	2072
2029	2030	2074	2073
2030	2031	2075	2074
2031	2032	2076	2075
2032	2033	2077	2076
2033	2034	2078	2077
2034	2035	2079	2078
2035	2036	2080	2079
2036	2037	2081	2080
2037	2038	2082	2081
2038	2039	2083	2082
2039	2040	2084	2083
2040	2041	2085	2084
2041	2042	2086	2085
2042	2043	2087	2086
2043	2044	2088	2087
2044	2045	2089	2088
2045	2046	2090	2089
2046	2047	2091	2090
2047	2048	2092	2091
2048	2049	2093	2092
2049	2050	2094	2093
2050	2051	2095	2094
2051	2052	2096	2095
2052	2053	2097	2096
2053	2054	2098	2097
2054	2055	2099	2098
2055	2056	2100	2099
2056	2057	2101	2100
2057	2058	2102	2101
2058	2059	2103	2102
2059	2060	2104	2103
2060	2061	2105	2104
2061	2062	2106	2105
2062	2063	2107	2106
2063	2064	2108	2107
2064	2065	2109	2108
2065	2066	2110	2109
2066	2067	2111	2110
2067	2068	2112	2111
2068	2025	2069	2112
2069	2070	2114	2113
2070	2071	2115	2114
2071	2072	2116	2115
2072	2073	2117	2116
2073	2074	2118	2117
2074	2075	2119	2118
2075	2076	2120	2119
2076	2077	2121	2120
2077	2078	2122	2121
2078	2079	2123	2122
2079	2080	2124	2123
2080	2081	2125	2124
2081	2082	2126	2125
2082	2083	2127	2126
2083	2084	2128	2127
2084	2085	2129	2128
2085	2086	2130	2129
2086	2087	2131	2130
2087	2088	2132	2131
2088	2089	2133	2132
2089	2090	2134	2133
2090	2091	2135	2134
2091	2092	2136	2135
2092	2093	2137	2136
2093	2094	2138	2137
2094	2095	2139	2138
2095	2096	2140	2139
2096	2097	2141	2140
2097	2098	2142	2141
2098	2099	2143	2142
2099	2100	2144	2143
2100	2101	2145	2144
2101	2102	2146	2145
2102	2103	2147	2146
2103	2104	2148	2147
2104	2105	2149	2148
2105	2106	2150	2149
2106	2107	2151	2150
2107	2108	2152	2151
2108	2109	2153	2152
2109	2110	2154	2153
2110	2111	2155	2154
2111	2112	2156	2155
2112	2069	2113	2156
2113	2114	2158	2157
2114	2115	2159	2158
2115	2116	2160	2159
2116	2117	2161	2160
2117	2118	2162	2161
2118	2119	2163	2162
2119	2120	2164	2163
2120	2121	2165	2164
2121	2122	2166	2165
2122	2123	2167	2166
2123	2124	2168	2167
2124	2125	2169	2168
2125	2126	2170	2169
2126	2127	2171	2170
2127	2128	2172	2171
2128	2129	2173	2172
2129	2130	2174	2173
2130	2131	2175	2174
2131	2132	2176	2175
2132	2133	2177	2176
2133	2134	2178	2177
2134	2135	2179	2178
2135	2136	2180	2179
2136	2137	2181	2180
2137	2138	2182	2181
2138	2139	2183	2182
2139	2140	2184	2183
2140	2141	2185	2184
2141	2142	2186	2185
2142	2143	2187	2186
2143	2144	2188	2187
2144	2145	2189	2188
2145	2146	2190	2189
2146	2147	2191	2190
2147	2148	2192	2191
2148	2149	2193	2192
2149	2150	2194	2193
2150	2151	2195	2194
2151	2152	2196	2195
2152	2153	2197	2196
2153	2154	2198	2197
2154	2155	2199	2198
2155	2156	2200	2199
2156	2113	2157	2200
2157	2158	2202	2201
2158	2159	2203	2202
2159	2160	2204	2203
2160	2161	2205	2204
2161	2162	2206	2205
2162	2163	2207	2206
2163	2164	2208	2207
2164	2165	2209	2208
2165	2166	2210	2209
2166	2167	2211	2210
2167	2168	2212	2211
2168	2169	2213	2212
2169	2170	2214	2213
2170	2171	2215	2214
2171	2172	2216	2215
2172	2173	2217	2216
2173	2174	2218	2217
2174	2175	2219	2218
2175	2176	2220	2219
2176	2177	2221	2220
2177	2178	2222	2221
2178	2179	2223	2222
2179	2180	2224	2223
2180	2181	2225	2224
2181	2182	2226	2225
2182	2183	2227	2226
2183	2184	2228	2227
2184	2185	2229	2228
2185	2186	2230	2229
2186	2187	2231	2230
2187	2188	2232	2231
2188	2189	2233	2232
2189	2190	2234	2233
2190	2191	2235	2234
2191	2192	2236	2235
2192	2193	2237	2236
2193	2194	2238	2237
2194	2195	2239	2238
2195	2196	2240	2239
2196	2197	2241	2240
2197	2198	2242	2241
2198	2199	2243	2242
2199	2200	2244	2243
2200	2157	2201	2244
2201	2202	2246	2245
2202	2203	2247	2246
2203	2204	2248	2247
2204	2205	2249	2248
2205	2206	2250	2249
2206	2207	2251	2250
2207	2208	2252	2251
2208	2209	2253	2252
2209	2210	2254	2253
2210	2211	2255	2254
2211	2212	2256	2255
2212	2213	2257	2256
2213	2214	2258	2257
2214	2215	2259	2258
2215	2216	2260	2259
2216	2217	2261	2260
2217	2218	2262	2261
2218	2219	2263	2262
2219	2220	2264	2263
2220	2221	2265	2264
2221	2222	2266	2265
2222	2223	2267	2266
2223	2224	2268	2267
2224	2225	2269	2268
2225	2226	2270	2269
2226	2227	2271	2270
2227	2228	2272	2271
2228	2229	2273	2272
2229	2230	2274	2273
2230	2231	2275	2274
2231	2232	2276	2275
2232	2233	2277	2276
2233	2234	2278	2277
2234	2235	2279	2278
2235	2236	2280	2279
2236	2237	2281	2280
2237	2238	2282	2281
2238	2239	2283	2282
2239	2240	2284	2283
2240	2241	2285	2284
2241	2242	2286	2285
2242	2243	2287	2286
2243	2244	2288	2287
2244	2201	2245	2288
2245	2246	2290	2289
2246	2247	2291	2290
2247	2248	2292	2291
2248	2249	2293	2292
2249	2250	2294	2293
2250	2251	2295	2294
2251	2252	2296	2295
2252	2253	2297	2296
2253	2254	2298	2297
2254	2255	2299	2298
2255	2256	2300	2299
2256	2257	2301	2300
2257	2258	2302	2301
2258	2259	2303	2302
2259	2260	2304	2303
2260	2261	2305	2304
2261	2262	2306	2305
2262	2263	2307	2306
2263	2264	2308	2307
2264	2265	2309	2308
2265	2266	2310	2309
2266	2267	2311	2310
2267	2268	2312	2311
2268	2269	2313	2312
2269	2270	2314	2313
2270	2271	2315	2314
2271	2272	2316	2315
2272	2273	2317	2316
2273	2274	2318	2317
2274	2275	2319	2318
2275	2276	2320	2319
2276	2277	2321	2320
2277	2278	2322	2321
2278	2279	2323	2322
2279	2280	2324	2323
2280	2281	2325	2324
2281	2282	2326	2325
2282	2283	2327	2326
2283	2284	2328	2327
2284	2285	2329	2328
2285	2286	2330	2329
2286	2287	2331	2330
2287	2288	2332	2331
2288	2245	2289	2332
2289	2290	2334	2333
2290	2291	2335	2334
2291	2292	2336	2335
2292	2293	2337	2336
2293	2294	2338	2337
2294	2295	2339	2338
2295	2296	2340	2339
2296	2297	2341	2340
2297	2298	2342	2341
2298	2299	2343	2342
2299	2300	2344	2343
2300	2301	2345	2344
2301	2302	2346	2345
2302	2303	2347	2346
2303	2304	2348	2347
2304	2305	2349	2348
2305	2306	2350	2349
2306	2307	2351	2350
2307	2308	2352	2351
2308	2309	2353	2352
2309	2310	2354	2353
2310	2311	2355	2354
2311	2312	2356	2355
2312	2313	2357	2356
2313	2314	2358	2357
2314	2315	2359	2358
2315	2316	2360	2359
2316	2317	2361	2360
2317	2318	2362	2361
2318	2319	2363	2362
2319	2320	2364	2363
2320	2321	2365	2364
2321	2322	2366	2365
2322	2323	2367	2366
2323	2324	2368	2367
2324	2325	2369	2368
2325	2326	2370	2369
2326	2327	2371	2370
2327	2328	2372	2371
2328	2329	2373	2372
2329	2330	2374	2373
2330	2331	2375	2374
2331	2332	2376	2375
2332	2289	2333	2376
2333	2334	2378	2377
2334	2335	2379	2378
2335	2336	2380	2379
2336	2337	2381	2380
2337	2338	2382	2381
2338	2339	2383	2382
2339	2340	2384	2383
2340	2341	2385	2384
2341	2342	2386	2385
2342	2343	2387	2386
2343	2344	2388	2387
2344	2345	2389	2388
2345	2346	2390	2389
2346	2347	2391	2390
2347	2348	2392	2391
2348	2349	2393	2392
2349	2350	2394	2393
2350	2351	2395	2394
2351	2352	2396	2395
2352	2353	2397	2396
2353	2354	2398	2397
2354	2355	2399	2398
2355	2356	2400	2399
2356	2357	2401	2400
2357	2358	2402	2401
2358	2359	2403	2402
2359	2360	2404	2403
2360	2361	2405	2404
2361	2362	2406	2405
2362	2363	2407	2406
2363	2364	2408	2407
2364	2365	2409	2408
2365	2366	2410	2409
2366	2367	2411	2410
2367	2368	2412	2411
2368	2369	2413	2412
2369	2370	2414	2413
2370	2371	2415	2414
2371	2372	2416	2415
2372	2373	2417	2416
2373	2374	2418	2417
2374	2375	2419	2418
2375	2376	2420	2419
2376	2333	2377	2420
2377	2378	2422	2421
2378	2379	2423	2422
2379	2380	2424	2423
2380	2381	2425	2424
2381	2382	2426	2425
2382	2383	2427	2426
2383	2384	2428	2427
2384	2385	2429	2428
2385	2386	2430	2429
2386	2387	2431	2430
2387	2388	2432	2431
2388	2389	2433	2432
2389	2390	2434	2433
2390	2391	2435	2434
2391	2392	2436	2435
2392	2393	2437	2436
2393	2394	2438	2437
2394	2395	2439	2438
2395	2396	2440	2439
2396	2397	2441	2440
2397	2398	2442	2441
2398	2399	2443	2442
2399	2400	2444	2443
2400	2401	2445	2444
2401	2402	2446	2445
2402	2403	2447	2446
2403	2404	2448	2447
2404	2405	2449	2448
2405	2406	2450	2449
2406	2407	2451	2450
2407	2408	2452	2451
2408	2409	2453	2452
2409	2410	2454	2453
2410	2411	2455	2454
2411	2412	2456	2455
2412	2413	2457	2456
2413	2414	2458	2457
2414	2415	2459	2458
2415	2416	2460	2459
2416	2417	2461	2460
2417	2418	2462	2461
2418	2419	2463	2462
2419	2420	2464	2463
2420	2377	2421	2464
2421	2422	2466	2465
2422	2423	2467	2466
2423	2424	2468	2467
2424	2425	2469	2468
2425	2426	2470	2469
2426	2427	2471	2470
2427	2428	2472	2471
2428	2429	2473	2472
2429	2430	2474	2473
2430	2431	2475	2474
2431	2432	2476	2475
2432	2433	2477	2476
2433	2434	2478	2477
2434	2435	2479	2478
2435	2436	2480	2479
2436	2437	2481	2480
2437	2438	2482	2481
2438	2439	2483	2482
2439	2440	2484	2483
2440	2441	2485	2484
2441	2442	2486	2485
2442	2443	2487	2486
2443	2444	2488	2487
2444	2445	2489	2488
2445	2446	2490	2489
2446	2447	2491	2490
2447	2448	2492	2491
2448	2449	2493	2492
2449	2450	2494	2493
2450	2451	2495	2494
2451	2452	2496	2495
2452	2453	2497	2496
2453	2454	2498	2497
2454	2455	2499	2498
2455	2456	2500	2499
2456	2457	2501	2500
2457	2458	2502	2501
2458	2459	2503	2502
2459	2460	2504	2503
2460	2461	2505	2504
2461	2462	2506	2505
2462	2463	2507	2506
2463	2464	2508	2507
2464	2421	2465	2508
2465	2466	2510	2509
2466	2467	2511	2510
2467	2468	2512	2511
2468	2469	2513	2512
2469	2470	2514	2513
2470	2471	2515	2514
2471	2472	2516	2515
2472	2473	2517	2516
2473	2474	2518	2517
2474	2475	2519	2518
2475	2476	2520	2519
2476	2477	2521	2520
2477	2478	2522	2521
2478	2479	2523	2522
2479	2480	2524	2523
2480	2481	2525	2524
2481	2482	2526	2525
2482	2483	2527	2526
2483	2484	2528	2527
2484	2485	2529	2528
2485	2486	2530	2529
2486	2487	2531	2530
2487	2488	2532	2531
2488	2489	2533	2532
2489	2490	2534	2533
2490	2491	2535	2534
2491	2492	2536	2535
2492	2493	2537	2536
2493	2494	2538	2537
2494	2495	2539	2538
2495	2496	2540	2539
2496	2497	2541	2540
2497	2498	2542	2541
2498	2499	2543	2542
2499	2500	2544	2543
2500	2501	2545	2544
2501	2502	2546	2545
2502	2503	2547	2546
2503	2504	2548	2547
2504	2505	2549	2548
2505	2506	2550	2549
2506	2507	2551	2550
2507	2508	2552	2551
2508	2465	2509	2552
2509	2510	2554	2553
2510	2511	2555	2554
2511	2512	2556	2555
2512	2513	2557	2556
2513	2514	2558	2557
2514	2515	2559	2558
2515	2516	2560	2559
2516	2517	2561	2560
2517	2518	2562	2561
2518	2519	2563	2562
2519	2520	2564	2563
2520	2521	2565	2564
2521	2522	2566	2565
2522	2523	2567	2566
2523	2524	2568	2567
2524	2525	2569	2568
2525	2526	2570	2569
2526	2527	2571	2570
2527	2528	2572	2571
2528	2529	2573	2572
2529	2530	2574	2573
2530	2531	2575	2574
2531	2532	2576	2575
2532	2533	2577	2576
2533	2534	2578	2577
2534	2535	2579	2578
2535	2536	2580	2579
2536	2537	2581	2580
2537	2538	2582	2581
2538	2539	2583	2582
2539	2540	2584	2583
2540	2541	2585	2584
2541	2542	2586	2585
2542	2543	2587	2586
2543	2544	2588	2587
2544	2545	2589	2588
2545	2546	2590	2589
2546	2547	2591	2590
2547	2548	2592	2591
2548	2549	2593	2592
2549	2550	2594	2593
2550	2551	2595	2594
2551	2552	2596	2595
2552	2509	2553	2596
2553	2554	2598	2597
2554	2555	2599	2598
2555	2556	2600	2599
2556	2557	2601	2600
2557	2558	2602	2601
2558	2559	2603	2602
2559	2560	2604	2603
2560	2561	2605	2604
2561	2562	2606	2605
2562	2563	2607	2606
2563	2564	2608	2607
2564	2565	2609	2608
2565	2566	2610	2609
2566	2567	2611	2610
2567	2568	2612	2611
2568	2569	2613	2612
2569	2570	2614	2613
2570	2571	2615	2614
2571	2572	2616	2615
2572	2573	2617	2616
2573	2574	2618	2617
2574	2575	2619	2618
2575	2576	2620	2619
2576	2577	2621	2620
2577	2578	2622	2621
2578	2579	2623	2622
2579	2580	2624	2623
2580	2581	2625	2624
2581	2582	2626	2625
2582	2583	2627	2626
2583	2584	2628	2627
2584	2585	2629	2628
2585	2586	2630	2629
2586	2587	2631	2630
2587	2588	2632	2631
2588	2589	2633	2632
2589	2590	2634	2633
2590	2591	2635	2634
2591	2592	2636	2635
2592	2593	2637	2636
2593	2594	2638	2637
2594	2595	2639	2638
2595	2596	2640	2639
2596	2553	2597	2640
2597	2598	2642	2641
2598	2599	2643	2642
2599	2600	2644	2643
2600	2601	2645	2644
2601	2602	2646	2645
2602	2603	2647	2646
2603	2604	2648	2647
2604	2605	2649	2648
2605	2606	2650	2649
2606	2607	2651	2650
2607	2608	2652	2651
2608	2609	2653	2652
2609	2610	2654	2653
2610	2611	2655	2654
2611	2612	2656	2655
2612	2613	2657	2656
2613	2614	2658	2657
2614	2615	2659	2658
2615	2616	2660	2659
2616	2617	2661	2660
2617	2618	2662	2661
2618	2619	2663	2662
2619	2620	2664	2663
2620	2621	2665	2664
2621	2622	2666	2665
2622	2623	2667	2666
2623	2624	2668	2667
2624	2625	2669	2668
2625	2626	2670	2669
2626	2627	2671	2670
2627	2628	2672	2671
2628	2629	2673	2672
2629	2630	2674	2673
2630	2631	2675	2674
2631	2632	2676	2675
2632	2633	2677	2676
2633	2634	2678	2677
2634	2635	2679	2678
2635	2636	2680	2679
2636	2637	2681	2680
2637	2638	2682	2681
2638	2639	2683	2682
2639	2640	2684	2683
2640	2597	2641	2684
2641	2642	2686	2685
2642	2643	2687	2686
2643	2644	2688	2687
2644	2645	2689	2688
2645	2646	2690	2689
2646	2647	2691	2690
2647	2648	2692	2691
2648	2649	2693	2692
2649	2650	2694	2693
2650	2651	2695	2694
2651	2652	2696	2695
2652	2653	2697	2696
2653	2654	2698	2697
2654	2655	2699	2698
2655	2656	2700	2699
2656	2657	2701	2700
2657	2658	2702	2701
2658	2659	2703	2702
2659	2660	2704	2703
2660	2661	2705	2704
2661	2662	2706	2705
2662	2663	2707	2706
2663	2664	2708	2707
2664	2665	2709	2708
2665	2666	2710	2709
2666	2667	2711	2710
2667	2668	2712	2711
2668	2669	2713	2712
2669	2670	2714	2713
2670	2671	2715	2714
2671	2672	2716	2715
2672	2673	2717	2716
2673	2674	2718	2717
2674	2675	2719	2718
2675	2676	2720	2719
2676	2677	2721	2720
2677	2678	2722	2721
2678	2679	2723	2722
2679	2680	2724	2723
2680	2681	2725	2724
2681	2682	2726	2725
2682	2683	2727	2726
2683	2684	2728	2727
2684	2641	2685	2728
2685	2686	2730	2729
2686	2687	2731	2730
2687	2688	2732	2731
2688	2689	2733	2732
2689	2690	2734	2733
2690	2691	2735	2734
2691	2692	2736	2735
2692	2693	2737	2736
2693	2694	2738	2737
2694	2695	2739	2738
2695	2696	2740	2739
2696	2697	2741	2740
2697	2698	2742	2741
2698	2699	2743	2742
2699	2700	2744	2743
2700	2701	2745	2744
2701	2702	2746	2745
2702	2703	2747	2746
2703	2704	2748	2747
2704	2705	2749	2748
2705	2706	2750	2749
2706	2707	2751	2750
2707	2708	2752	2751
2708	2709	2753	2752
2709	2710	2754	2753
2710	2711	2755	2754
2711	2712	2756	2755
2712	2713	2757	2756
2713	2714	2758	2757
2714	2715	2759	2758
2715	2716	2760	2759
2716	2717	2761	2760
2717	2718	2762	2761
2718	2719	2763	2762
2719	2720	2764	2763
2720	2721	2765	2764
2721	2722	2766	2765
2722	2723	2767	2766
2723	2724	2768	2767
2724	2725	2769	2768
2725	2726	2770	2769
2726	2727	2771	2770
2727	2728	2772	2771
2728	2685	2729	2772
2729	2730	2774	2773
2730	2731	2775	2774
2731	2732	2776	2775
2732	2733	2777	2776
2733	2734	2778	2777
2734	2735	2779	2778
2735	2736	2780	2779
2736	2737	2781	2780
2737	2738	2782	2781
2738	2739	2783	2782
2739	2740	2784	2783
2740	2741	2785	2784
2741	2742	2786	2785
2742	2743	2787	2786
2743	2744	2788	2787
2744	2745	2789	2788
2745	2746	2790	2789
2746	2747	2791	2790
2747	2748	2792	2791
2748	2749	2793	2792
2749	2750	2794	2793
2750	2751	2795	2794
2751	2752	2796	2795
2752	2753	2797	2796
2753	2754	2798	2797
2754	2755	2799	2798
2755	2756	2800	2799
2756	2757	2801	2800
2757	2758	2802	2801
2758	2759	2803	2802
2759	2760	2804	2803
2760	2761	2805	2804
2761	2762	2806	2805
2762	2763	2807	2806
2763	2764	2808	2807
2764	2765	2809	2808
2765	2766	2810	2809
2766	2767	2811	2810
2767	2768	2812	2811
2768	2769	2813	2812
2769	2770	2814	2813
2770	2771	2815	2814
2771	2772	2816	2815
2772	2729	2773	2816
