0.02600000	-0.01388976	-0.00992566
0.02600000	-0.01246083	-0.00891286
0.02600000	-0.01094276	-0.00805033
0.02600000	-0.00941672	-0.00724626
0.02600000	-0.00790414	-0.00647868
0.02600000	-0.00642059	-0.00573411
0.02600000	-0.00498087	-0.00500063
0.02600000	-0.00360016	-0.00426655
0.02600000	-0.00229611	-0.00351775
0.02600000	-0.00109155	-0.00273576
0.02600000	-0.00000216	-0.00191949
0.02600000	0.00096345	-0.00108000
0.02600000	0.00179502	-0.00022709
0.02600000	0.00248882	0.00062242
0.02600000	0.00304394	0.00145044
0.02600000	0.00346083	0.00223884
0.02600000	0.00374331	0.00296815
0.02600000	0.00387596	0.00362288
0.02600000	0.00385790	0.00417327
0.02600000	0.00373845	0.00458793
0.02600000	0.00359577	0.00486323
0.02600000	0.00348666	0.00501488
0.02600000	0.00344660	0.00506274
0.02600000	0.00340435	0.00511013
0.02600000	0.00326737	0.00524182
0.02600000	0.00301246	0.00542787
0.02600000	0.00262162	0.00562863
0.02600000	0.00208288	0.00578354
0.02600000	0.00140465	0.00582567
0.02600000	0.00061408	0.00573760
0.02600000	-0.00026603	0.00551811
0.02600000	-0.00121457	0.00515988
0.02600000	-0.00220905	0.00465435
0.02600000	-0.00323016	0.00400212
0.02600000	-0.00426260	0.00320979
0.02600000	-0.00529110	0.00228264
0.02600000	-0.00630711	0.00123297
0.02600000	-0.00730232	0.00007146
0.02600000	-0.00827648	-0.00118588
0.02600000	-0.00923717	-0.00251939
0.02600000	-0.01018782	-0.00391484
0.02600000	-0.01114189	-0.00535266
0.02600000	-0.01209531	-0.00682672
0.02600000	-0.01303442	-0.00833895
0.02831091	-0.01462026	-0.00951219
0.02831091	-0.01313574	-0.00856687
0.02831091	-0.01158771	-0.00774580
0.02831091	-0.01003881	-0.00697211
0.02831091	-0.00851199	-0.00621839
0.02831091	-0.00702318	-0.00546981
0.02831091	-0.00558369	-0.00472189
0.02831091	-0.00420329	-0.00397404
0.02831091	-0.00289301	-0.00322395
0.02831091	-0.00167867	-0.00244643
0.02831091	-0.00057069	-0.00164608
0.02831091	0.00042610	-0.00083552
0.02831091	0.00130709	-0.00002651
0.02831091	0.00206294	0.00077450
0.02831091	0.00268917	0.00155538
0.02831091	0.00318371	0.00230192
0.02831091	0.00354432	0.00299961
0.02831091	0.00376348	0.00363381
0.02831091	0.00383236	0.00418259
0.02831091	0.00377867	0.00461231
0.02831091	0.00367461	0.00490561
0.02831091	0.00357743	0.00506584
0.02831091	0.00353948	0.00511570
0.02831091	0.00349806	0.00516472
0.02831091	0.00335863	0.00529675
0.02831091	0.00308994	0.00546848
0.02831091	0.00268041	0.00564060
0.02831091	0.00212690	0.00576424
0.02831091	0.00144013	0.00579674
0.02831091	0.00063911	0.00572194
0.02831091	-0.00025790	0.00553031
0.02831091	-0.00123208	0.00521072
0.02831091	-0.00226298	0.00475279
0.02831091	-0.00332751	0.00414660
0.02831091	-0.00440803	0.00339547
0.02831091	-0.00549239	0.00250986
0.02831091	-0.00656459	0.00149402
0.02831091	-0.00761071	0.00035509
0.02831091	-0.00862810	-0.00089037
0.02831091	-0.00963910	-0.00220923
0.02831091	-0.01064098	-0.00359153
0.02831091	-0.01164766	-0.00501641
0.02831091	-0.01266490	-0.00647052
0.02831091	-0.01367866	-0.00795632
0.03062182	-0.01530828	-0.00915901
0.03062182	-0.01377886	-0.00825446
0.03062182	-0.01220037	-0.00745784
0.03062182	-0.01062665	-0.00669871
0.03062182	-0.00907957	-0.00595042
0.03062182	-0.00757432	-0.00519988
0.03062182	-0.00612108	-0.00444536
0.03062182	-0.00472748	-0.00369083
0.03062182	-0.00340245	-0.00293786
0.03062182	-0.00216904	-0.00216498
0.03062182	-0.00103644	-0.00137699
0.03062182	-0.00000742	-0.00058761
0.03062182	0.00091542	0.00019105
0.03062182	0.00172392	0.00095423
0.03062182	0.00241186	0.00169439
0.03062182	0.00297388	0.00240245
0.03062182	0.00340429	0.00306830
0.03062182	0.00369452	0.00368047
0.03062182	0.00383393	0.00422123
0.03062182	0.00383596	0.00465824
0.03062182	0.00376156	0.00496324
0.03062182	0.00367414	0.00513084
0.03062182	0.00363768	0.00518252
0.03062182	0.00359684	0.00523307
0.03062182	0.00345519	0.00536614
0.03062182	0.00317721	0.00553015
0.03062182	0.00275437	0.00568355
0.03062182	0.00218900	0.00578550
0.03062182	0.00149294	0.00580804
0.03062182	0.00068143	0.00573520
0.03062182	-0.00022975	0.00555462
0.03062182	-0.00122351	0.00525392
0.03062182	-0.00228046	0.00482066
0.03062182	-0.00337866	0.00424370
0.03062182	-0.00450040	0.00352435
0.03062182	-0.00563216	0.00267052
0.03062182	-0.00675561	0.00168324
0.03062182	-0.00785287	0.00056603
0.03062182	-0.00891991	-0.00066413
0.03062182	-0.00998027	-0.00197076
0.03062182	-0.01103793	-0.00333815
0.03062182	-0.01210837	-0.00474335
0.03062182	-0.01319643	-0.00617294
0.03062182	-0.01428609	-0.00763105
0.03293273	-0.01599568	-0.00888291
0.03293273	-0.01442340	-0.00800194
0.03293273	-0.01281377	-0.00721264
0.03293273	-0.01121341	-0.00645210
0.03293273	-0.00964260	-0.00569672
0.03293273	-0.00811421	-0.00493860
0.03293273	-0.00663761	-0.00417811
0.03293273	-0.00522154	-0.00341731
0.03293273	-0.00387572	-0.00265657
0.03293273	-0.00261750	-0.00188393
0.03293273	-0.00145512	-0.00110432
0.03293273	-0.00039127	-0.00033035
0.03293273	0.00057199	0.00042622
0.03293273	0.00142911	0.00115930
0.03293273	0.00217338	0.00186420
0.03293273	0.00279717	0.00253642
0.03293273	0.00329195	0.00317056
0.03293273	0.00364746	0.00375881
0.03293273	0.00385176	0.00428732
0.03293273	0.00390718	0.00472703
0.03293273	0.00385951	0.00504158
0.03293273	0.00378090	0.00521639
0.03293273	0.00374570	0.00527002
0.03293273	0.00370515	0.00532209
0.03293273	0.00356092	0.00545673
0.03293273	0.00327558	0.00561798
0.03293273	0.00284177	0.00576114
0.03293273	0.00226493	0.00584948
0.03293273	0.00155761	0.00586131
0.03293273	0.00073399	0.00578042
0.03293273	-0.00019089	0.00559389
0.03293273	-0.00120106	0.00529101
0.03293273	-0.00227913	0.00486200
0.03293273	-0.00340629	0.00429869
0.03293273	-0.00456559	0.00360013
0.03293273	-0.00574137	0.00276884
0.03293273	-0.00691437	0.00180363
0.03293273	-0.00806470	0.00070528
0.03293273	-0.00918634	-0.00051024
0.03293273	-0.01029943	-0.00180722
0.03293273	-0.01141899	-0.00315972
0.03293273	-0.01256025	-0.00454388
0.03293273	-0.01372406	-0.00594867
0.03293273	-0.01489193	-0.00738052
0.03524364	-0.01668183	-0.00867388
0.03524364	-0.01506679	-0.00780343
0.03524364	-0.01342442	-0.00700860
0.03524364	-0.01179520	-0.00623472
0.03524364	-0.01019740	-0.00546279
0.03524364	-0.00864081	-0.00469180
0.03524364	-0.00713373	-0.00392458
0.03524364	-0.00568758	-0.00315804
0.03524364	-0.00431568	-0.00238630
0.03524364	-0.00302803	-0.00161027
0.03524364	-0.00183161	-0.00083597
0.03524364	-0.00073050	-0.00007311
0.03524364	0.00027268	0.00066789
0.03524364	0.00117504	0.00137826
0.03524364	0.00197026	0.00205439
0.03524364	0.00264954	0.00269516
0.03524364	0.00320246	0.00329939
0.03524364	0.00361722	0.00386320
0.03524364	0.00388094	0.00437652
0.03524364	0.00398783	0.00481486
0.03524364	0.00396512	0.00513756
0.03524364	0.00389484	0.00531958
0.03524364	0.00386069	0.00537525
0.03524364	0.00382019	0.00542885
0.03524364	0.00367295	0.00556533
0.03524364	0.00338105	0.00572677
0.03524364	0.00293703	0.00586474
0.03524364	0.00234829	0.00594366
0.03524364	0.00162822	0.00594242
0.03524364	0.00079153	0.00584458
0.03524364	-0.00014651	0.00563854
0.03524364	-0.00117081	0.00531725
0.03524364	-0.00226666	0.00487659
0.03524364	-0.00341950	0.00431412
0.03524364	-0.00461332	0.00362638
0.03524364	-0.00582998	0.00280896
0.03524364	-0.00705062	0.00185976
0.03524364	-0.00825536	0.00077829
0.03524364	-0.00943613	-0.00042173
0.03524364	-0.01060357	-0.00171152
0.03524364	-0.01178954	-0.00304839
0.03524364	-0.01300660	-0.00440949
0.03524364	-0.01424925	-0.00578866
0.03524364	-0.01549635	-0.00719517
0.03755455	-0.01737187	-0.00850596
0.03755455	-0.01571004	-0.00764297
0.03755455	-0.01403052	-0.00683941
0.03755455	-0.01236789	-0.00604954
0.03755455	-0.01073828	-0.00525927
0.03755455	-0.00914950	-0.00447231
0.03755455	-0.00760872	-0.00369411
0.03755455	-0.00612802	-0.00292038
0.03755455	-0.00472571	-0.00213623
0.03755455	-0.00340554	-0.00135385
0.03755455	-0.00217297	-0.00058132
0.03755455	-0.00103378	0.00017489
0.03755455	0.00000851	0.00090580
0.03755455	0.00095282	0.00160038
0.03755455	0.00179352	0.00225493
0.03755455	0.00252153	0.00287026
0.03755455	0.00312566	0.00344820
0.03755455	0.00359335	0.00398843
0.03755455	0.00391135	0.00448447
0.03755455	0.00406849	0.00491740
0.03755455	0.00407199	0.00524710
0.03755455	0.00401078	0.00543653
0.03755455	0.00397752	0.00549428
0.03755455	0.00393687	0.00554934
0.03755455	0.00378600	0.00568739
0.03755455	0.00348633	0.00584764
0.03755455	0.00303105	0.00597853
0.03755455	0.00242950	0.00604518
0.03755455	0.00169606	0.00602630
0.03755455	0.00084628	0.00590558
0.03755455	-0.00010429	0.00567315
0.03755455	-0.00114152	0.00532578
0.03755455	-0.00225348	0.00486527
0.03755455	-0.00342993	0.00429568
0.03755455	-0.00465543	0.00361092
0.03755455	-0.00591002	0.00280063
0.03755455	-0.00717637	0.00186322
0.03755455	-0.00843634	0.00079847
0.03755455	-0.00968022	-0.00038269
0.03755455	-0.01090452	-0.00166451
0.03755455	-0.01216082	-0.00298252
0.03755455	-0.01345639	-0.00431744
0.03755455	-0.01477888	-0.00566926
0.03755455	-0.01610496	-0.00705018
0.03986545	-0.01806029	-0.00836594
0.03986545	-0.01634799	-0.00751121
0.03986545	-0.01462770	-0.00669909
0.03986545	-0.01292802	-0.00589368
0.03986545	-0.01126291	-0.00508584
0.03986545	-0.00963904	-0.00428223
0.03986545	-0.00806276	-0.00349038
0.03986545	-0.00654550	-0.00270758
0.03986545	-0.00510963	-0.00191132
0.03986545	-0.00375491	-0.00112127
0.03986545	-0.00248542	-0.00034780
0.03986545	-0.00130852	0.00040547
0.03986545	-0.00022858	0.00113088
0.03986545	0.00075412	0.00181601
0.03986545	0.00163485	0.00245625
0.03986545	0.00240500	0.00305278
0.03986545	0.00305355	0.00360909
0.03986545	0.00356793	0.00412751
0.03986545	0.00393509	0.00460498
0.03986545	0.00414060	0.00502854
0.03986545	0.00417369	0.00536342
0.03986545	0.00412290	0.00556024
0.03986545	0.00409043	0.00562009
0.03986545	0.00404947	0.00567654
0.03986545	0.00389434	0.00581568
0.03986545	0.00358573	0.00597288
0.03986545	0.00311841	0.00609445
0.03986545	0.00250363	0.00614628
0.03986545	0.00175680	0.00610693
0.03986545	0.00089423	0.00596038
0.03986545	-0.00006829	0.00569840
0.03986545	-0.00111762	0.00532121
0.03986545	-0.00224458	0.00483617
0.03986545	-0.00344290	0.00425354
0.03986545	-0.00469718	0.00356455
0.03986545	-0.00598699	0.00275566
0.03986545	-0.00729703	0.00182647
0.03986545	-0.00861161	0.00077780
0.03986545	-0.00991985	-0.00038233
0.03986545	-0.01120593	-0.00165149
0.03986545	-0.01253568	-0.00294633
0.03986545	-0.01390983	-0.00425285
0.03986545	-0.01531066	-0.00557678
0.03986545	-0.01671358	-0.00693259
0.04217636	-0.01873103	-0.00824243
0.04217636	-0.01696671	-0.00739847
0.04217636	-0.01520407	-0.00657972
0.04217636	-0.01346574	-0.00576080
0.04217636	-0.01176350	-0.00493755
0.04217636	-0.01010339	-0.00411850
0.04217636	-0.00849133	-0.00331251
0.04217636	-0.00693772	-0.00251931
0.04217636	-0.00546695	-0.00171248
0.04217636	-0.00407713	-0.00091506
0.04217636	-0.00277143	-0.00013909
0.04217636	-0.00155843	0.00061384
0.04217636	-0.00044329	0.00133722
0.04217636	0.00057376	0.00201824
0.04217636	0.00148897	0.00265076
0.04217636	0.00229490	0.00323486
0.04217636	0.00298135	0.00377435
0.04217636	0.00353634	0.00427326
0.04217636	0.00394726	0.00473157
0.04217636	0.00419811	0.00514222
0.04217636	0.00426455	0.00547926
0.04217636	0.00422576	0.00568299
0.04217636	0.00419408	0.00574491
0.04217636	0.00415271	0.00580270
0.04217636	0.00399296	0.00594249
0.04217636	0.00367480	0.00609518
0.04217636	0.00319538	0.00620612
0.04217636	0.00256767	0.00624224
0.04217636	0.00180791	0.00618199
0.04217636	0.00093310	0.00600959
0.04217636	-0.00004082	0.00571812
0.04217636	-0.00110166	0.00531067
0.04217636	-0.00224274	0.00479941
0.04217636	-0.00346113	0.00419979
0.04217636	-0.00474120	0.00350094
0.04217636	-0.00606351	0.00268919
0.04217636	-0.00741483	0.00176550
0.04217636	-0.00878189	0.00073195
0.04217636	-0.01015299	-0.00040620
0.04217636	-0.01150536	-0.00165590
0.04217636	-0.01290902	-0.00292366
0.04217636	-0.01435861	-0.00420124
0.04217636	-0.01583335	-0.00549838
0.04217636	-0.01730851	-0.00683082
0.04448727	-0.01936439	-0.00812082
0.04448727	-0.01754897	-0.00729119
0.04448727	-0.01574464	-0.00646914
0.04448727	-0.01396815	-0.00564025
0.04448727	-0.01222921	-0.00480514
0.04448727	-0.01053355	-0.00397357
0.04448727	-0.00888703	-0.00315503
0.04448727	-0.00729915	-0.00235135
0.04448727	-0.00579401	-0.00153666
0.04448727	-0.00437009	-0.00073363
0.04448727	-0.00303036	0.00004508
0.04448727	-0.00178406	0.00079895
0.04448727	-0.00063706	0.00152244
0.04448727	0.00040980	0.00220323
0.04448727	0.00135387	0.00283333
0.04448727	0.00218944	0.00341043
0.04448727	0.00290757	0.00393748
0.04448727	0.00349718	0.00441932
0.04448727	0.00394621	0.00485856
0.04448727	0.00423805	0.00525361
0.04448727	0.00434032	0.00558876
0.04448727	0.00431486	0.00579839
0.04448727	0.00428404	0.00586229
0.04448727	0.00424227	0.00592134
0.04448727	0.00407786	0.00606141
0.04448727	0.00375032	0.00620882
0.04448727	0.00325952	0.00630909
0.04448727	0.00261984	0.00633048
0.04448727	0.00184806	0.00625130
0.04448727	0.00096171	0.00605582
0.04448727	-0.00002310	0.00573793
0.04448727	-0.00109495	0.00530280
0.04448727	-0.00224928	0.00476646
0.04448727	-0.00348558	0.00414805
0.04448727	-0.00478838	0.00343612
0.04448727	-0.00614021	0.00261923
0.04448727	-0.00752969	0.00169954
0.04448727	-0.00894556	0.00068029
0.04448727	-0.01037583	-0.00043539
0.04448727	-0.01179636	-0.00165830
0.04448727	-0.01327095	-0.00289624
0.04448727	-0.01478979	-0.00414583
0.04448727	-0.01633145	-0.00541849
0.04448727	-0.01787200	-0.00672998
0.04679818	-0.01994071	-0.00798580
0.04679818	-0.01807764	-0.00717425
0.04679818	-0.01623429	-0.00635325
0.04679818	-0.01442202	-0.00551909
0.04679818	-0.01264864	-0.00467689
0.04679818	-0.01091974	-0.00383717
0.04679818	-0.00924141	-0.00300946
0.04679818	-0.00762272	-0.00219686
0.04679818	-0.00608544	-0.00137789
0.04679818	-0.00462981	-0.00057222
0.04679818	-0.00325937	0.00020817
0.04679818	-0.00198353	0.00096295
0.04679818	-0.00080873	0.00168725
0.04679818	0.00026317	0.00237002
0.04679818	0.00123056	0.00300129
0.04679818	0.00208993	0.00357541
0.04679818	0.00283386	0.00409355
0.04679818	0.00345229	0.00456064
0.04679818	0.00393360	0.00498152
0.04679818	0.00426100	0.00535953
0.04679818	0.00439898	0.00568852
0.04679818	0.00438739	0.00590257
0.04679818	0.00435751	0.00596826
0.04679818	0.00431541	0.00602848
0.04679818	0.00414669	0.00616862
0.04679818	0.00381061	0.00631075
0.04679818	0.00330983	0.00640159
0.04679818	0.00265962	0.00641093
0.04679818	0.00187702	0.00631690
0.04679818	0.00097992	0.00610349
0.04679818	-0.00001538	0.00576473
0.04679818	-0.00109787	0.00530701
0.04679818	-0.00226454	0.00474916
0.04679818	-0.00351632	0.00411244
0.04679818	-0.00483873	0.00338689
0.04679818	-0.00621676	0.00256458
0.04679818	-0.00764047	0.00164863
0.04679818	-0.00910012	0.00064311
0.04679818	-0.01058404	-0.00044980
0.04679818	-0.01207075	-0.00163981
0.04679818	-0.01360989	-0.00284692
0.04679818	-0.01518946	-0.00407063
0.04679818	-0.01678918	-0.00532176
0.04679818	-0.01838661	-0.00661491
0.04910909	-0.02044409	-0.00782339
0.04910909	-0.01853888	-0.00703326
0.04910909	-0.01666082	-0.00621813
0.04910909	-0.01481656	-0.00538422
0.04910909	-0.01301231	-0.00454053
0.04910909	-0.01125371	-0.00369804
0.04910909	-0.00954724	-0.00286587
0.04910909	-0.00790191	-0.00204764
0.04910909	-0.00633598	-0.00122858
0.04910909	-0.00485214	-0.00042402
0.04910909	-0.00345509	0.00035591
0.04910909	-0.00215404	0.00111032
0.04910909	-0.00095584	0.00183485
0.04910909	0.00013636	0.00252010
0.04910909	0.00112190	0.00315428
0.04910909	0.00199970	0.00372780
0.04910909	0.00276401	0.00423951
0.04910909	0.00340574	0.00469393
0.04910909	0.00391347	0.00509779
0.04910909	0.00427034	0.00545867
0.04910909	0.00444095	0.00577816
0.04910909	0.00444268	0.00599502
0.04910909	0.00441376	0.00606227
0.04910909	0.00437143	0.00612350
0.04910909	0.00419909	0.00626366
0.04910909	0.00385591	0.00640129
0.04910909	0.00334700	0.00648509
0.04910909	0.00268804	0.00648640
0.04910909	0.00189603	0.00638307
0.04910909	0.00098902	0.00615844
0.04910909	-0.00001638	0.00580604
0.04910909	-0.00110917	0.00533265
0.04910909	-0.00228725	0.00475881
0.04910909	-0.00355209	0.00410661
0.04910909	-0.00489107	0.00336947
0.04910909	-0.00629165	0.00254326
0.04910909	-0.00774495	0.00163183
0.04910909	-0.00924223	0.00063982
0.04910909	-0.01077278	-0.00043025
0.04910909	-0.01231951	-0.00158401
0.04910909	-0.01391414	-0.00276113
0.04910909	-0.01554445	-0.00396166
0.04910909	-0.01719230	-0.00519419
0.04910909	-0.01883714	-0.00647133
0.05142000	-0.02086542	-0.00762357
0.05142000	-0.01892510	-0.00685718
0.05142000	-0.01701767	-0.00605269
0.05142000	-0.01514613	-0.00522480
0.05142000	-0.01331544	-0.00438562
0.05142000	-0.01153140	-0.00354626
0.05142000	-0.00980102	-0.00271515
0.05142000	-0.00813338	-0.00189600
0.05142000	-0.00654307	-0.00108135
0.05142000	-0.00503521	-0.00028193
0.05142000	-0.00361598	0.00049457
0.05142000	-0.00229420	0.00124641
0.05142000	-0.00107701	0.00196949
0.05142000	0.00003115	0.00265619
0.05142000	0.00103034	0.00329318
0.05142000	0.00192191	0.00386685
0.05142000	0.00270177	0.00437356
0.05142000	0.00336162	0.00481712
0.05142000	0.00389004	0.00520588
0.05142000	0.00427011	0.00555088
0.05142000	0.00446789	0.00585940
0.05142000	0.00448134	0.00607764
0.05142000	0.00445337	0.00614615
0.05142000	0.00441099	0.00620826
0.05142000	0.00423598	0.00634863
0.05142000	0.00388753	0.00648329
0.05142000	0.00337257	0.00656321
0.05142000	0.00270679	0.00656116
0.05142000	0.00190688	0.00645464
0.05142000	0.00099092	0.00622606
0.05142000	-0.00002411	0.00586796
0.05142000	-0.00112690	0.00538674
0.05142000	-0.00231554	0.00480375
0.05142000	-0.00359146	0.00414103
0.05142000	-0.00494433	0.00339640
0.05142000	-0.00636378	0.00256918
0.05142000	-0.00784167	0.00166380
0.05142000	-0.00936988	0.00068532
0.05142000	-0.01093899	-0.00036252
0.05142000	-0.01253619	-0.00148040
0.05142000	-0.01417580	-0.00262993
0.05142000	-0.01584649	-0.00381010
0.05142000	-0.01753248	-0.00502646
0.05142000	-0.01921516	-0.00628929
0.05373091	-0.02120550	-0.00738230
0.05373091	-0.01923772	-0.00664051
0.05373091	-0.01730668	-0.00585088
0.05373091	-0.01541284	-0.00503442
0.05373091	-0.01356039	-0.00420551
0.05373091	-0.01175536	-0.00337504
0.05373091	-0.01000530	-0.00255068
0.05373091	-0.00831937	-0.00173623
0.05373091	-0.00670907	-0.00093038
0.05373091	-0.00518160	-0.00013991
0.05373091	-0.00374445	0.00062983
0.05373091	-0.00240610	0.00137625
0.05373091	-0.00117388	0.00209542
0.05373091	-0.00005336	0.00278130
0.05373091	0.00095604	0.00341933
0.05373091	0.00185777	0.00399237
0.05373091	0.00264913	0.00449450
0.05373091	0.00332245	0.00492884
0.05373091	0.00386618	0.00530496
0.05373091	0.00426334	0.00563653
0.05373091	0.00448150	0.00593473
0.05373091	0.00450434	0.00615340
0.05373091	0.00447730	0.00622288
0.05373091	0.00443505	0.00628574
0.05373091	0.00425854	0.00642677
0.05373091	0.00390679	0.00656051
0.05373091	0.00338787	0.00664002
0.05373091	0.00271717	0.00663919
0.05373091	0.00191095	0.00653515
0.05373091	0.00098718	0.00630932
0.05373091	-0.00003683	0.00595297
0.05373091	-0.00114921	0.00547170
0.05373091	-0.00234778	0.00488691
0.05373091	-0.00363356	0.00422029
0.05373091	-0.00499831	0.00347372
0.05373091	-0.00643334	0.00264934
0.05373091	-0.00793101	0.00175205
0.05373091	-0.00948363	0.00078729
0.05373091	-0.01108287	-0.00023986
0.05373091	-0.01271900	-0.00132599
0.05373091	-0.01439295	-0.00245141
0.05373091	-0.01609432	-0.00361368
0.05373091	-0.01780937	-0.00481544
0.05373091	-0.01952119	-0.00606482
0.05604182	-0.02147783	-0.00710373
0.05604182	-0.01948985	-0.00638573
0.05604182	-0.01754049	-0.00561397
0.05604182	-0.01562891	-0.00481328
0.05604182	-0.01375893	-0.00399931
0.05604182	-0.01193692	-0.00318259
0.05604182	-0.01017083	-0.00237010
0.05604182	-0.00846976	-0.00156595
0.05604182	-0.00684339	-0.00077259
0.05604182	-0.00530025	0.00000581
0.05604182	-0.00384873	0.00076558
0.05604182	-0.00249711	0.00150356
0.05604182	-0.00125285	0.00221592
0.05604182	-0.00012232	0.00289779
0.05604182	0.00089533	0.00353374
0.05604182	0.00180500	0.00410405
0.05604182	0.00260494	0.00460120
0.05604182	0.00328789	0.00502774
0.05604182	0.00384217	0.00539411
0.05604182	0.00425082	0.00571564
0.05604182	0.00448232	0.00600607
0.05604182	0.00451185	0.00622471
0.05604182	0.00448566	0.00629489
0.05604182	0.00444374	0.00635839
0.05604182	0.00426691	0.00650070
0.05604182	0.00391369	0.00663570
0.05604182	0.00339263	0.00671795
0.05604182	0.00271872	0.00672202
0.05604182	0.00190773	0.00662469
0.05604182	0.00097743	0.00640655
0.05604182	-0.00005463	0.00605771
0.05604182	-0.00117606	0.00558284
0.05604182	-0.00238415	0.00500308
0.05604182	-0.00367943	0.00433975
0.05604182	-0.00505498	0.00359746
0.05604182	-0.00650321	0.00278023
0.05604182	-0.00801678	0.00189335
0.05604182	-0.00958825	0.00094260
0.05604182	-0.01120989	-0.00006617
0.05604182	-0.01287349	-0.00112731
0.05604182	-0.01457232	-0.00223260
0.05604182	-0.01629647	-0.00337869
0.05604182	-0.01803348	-0.00456636
0.05604182	-0.01976760	-0.00580218
0.05835273	-0.02171163	-0.00680231
0.05835273	-0.01970899	-0.00610548
0.05835273	-0.01774514	-0.00535275
0.05835273	-0.01581905	-0.00457017
0.05835273	-0.01393458	-0.00377378
0.05835273	-0.01209834	-0.00297379
0.05835273	-0.01031850	-0.00217684
0.05835273	-0.00860412	-0.00138726
0.05835273	-0.00696434	-0.00060867
0.05835273	-0.00540821	0.00015581
0.05835273	-0.00394447	0.00090312
0.05835273	-0.00258137	0.00162999
0.05835273	-0.00132646	0.00233266
0.05835273	-0.00018650	0.00300680
0.05835273	0.00083942	0.00363655
0.05835273	0.00175666	0.00420106
0.05835273	0.00256383	0.00469209
0.05835273	0.00325382	0.00511203
0.05835273	0.00381495	0.00547170
0.05835273	0.00423036	0.00578718
0.05835273	0.00446883	0.00607348
0.05835273	0.00450228	0.00629212
0.05835273	0.00447681	0.00636282
0.05835273	0.00443537	0.00642691
0.05835273	0.00425915	0.00657109
0.05835273	0.00390588	0.00670924
0.05835273	0.00338395	0.00679647
0.05835273	0.00270799	0.00680743
0.05835273	0.00189345	0.00671863
0.05835273	0.00095788	0.00651014
0.05835273	-0.00008113	0.00617140
0.05835273	-0.00121087	0.00570659
0.05835273	-0.00242826	0.00513666
0.05835273	-0.00373347	0.00448287
0.05835273	-0.00511997	0.00375071
0.05835273	-0.00658050	0.00294485
0.05835273	-0.00810778	0.00207068
0.05835273	-0.00969442	0.00113411
0.05835273	-0.01133275	0.00014112
0.05835273	-0.01301479	-0.00090229
0.05835273	-0.01473176	-0.00199107
0.05835273	-0.01647374	-0.00312180
0.05835273	-0.01822866	-0.00429473
0.05835273	-0.01998122	-0.00551595
0.06066364	-0.02194271	-0.00649784
0.06066364	-0.01992778	-0.00582042
0.06066364	-0.01795115	-0.00508653
0.06066364	-0.01601206	-0.00432231
0.06066364	-0.01411458	-0.00354374
0.06066364	-0.01226539	-0.00276109
0.06066364	-0.01047280	-0.00198085
0.06066364	-0.00874591	-0.00120730
0.06066364	-0.00709393	-0.00044396
0.06066364	-0.00552596	0.00030611
0.06066364	-0.00405081	0.00103997
0.06066364	-0.00267674	0.00175437
0.06066364	-0.00141143	0.00244576
0.06066364	-0.00026165	0.00310971
0.06066364	0.00077333	0.00373037
0.06066364	0.00169868	0.00428678
0.06066364	0.00251294	0.00477063
0.06066364	0.00320898	0.00518446
0.06066364	0.00377523	0.00553920
0.06066364	0.00419496	0.00585111
0.06066364	0.00443704	0.00613560
0.06066364	0.00447275	0.00635445
0.06066364	0.00444792	0.00642557
0.06066364	0.00440700	0.00649023
0.06066364	0.00423178	0.00663650
0.06066364	0.00387903	0.00677856
0.06066364	0.00335672	0.00687135
0.06066364	0.00267922	0.00688933
0.06066364	0.00186176	0.00680878
0.06066364	0.00092174	0.00660954
0.06066364	-0.00012335	0.00628084
0.06066364	-0.00126071	0.00582668
0.06066364	-0.00248701	0.00526804
0.06066364	-0.00380223	0.00462626
0.06066364	-0.00519976	0.00390677
0.06066364	-0.00667226	0.00311418
0.06066364	-0.00821240	0.00225383
0.06066364	-0.00981271	0.00133155
0.06066364	-0.01146545	0.00035329
0.06066364	-0.01316254	-0.00067504
0.06066364	-0.01489512	-0.00174846
0.06066364	-0.01665324	-0.00286364
0.06066364	-0.01842480	-0.00402095
0.06066364	-0.02019453	-0.00522666
0.06297455	-0.02217883	-0.00619475
0.06297455	-0.02015275	-0.00553692
0.06297455	-0.01816448	-0.00482207
0.06297455	-0.01621352	-0.00407641
0.06297455	-0.01430412	-0.00331590
0.06297455	-0.01244309	-0.00255078
0.06297455	-0.01063879	-0.00178748
0.06297455	-0.00890040	-0.00103019
0.06297455	-0.00723719	-0.00028234
0.06297455	-0.00565831	0.00045310
0.06297455	-0.00417260	0.00117325
0.06297455	-0.00278838	0.00187497
0.06297455	-0.00151340	0.00255475
0.06297455	-0.00035447	0.00320824
0.06297455	0.00068898	0.00381957
0.06297455	0.00162189	0.00436765
0.06297455	0.00244275	0.00484417
0.06297455	0.00314443	0.00525174
0.06297455	0.00371546	0.00560140
0.06297455	0.00413924	0.00590965
0.06297455	0.00438470	0.00619226
0.06297455	0.00442261	0.00641121
0.06297455	0.00439840	0.00648270
0.06297455	0.00435799	0.00654787
0.06297455	0.00418382	0.00669612
0.06297455	0.00383176	0.00684192
0.06297455	0.00330932	0.00694013
0.06297455	0.00263065	0.00696500
0.06297455	0.00181073	0.00689265
0.06297455	0.00086677	0.00670269
0.06297455	-0.00018380	0.00638412
0.06297455	-0.00132812	0.00594079
0.06297455	-0.00256262	0.00539365
0.06297455	-0.00388707	0.00476412
0.06297455	-0.00529480	0.00405757
0.06297455	-0.00677841	0.00327854
0.06297455	-0.00833049	0.00243234
0.06297455	-0.00994351	0.00152471
0.06297455	-0.01160965	0.00056155
0.06297455	-0.01332075	-0.00045132
0.06297455	-0.01506789	-0.00150897
0.06297455	-0.01684107	-0.00260819
0.06297455	-0.01862817	-0.00374945
0.06297455	-0.02041395	-0.00493920
0.06528545	-0.02241690	-0.00589227
0.06528545	-0.02038102	-0.00525422
0.06528545	-0.01838246	-0.00455863
0.06528545	-0.01642097	-0.00383177
0.06528545	-0.01450096	-0.00308960
0.06528545	-0.01262934	-0.00234230
0.06528545	-0.01081457	-0.00159621
0.06528545	-0.00906588	-0.00085549
0.06528545	-0.00739258	-0.00012342
0.06528545	-0.00580386	0.00059707
0.06528545	-0.00430861	0.00130322
0.06528545	-0.00291520	0.00199193
0.06528545	-0.00163141	0.00265980
0.06528545	-0.00046413	0.00330254
0.06528545	0.00058705	0.00390425
0.06528545	0.00152689	0.00444374
0.06528545	0.00235378	0.00491271
0.06528545	0.00306061	0.00531382
0.06528545	0.00363602	0.00565826
0.06528545	0.00406354	0.00596270
0.06528545	0.00431219	0.00624328
0.06528545	0.00435223	0.00646219
0.06528545	0.00432863	0.00653401
0.06528545	0.00428877	0.00659964
0.06528545	0.00411571	0.00674972
0.06528545	0.00376454	0.00689913
0.06528545	0.00324231	0.00700261
0.06528545	0.00256290	0.00703429
0.06528545	0.00174106	0.00697012
0.06528545	0.00079379	0.00678949
0.06528545	-0.00026156	0.00648119
0.06528545	-0.00141206	0.00604890
0.06528545	-0.00265392	0.00551352
0.06528545	-0.00398668	0.00489652
0.06528545	-0.00540362	0.00420323
0.06528545	-0.00689729	0.00343814
0.06528545	-0.00846022	0.00260647
0.06528545	-0.01008480	0.00171391
0.06528545	-0.01176313	0.00076628
0.06528545	-0.01348702	-0.00023066
0.06528545	-0.01524746	-0.00127206
0.06528545	-0.01703441	-0.00235481
0.06528545	-0.01883575	-0.00347949
0.06528545	-0.02063626	-0.00465273
0.06759636	-0.02257121	-0.00556597
0.06759636	-0.02053271	-0.00494862
0.06759636	-0.01853090	-0.00427345
0.06759636	-0.01656581	-0.00356672
0.06759636	-0.01464197	-0.00284430
0.06759636	-0.01276639	-0.00211630
0.06759636	-0.01094758	-0.00138896
0.06759636	-0.00919478	-0.00066634
0.06759636	-0.00751733	0.00004837
0.06759636	-0.00592443	0.00075235
0.06759636	-0.00442498	0.00144291
0.06759636	-0.00302736	0.00211706
0.06759636	-0.00173939	0.00277147
0.06759636	-0.00056796	0.00340191
0.06759636	0.00048720	0.00399245
0.06759636	0.00143062	0.00452195
0.06759636	0.00226061	0.00498213
0.06759636	0.00297008	0.00537574
0.06759636	0.00354779	0.00571408
0.06759636	0.00397746	0.00601394
0.06759636	0.00422826	0.00629174
0.06759636	0.00427016	0.00650992
0.06759636	0.00424723	0.00658182
0.06759636	0.00420802	0.00664769
0.06759636	0.00403664	0.00679909
0.06759636	0.00368751	0.00695154
0.06759636	0.00316720	0.00705982
0.06759636	0.00248932	0.00709799
0.06759636	0.00166833	0.00704191
0.06759636	0.00072101	0.00687085
0.06759636	-0.00033545	0.00657338
0.06759636	-0.00148807	0.00615302
0.06759636	-0.00273285	0.00563053
0.06759636	-0.00406913	0.00502741
0.06759636	-0.00549017	0.00434893
0.06759636	-0.00698848	0.00359951
0.06759636	-0.00855656	0.00278429
0.06759636	-0.01018676	0.00190887
0.06759636	-0.01187115	0.00097899
0.06759636	-0.01360148	0.00000034
0.06759636	-0.01536875	-0.00102232
0.06759636	-0.01716288	-0.00208598
0.06759636	-0.01897178	-0.00319134
0.06759636	-0.02078037	-0.00434513
0.06990727	-0.02261777	-0.00520958
0.06990727	-0.02058531	-0.00461414
0.06990727	-0.01858881	-0.00396090
0.06990727	-0.01662852	-0.00327595
0.06990727	-0.01470911	-0.00257504
0.06990727	-0.01283763	-0.00186813
0.06990727	-0.01102260	-0.00116137
0.06990727	-0.00927326	-0.00045869
0.06990727	-0.00759891	0.00023682
0.06990727	-0.00600873	0.00092243
0.06990727	-0.00451160	0.00159556
0.06990727	-0.00311588	0.00225330
0.06990727	-0.00182936	0.00289241
0.06990727	-0.00065893	0.00350873
0.06990727	0.00039555	0.00408639
0.06990727	0.00133840	0.00460431
0.06990727	0.00216782	0.00505435
0.06990727	0.00287682	0.00543931
0.06990727	0.00345427	0.00577054
0.06990727	0.00388416	0.00606487
0.06990727	0.00413595	0.00633891
0.06990727	0.00417944	0.00655549
0.06990727	0.00415724	0.00662717
0.06990727	0.00411882	0.00669300
0.06990727	0.00394975	0.00684504
0.06990727	0.00360398	0.00699974
0.06990727	0.00308763	0.00711210
0.06990727	0.00241397	0.00715621
0.06990727	0.00159717	0.00710794
0.06990727	0.00065370	0.00694650
0.06990727	-0.00039942	0.00666037
0.06990727	-0.00154926	0.00625287
0.06990727	-0.00279162	0.00574459
0.06990727	-0.00412568	0.00515692
0.06990727	-0.00554467	0.00449508
0.06990727	-0.00704114	0.00376340
0.06990727	-0.00860757	0.00296692
0.06990727	-0.01023630	0.00211114
0.06990727	-0.01191941	0.00120171
0.06990727	-0.01364863	0.00024422
0.06990727	-0.01541498	-0.00075671
0.06990727	-0.01720842	-0.00179813
0.06990727	-0.01901694	-0.00288085
0.06990727	-0.02082560	-0.00401168
0.07221818	-0.02258902	-0.00483405
0.07221818	-0.02056898	-0.00426124
0.07221818	-0.01858409	-0.00363085
0.07221818	-0.01663480	-0.00296874
0.07221818	-0.01472591	-0.00229045
0.07221818	-0.01286448	-0.00160581
0.07221818	-0.01105902	-0.00092081
0.07221818	-0.00931871	-0.00023929
0.07221818	-0.00765282	0.00043578
0.07221818	-0.00607046	0.00110178
0.07221818	-0.00458046	0.00175623
0.07221818	-0.00319114	0.00239629
0.07221818	-0.00191023	0.00301884
0.07221818	-0.00074462	0.00361980
0.07221818	0.00030574	0.00418337
0.07221818	0.00124493	0.00468868
0.07221818	0.00207109	0.00512766
0.07221818	0.00277728	0.00550318
0.07221818	0.00335259	0.00582660
0.07221818	0.00378128	0.00611473
0.07221818	0.00403319	0.00638429
0.07221818	0.00407807	0.00659864
0.07221818	0.00405665	0.00666989
0.07221818	0.00401910	0.00673547
0.07221818	0.00385278	0.00688761
0.07221818	0.00351134	0.00704393
0.07221818	0.00300044	0.00715977
0.07221818	0.00233301	0.00720933
0.07221818	0.00152289	0.00716856
0.07221818	0.00058621	0.00701673
0.07221818	-0.00046025	0.00674222
0.07221818	-0.00160363	0.00634820
0.07221818	-0.00283956	0.00585501
0.07221818	-0.00416708	0.00528389
0.07221818	-0.00557942	0.00463997
0.07221818	-0.00706917	0.00392748
0.07221818	-0.00862883	0.00315134
0.07221818	-0.01025075	0.00231697
0.07221818	-0.01192705	0.00142988
0.07221818	-0.01364948	0.00049555
0.07221818	-0.01540909	-0.00048150
0.07221818	-0.01719592	-0.00149843
0.07221818	-0.01899807	-0.00255615
0.07221818	-0.02080079	-0.00366152
0.07452909	-0.02251593	-0.00444977
0.07452909	-0.02051250	-0.00389987
0.07452909	-0.01854333	-0.00329274
0.07452909	-0.01660913	-0.00265393
0.07452909	-0.01471475	-0.00199879
0.07452909	-0.01286728	-0.00133697
0.07452909	-0.01107519	-0.00067431
0.07452909	-0.00934759	-0.00001455
0.07452909	-0.00769368	0.00063947
0.07452909	-0.00612250	0.00128522
0.07452909	-0.00464281	0.00192032
0.07452909	-0.00326284	0.00254204
0.07452909	-0.00199031	0.00314734
0.07452909	-0.00083202	0.00373224
0.07452909	0.00021194	0.00428108
0.07452909	0.00114542	0.00477319
0.07452909	0.00196651	0.00520062
0.07452909	0.00266837	0.00556627
0.07452909	0.00324028	0.00588149
0.07452909	0.00366682	0.00616302
0.07452909	0.00391828	0.00642766
0.07452909	0.00396439	0.00663939
0.07452909	0.00394377	0.00671005
0.07452909	0.00390714	0.00677524
0.07452909	0.00374382	0.00692712
0.07452909	0.00340729	0.00708461
0.07452909	0.00290277	0.00720348
0.07452909	0.00224283	0.00725810
0.07452909	0.00144094	0.00722456
0.07452909	0.00051292	0.00708220
0.07452909	-0.00052475	0.00681938
0.07452909	-0.00165931	0.00643910
0.07452909	-0.00288626	0.00596143
0.07452909	-0.00420446	0.00540740
0.07452909	-0.00560720	0.00478204
0.07452909	-0.00708709	0.00408949
0.07452909	-0.00863667	0.00333455
0.07452909	-0.01024836	0.00252251
0.07452909	-0.01191428	0.00165878
0.07452909	-0.01362624	0.00074870
0.07452909	-0.01537536	-0.00020332
0.07452909	-0.01715175	-0.00119457
0.07452909	-0.01894364	-0.00222601
0.07452909	-0.02073651	-0.00330456
0.07684000	-0.02242390	-0.00406555
0.07684000	-0.02043941	-0.00353840
0.07684000	-0.01848830	-0.00295445
0.07684000	-0.01657150	-0.00233891
0.07684000	-0.01469390	-0.00170691
0.07684000	-0.01286262	-0.00106792
0.07684000	-0.01108607	-0.00042765
0.07684000	-0.00937327	0.00021028
0.07684000	-0.00773336	0.00084314
0.07684000	-0.00617527	0.00146852
0.07684000	-0.00470769	0.00208413
0.07684000	-0.00333879	0.00268733
0.07684000	-0.00207620	0.00327519
0.07684000	-0.00092669	0.00384382
0.07684000	0.00010954	0.00437773
0.07684000	0.00103613	0.00485646
0.07684000	0.00185112	0.00527218
0.07684000	0.00254776	0.00562783
0.07684000	0.00311555	0.00593471
0.07684000	0.00353939	0.00620948
0.07684000	0.00379003	0.00646901
0.07684000	0.00383728	0.00667790
0.07684000	0.00381745	0.00674790
0.07684000	0.00378176	0.00681261
0.07684000	0.00362156	0.00696401
0.07684000	0.00329023	0.00712237
0.07684000	0.00279258	0.00724395
0.07684000	0.00214080	0.00730332
0.07684000	0.00134803	0.00727674
0.07684000	0.00042970	0.00714365
0.07684000	-0.00059799	0.00689241
0.07684000	-0.00172238	0.00652584
0.07684000	-0.00293887	0.00606375
0.07684000	-0.00424615	0.00552694
0.07684000	-0.00563756	0.00492030
0.07684000	-0.00710577	0.00424789
0.07684000	-0.00864337	0.00351440
0.07684000	-0.01024281	0.00272498
0.07684000	-0.01189628	0.00188493
0.07684000	-0.01359563	0.00099944
0.07684000	-0.01533205	0.00007282
0.07684000	-0.01709574	-0.00089232
0.07684000	-0.01887509	-0.00189706
0.07684000	-0.02065582	-0.00294831
0.07915091	-0.02232213	-0.00368489
0.07915091	-0.02035820	-0.00318015
0.07915091	-0.01842678	-0.00261906
0.07915091	-0.01652897	-0.00202652
0.07915091	-0.01466975	-0.00141742
0.07915091	-0.01285621	-0.00080106
0.07915091	-0.01109671	-0.00018298
0.07915091	-0.00940018	0.00043329
0.07915091	-0.00777566	0.00104515
0.07915091	-0.00623202	0.00165027
0.07915091	-0.00477784	0.00224647
0.07915091	-0.00342120	0.00283122
0.07915091	-0.00216967	0.00340165
0.07915091	-0.00102996	0.00395402
0.07915091	-0.00000239	0.00447298
0.07915091	0.00091646	0.00493833
0.07915091	0.00172461	0.00534234
0.07915091	0.00241540	0.00568799
0.07915091	0.00297855	0.00598651
0.07915091	0.00339929	0.00625449
0.07915091	0.00364885	0.00650880
0.07915091	0.00369711	0.00671471
0.07915091	0.00367806	0.00678399
0.07915091	0.00364331	0.00684816
0.07915091	0.00348629	0.00699893
0.07915091	0.00316034	0.00715792
0.07915091	0.00266987	0.00728193
0.07915091	0.00202671	0.00734576
0.07915091	0.00124362	0.00732587
0.07915091	0.00033569	0.00720182
0.07915091	-0.00068119	0.00696197
0.07915091	-0.00179447	0.00660900
0.07915091	-0.00299946	0.00616239
0.07915091	-0.00429470	0.00564271
0.07915091	-0.00567357	0.00505474
0.07915091	-0.00712881	0.00440243
0.07915091	-0.00865305	0.00369035
0.07915091	-0.01023881	0.00292354
0.07915091	-0.01187833	0.00210716
0.07915091	-0.01356352	0.00124629
0.07915091	-0.01528565	0.00034510
0.07915091	-0.01703503	-0.00059391
0.07915091	-0.01880019	-0.00157187
0.07915091	-0.02056709	-0.00259574
0.08146182	-0.02220716	-0.00330717
0.08146182	-0.02026555	-0.00282448
0.08146182	-0.01835557	-0.00228594
0.08146182	-0.01647851	-0.00171611
0.08146182	-0.01463939	-0.00112965
0.08146182	-0.01284527	-0.00053567
0.08146182	-0.01110446	0.00006042
0.08146182	-0.00942580	0.00065521
0.08146182	-0.00781823	0.00124622
0.08146182	-0.00629049	0.00183121
0.08146182	-0.00485109	0.00240809
0.08146182	-0.00350803	0.00297444
0.08146182	-0.00226877	0.00352750
0.08146182	-0.00113999	0.00406360
0.08146182	-0.00012211	0.00456761
0.08146182	0.00078810	0.00501955
0.08146182	0.00158860	0.00541185
0.08146182	0.00227285	0.00574749
0.08146182	0.00283081	0.00603764
0.08146182	0.00324800	0.00629877
0.08146182	0.00349617	0.00654776
0.08146182	0.00354533	0.00675056
0.08146182	0.00352704	0.00681906
0.08146182	0.00349324	0.00688263
0.08146182	0.00333945	0.00703256
0.08146182	0.00301910	0.00719193
0.08146182	0.00253616	0.00731810
0.08146182	0.00190210	0.00738609
0.08146182	0.00112935	0.00737261
0.08146182	0.00023260	0.00725737
0.08146182	-0.00077255	0.00702873
0.08146182	-0.00187370	0.00668922
0.08146182	-0.00306603	0.00625801
0.08146182	-0.00434798	0.00575537
0.08146182	-0.00571296	0.00518601
0.08146182	-0.00715379	0.00455377
0.08146182	-0.00866316	0.00386309
0.08146182	-0.01023365	0.00311889
0.08146182	-0.01185756	0.00232619
0.08146182	-0.01352689	0.00148996
0.08146182	-0.01523297	0.00061424
0.08146182	-0.01696623	-0.00029858
0.08146182	-0.01871538	-0.00124969
0.08146182	-0.02046660	-0.00224607
0.08377273	-0.02206985	-0.00292999
0.08377273	-0.02015286	-0.00246901
0.08377273	-0.01826661	-0.00195276
0.08377273	-0.01641256	-0.00140545
0.08377273	-0.01459577	-0.00084146
0.08377273	-0.01282327	-0.00026973
0.08377273	-0.01110328	0.00030449
0.08377273	-0.00944454	0.00087789
0.08377273	-0.00785588	0.00144810
0.08377273	-0.00634596	0.00201299
0.08377273	-0.00492314	0.00257056
0.08377273	-0.00359533	0.00311849
0.08377273	-0.00236993	0.00365411
0.08377273	-0.00125352	0.00417385
0.08377273	-0.00024662	0.00466279
0.08377273	0.00065378	0.00510123
0.08377273	0.00144561	0.00548173
0.08377273	0.00212245	0.00580728
0.08377273	0.00267448	0.00608899
0.08377273	0.00308757	0.00634317
0.08377273	0.00333397	0.00658670
0.08377273	0.00338388	0.00678619
0.08377273	0.00336635	0.00685382
0.08377273	0.00333350	0.00691671
0.08377273	0.00318307	0.00706560
0.08377273	0.00286857	0.00722506
0.08377273	0.00239363	0.00735304
0.08377273	0.00176933	0.00742488
0.08377273	0.00100772	0.00741750
0.08377273	0.00012315	0.00731081
0.08377273	-0.00086909	0.00709321
0.08377273	-0.00195679	0.00676705
0.08377273	-0.00313503	0.00635117
0.08377273	-0.00440211	0.00586557
0.08377273	-0.00575152	0.00531484
0.08377273	-0.00717614	0.00470271
0.08377273	-0.00866875	0.00403350
0.08377273	-0.01022198	0.00331201
0.08377273	-0.01182823	0.00254313
0.08377273	-0.01347955	0.00173169
0.08377273	-0.01516739	0.00088161
0.08377273	-0.01688230	-0.00000481
0.08377273	-0.01861316	-0.00092884
0.08377273	-0.02034641	-0.00189744
0.08608364	-0.02190268	-0.00255134
0.08608364	-0.02001302	-0.00211179
0.08608364	-0.01815320	-0.00161765
0.08608364	-0.01632482	-0.00109272
0.08608364	-0.01453299	-0.00055112
0.08608364	-0.01278468	-0.00000158
0.08608364	-0.01108802	0.00055079
0.08608364	-0.00945163	0.00110281
0.08608364	-0.00788423	0.00165220
0.08608364	-0.00639433	0.00219694
0.08608364	-0.00499020	0.00273512
0.08608364	-0.00367964	0.00326451
0.08608364	-0.00246993	0.00378255
0.08608364	-0.00136758	0.00428576
0.08608364	-0.00037321	0.00475945
0.08608364	0.00051601	0.00518421
0.08608364	0.00129797	0.00555277
0.08608364	0.00196637	0.00586811
0.08608364	0.00251162	0.00614125
0.08608364	0.00291995	0.00638834
0.08608364	0.00316416	0.00662620
0.08608364	0.00321467	0.00682214
0.08608364	0.00319790	0.00688881
0.08608364	0.00316602	0.00695093
0.08608364	0.00301908	0.00709853
0.08608364	0.00271080	0.00725774
0.08608364	0.00224440	0.00738719
0.08608364	0.00163064	0.00746250
0.08608364	0.00088118	0.00746091
0.08608364	0.00000999	0.00736252
0.08608364	-0.00096798	0.00715578
0.08608364	-0.00204068	0.00684290
0.08608364	-0.00320310	0.00644235
0.08608364	-0.00445345	0.00597384
0.08608364	-0.00578528	0.00544183
0.08608364	-0.00719157	0.00484996
0.08608364	-0.00866518	0.00420241
0.08608364	-0.01019882	0.00350385
0.08608364	-0.01178496	0.00275906
0.08608364	-0.01341577	0.00197271
0.08608364	-0.01508280	0.00114861
0.08608364	-0.01677673	0.00028895
0.08608364	-0.01848663	-0.00060759
0.08608364	-0.02019922	-0.00154797
0.08839455	-0.02170514	-0.00217150
0.08839455	-0.01984546	-0.00175308
0.08839455	-0.01801471	-0.00128083
0.08839455	-0.01621463	-0.00077811
0.08839455	-0.01445032	-0.00025877
0.08839455	-0.01272871	0.00026867
0.08839455	-0.01105784	0.00079926
0.08839455	-0.00944617	0.00132993
0.08839455	-0.00790231	0.00185851
0.08839455	-0.00643463	0.00238307
0.08839455	-0.00505125	0.00290181
0.08839455	-0.00375987	0.00341258
0.08839455	-0.00256766	0.00391292
0.08839455	-0.00148103	0.00439946
0.08839455	-0.00050069	0.00485772
0.08839455	0.00037600	0.00526867
0.08839455	0.00114690	0.00562516
0.08839455	0.00180585	0.00593019
0.08839455	0.00234350	0.00619466
0.08839455	0.00274643	0.00643452
0.08839455	0.00298802	0.00666651
0.08839455	0.00303898	0.00685867
0.08839455	0.00302296	0.00692429
0.08839455	0.00299208	0.00698554
0.08839455	0.00284876	0.00713159
0.08839455	0.00254702	0.00729023
0.08839455	0.00208973	0.00742075
0.08839455	0.00148726	0.00749917
0.08839455	0.00075093	0.00750301
0.08839455	-0.00010570	0.00741264
0.08839455	-0.00106802	0.00721658
0.08839455	-0.00212416	0.00691689
0.08839455	-0.00326907	0.00653168
0.08839455	-0.00450085	0.00608029
0.08839455	-0.00581313	0.00556709
0.08839455	-0.00719898	0.00499560
0.08839455	-0.00865136	0.00436988
0.08839455	-0.01016309	0.00369447
0.08839455	-0.01172673	0.00297400
0.08839455	-0.01333455	0.00221302
0.08839455	-0.01497821	0.00141521
0.08839455	-0.01664856	0.00058265
0.08839455	-0.01833486	-0.00028603
0.08839455	-0.02002412	-0.00119774
0.09070545	-0.02148317	-0.00179279
0.09070545	-0.01965563	-0.00139506
0.09070545	-0.01785608	-0.00094435
0.09070545	-0.01608642	-0.00046355
0.09070545	-0.01435173	0.00003379
0.09070545	-0.01265889	0.00053937
0.09070545	-0.01101579	0.00104839
0.09070545	-0.00943079	0.00155788
0.09070545	-0.00791233	0.00206579
0.09070545	-0.00646864	0.00257030
0.09070545	-0.00510771	0.00306966
0.09070545	-0.00383710	0.00356186
0.09070545	-0.00266387	0.00404450
0.09070545	-0.00159432	0.00451434
0.09070545	-0.00062925	0.00495715
0.09070545	0.00023380	0.00535425
0.09070545	0.00099267	0.00569865
0.09070545	0.00164134	0.00599335
0.09070545	0.00217070	0.00624910
0.09070545	0.00256770	0.00648167
0.09070545	0.00280632	0.00670764
0.09070545	0.00285761	0.00689584
0.09070545	0.00284233	0.00696033
0.09070545	0.00281245	0.00702064
0.09070545	0.00267283	0.00716493
0.09070545	0.00237787	0.00732267
0.09070545	0.00193011	0.00745393
0.09070545	0.00133954	0.00753508
0.09070545	0.00061710	0.00754401
0.09070545	-0.00022403	0.00746135
0.09070545	-0.00116960	0.00727572
0.09070545	-0.00220794	0.00698906
0.09070545	-0.00333397	0.00661905
0.09070545	-0.00454567	0.00618470
0.09070545	-0.00583679	0.00569025
0.09070545	-0.00720050	0.00513912
0.09070545	-0.00862986	0.00453523
0.09070545	-0.01011778	0.00388299
0.09070545	-0.01165695	0.00318689
0.09070545	-0.01323974	0.00245135
0.09070545	-0.01485796	0.00167992
0.09070545	-0.01650260	0.00087458
0.09070545	-0.01816315	0.00003392
0.09070545	-0.01982690	-0.00084894
0.09301636	-0.02124549	-0.00141814
0.09301636	-0.01945153	-0.00104056
0.09301636	-0.01768465	-0.00061088
0.09301636	-0.01594685	-0.00015153
0.09301636	-0.01424322	0.00032425
0.09301636	-0.01258054	0.00080837
0.09301636	-0.01096659	0.00129620
0.09301636	-0.00940959	0.00178487
0.09301636	-0.00791780	0.00227244
0.09301636	-0.00649934	0.00275717
0.09301636	-0.00516203	0.00323743
0.09301636	-0.00391328	0.00371126
0.09301636	-0.00276005	0.00417639
0.09301636	-0.00170854	0.00462967
0.09301636	-0.00075960	0.00505715
0.09301636	0.00008902	0.00544051
0.09301636	0.00083518	0.00577292
0.09301636	0.00147299	0.00605737
0.09301636	0.00199358	0.00630447
0.09301636	0.00238427	0.00652974
0.09301636	0.00261967	0.00674964
0.09301636	0.00267118	0.00693377
0.09301636	0.00265663	0.00699708
0.09301636	0.00262774	0.00705639
0.09301636	0.00249186	0.00719876
0.09301636	0.00220383	0.00735537
0.09301636	0.00176583	0.00748707
0.09301636	0.00118753	0.00757063
0.09301636	0.00047948	0.00758431
0.09301636	-0.00034553	0.00750902
0.09301636	-0.00127361	0.00733352
0.09301636	-0.00229331	0.00705960
0.09301636	-0.00339950	0.00670455
0.09301636	-0.00459011	0.00628700
0.09301636	-0.00585895	0.00581107
0.09301636	-0.00719934	0.00528007
0.09301636	-0.00860441	0.00469779
0.09301636	-0.01006722	0.00406851
0.09301636	-0.01158055	0.00339658
0.09301636	-0.01313690	0.00268629
0.09301636	-0.01472822	0.00194105
0.09301636	-0.01634566	0.00116275
0.09301636	-0.01797894	0.00034995
0.09301636	-0.01961564	-0.00050418
0.09532727	-0.02100007	-0.00104995
0.09532727	-0.01924049	-0.00069185
0.09532727	-0.01750709	-0.00028257
0.09532727	-0.01580196	0.00015595
0.09532727	-0.01413019	0.00061076
0.09532727	-0.01249847	0.00107400
0.09532727	-0.01091446	0.00154117
0.09532727	-0.00938620	0.00200954
0.09532727	-0.00792184	0.00247726
0.09532727	-0.00652930	0.00294268
0.09532727	-0.00521629	0.00340424
0.09532727	-0.00399006	0.00386009
0.09532727	-0.00285744	0.00430805
0.09532727	-0.00182453	0.00474507
0.09532727	-0.00089225	0.00515749
0.09532727	-0.00005851	0.00552735
0.09532727	0.00067454	0.00584799
0.09532727	0.00130112	0.00612237
0.09532727	0.00181266	0.00636095
0.09532727	0.00219681	0.00657903
0.09532727	0.00242881	0.00679286
0.09532727	0.00248046	0.00697288
0.09532727	0.00246662	0.00703499
0.09532727	0.00243872	0.00709327
0.09532727	0.00230657	0.00723361
0.09532727	0.00202548	0.00738892
0.09532727	0.00159736	0.00752083
0.09532727	0.00103148	0.00760652
0.09532727	0.00033807	0.00762462
0.09532727	-0.00047051	0.00755636
0.09532727	-0.00138070	0.00739062
0.09532727	-0.00238127	0.00712907
0.09532727	-0.00346709	0.00678861
0.09532727	-0.00463601	0.00638748
0.09532727	-0.00588193	0.00592967
0.09532727	-0.00719829	0.00541839
0.09532727	-0.00857835	0.00485732
0.09532727	-0.01001526	0.00425057
0.09532727	-0.01150193	0.00360238
0.09532727	-0.01303099	0.00291689
0.09532727	-0.01459453	0.00219741
0.09532727	-0.01618388	0.00144572
0.09532727	-0.01778896	0.00066034
0.09532727	-0.01939768	-0.00016549
0.09763818	-0.02075162	-0.00068910
0.09763818	-0.01902678	-0.00034974
0.09763818	-0.01732722	0.00003986
0.09763818	-0.01565515	0.00045823
0.09763818	-0.01401563	0.00089276
0.09763818	-0.01241525	0.00133578
0.09763818	-0.01086156	0.00178295
0.09763818	-0.00936244	0.00223164
0.09763818	-0.00792587	0.00268009
0.09763818	-0.00655962	0.00312675
0.09763818	-0.00527125	0.00357014
0.09763818	-0.00406787	0.00400850
0.09763818	-0.00295618	0.00443973
0.09763818	-0.00194218	0.00486089
0.09763818	-0.00102684	0.00525861
0.09763818	-0.00020825	0.00561530
0.09763818	0.00051145	0.00592445
0.09763818	0.00112663	0.00618901
0.09763818	0.00162895	0.00641927
0.09763818	0.00200642	0.00663028
0.09763818	0.00223491	0.00683814
0.09763818	0.00228661	0.00701404
0.09763818	0.00227346	0.00707494
0.09763818	0.00224652	0.00713217
0.09763818	0.00211806	0.00727042
0.09763818	0.00184390	0.00742429
0.09763818	0.00142563	0.00755621
0.09763818	0.00087221	0.00764377
0.09763818	0.00019349	0.00766599
0.09763818	-0.00059853	0.00760441
0.09763818	-0.00149065	0.00744805
0.09763818	-0.00247187	0.00719847
0.09763818	-0.00353706	0.00687216
0.09763818	-0.00468397	0.00648698
0.09763818	-0.00590664	0.00604680
0.09763818	-0.00719861	0.00555473
0.09763818	-0.00855325	0.00501431
0.09763818	-0.00996384	0.00442954
0.09763818	-0.01142341	0.00380451
0.09763818	-0.01292471	0.00314324
0.09763818	-0.01445999	0.00244890
0.09763818	-0.01602073	0.00172320
0.09763818	-0.01759710	0.00096462
0.09763818	-0.01917729	0.00016647
0.09994909	-0.02050232	-0.00033553
0.09994909	-0.01881229	-0.00001417
0.09994909	-0.01714669	0.00035651
0.09994909	-0.01550780	0.00075549
0.09994909	-0.01390066	0.00117047
0.09994909	-0.01233177	0.00159399
0.09994909	-0.01080853	0.00202185
0.09994909	-0.00933868	0.00245153
0.09994909	-0.00793004	0.00288136
0.09994909	-0.00659023	0.00330987
0.09994909	-0.00532665	0.00373566
0.09994909	-0.00414627	0.00415707
0.09994909	-0.00305567	0.00457207
0.09994909	-0.00206072	0.00497783
0.09994909	-0.00116247	0.00536127
0.09994909	-0.00035915	0.00570516
0.09994909	0.00034710	0.00600315
0.09994909	0.00095078	0.00625818
0.09994909	0.00144379	0.00648034
0.09994909	0.00181452	0.00668447
0.09994909	0.00203940	0.00688645
0.09994909	0.00209109	0.00705827
0.09994909	0.00207860	0.00711794
0.09994909	0.00205260	0.00717412
0.09994909	0.00192776	0.00731023
0.09994909	0.00166044	0.00746255
0.09994909	0.00125197	0.00759430
0.09994909	0.00071094	0.00768350
0.09994909	0.00004689	0.00770955
0.09994909	-0.00072857	0.00765430
0.09994909	-0.00160259	0.00750692
0.09994909	-0.00256439	0.00726886
0.09994909	-0.00360884	0.00695623
0.09994909	-0.00473363	0.00658650
0.09994909	-0.00593290	0.00616340
0.09994909	-0.00720031	0.00568996
0.09994909	-0.00852935	0.00516958
0.09994909	-0.00991341	0.00460615
0.09994909	-0.01134566	0.00400362
0.09994909	-0.01281898	0.00336588
0.09994909	-0.01432574	0.00269600
0.09994909	-0.01585763	0.00199558
0.09994909	-0.01740501	0.00126308
0.09994909	-0.01895637	0.00049188
0.10226000	-0.02025374	0.00001064
0.10226000	-0.01859839	0.00031480
0.10226000	-0.01696662	0.00066733
0.10226000	-0.01536081	0.00104770
0.10226000	-0.01378595	0.00144390
0.10226000	-0.01224846	0.00184867
0.10226000	-0.01075561	0.00225797
0.10226000	-0.00931498	0.00266935
0.10226000	-0.00793422	0.00308125
0.10226000	-0.00662082	0.00349226
0.10226000	-0.00538199	0.00390108
0.10226000	-0.00422461	0.00430612
0.10226000	-0.00315508	0.00470544
0.10226000	-0.00217919	0.00509630
0.10226000	-0.00129804	0.00546591
0.10226000	-0.00051001	0.00579741
0.10226000	0.00018276	0.00608461
0.10226000	0.00077493	0.00633039
0.10226000	0.00125863	0.00654472
0.10226000	0.00162257	0.00674215
0.10226000	0.00184382	0.00693839
0.10226000	0.00189544	0.00710617
0.10226000	0.00188359	0.00716462
0.10226000	0.00185849	0.00721975
0.10226000	0.00173721	0.00735368
0.10226000	0.00147663	0.00750437
0.10226000	0.00107781	0.00763581
0.10226000	0.00054906	0.00772643
0.10226000	-0.00010046	0.00775602
0.10226000	-0.00085947	0.00770675
0.10226000	-0.00171547	0.00756793
0.10226000	-0.00265790	0.00734093
0.10226000	-0.00368165	0.00704147
0.10226000	-0.00478435	0.00668662
0.10226000	-0.00596023	0.00628002
0.10226000	-0.00720309	0.00582457
0.10226000	-0.00850653	0.00532357
0.10226000	-0.00986406	0.00478079
0.10226000	-0.01126897	0.00420004
0.10226000	-0.01271427	0.00358509
0.10226000	-0.01419249	0.00293889
0.10226000	-0.01569547	0.00226297
0.10226000	-0.01721381	0.00155575
0.10226000	-0.01873628	0.00081070
0.10457091	-0.02000861	0.00034820
0.10457091	-0.01838747	0.00063599
0.10457091	-0.01678911	0.00097121
0.10457091	-0.01521598	0.00133382
0.10457091	-0.01367303	0.00171206
0.10457091	-0.01216658	0.00209890
0.10457091	-0.01070376	0.00249042
0.10457091	-0.00929202	0.00288427
0.10457091	-0.00793884	0.00327898
0.10457091	-0.00665155	0.00367322
0.10457091	-0.00543723	0.00406575
0.10457091	-0.00430259	0.00445506
0.10457091	-0.00325394	0.00483929
0.10457091	-0.00229694	0.00521582
0.10457091	-0.00143275	0.00557211
0.10457091	-0.00065987	0.00589168
0.10457091	0.00001956	0.00616848
0.10457091	0.00060032	0.00640537
0.10457091	0.00107478	0.00661214
0.10457091	0.00143199	0.00680309
0.10457091	0.00164960	0.00699374
0.10457091	0.00170110	0.00715756
0.10457091	0.00168986	0.00721482
0.10457091	0.00166565	0.00726890
0.10457091	0.00154782	0.00740067
0.10457091	0.00129383	0.00754966
0.10457091	0.00090448	0.00768065
0.10457091	0.00038776	0.00777249
0.10457091	-0.00024746	0.00780533
0.10457091	-0.00099026	0.00776167
0.10457091	-0.00182848	0.00763099
0.10457091	-0.00275178	0.00741454
0.10457091	-0.00375506	0.00712769
0.10457091	-0.00483591	0.00678713
0.10457091	-0.00598865	0.00639636
0.10457091	-0.00720720	0.00595821
0.10457091	-0.00848528	0.00547586
0.10457091	-0.00981653	0.00495294
0.10457091	-0.01119435	0.00439317
0.10457091	-0.01261189	0.00380017
0.10457091	-0.01406182	0.00317680
0.10457091	-0.01553614	0.00252449
0.10457091	-0.01702567	0.00184167
0.10457091	-0.01851947	0.00112185
0.10688182	-0.01977170	0.00067471
0.10688182	-0.01818388	0.00094701
0.10688182	-0.01661807	0.00126582
0.10688182	-0.01507678	0.00161155
0.10688182	-0.01356492	0.00197274
0.10688182	-0.01208872	0.00234253
0.10688182	-0.01065519	0.00271714
0.10688182	-0.00927160	0.00309430
0.10688182	-0.00794531	0.00347264
0.10688182	-0.00668349	0.00385089
0.10688182	-0.00549307	0.00422788
0.10688182	-0.00438064	0.00460217
0.10688182	-0.00335236	0.00497200
0.10688182	-0.00241380	0.00533481
0.10688182	-0.00156616	0.00567838
0.10688182	-0.00080809	0.00598654
0.10688182	-0.00014169	0.00625341
0.10688182	0.00042793	0.00648180
0.10688182	0.00089337	0.00668133
0.10688182	0.00124399	0.00686608
0.10688182	0.00145802	0.00705134
0.10688182	0.00150938	0.00721132
0.10688182	0.00149873	0.00726741
0.10688182	0.00147536	0.00732047
0.10688182	0.00136086	0.00745010
0.10688182	0.00111322	0.00759738
0.10688182	0.00073302	0.00772783
0.10688182	0.00022798	0.00782070
0.10688182	-0.00039336	0.00785653
0.10688182	-0.00112041	0.00781812
0.10688182	-0.00194132	0.00769511
0.10688182	-0.00284598	0.00748868
0.10688182	-0.00382930	0.00721383
0.10688182	-0.00488882	0.00688689
0.10688182	-0.00601899	0.00651122
0.10688182	-0.00721382	0.00608958
0.10688182	-0.00846716	0.00562504
0.10688182	-0.00977275	0.00512111
0.10688182	-0.01112412	0.00458138
0.10688182	-0.01251455	0.00400938
0.10688182	-0.01393684	0.00340784
0.10688182	-0.01538316	0.00277813
0.10688182	-0.01684455	0.00211865
0.10688182	-0.01831032	0.00142300
0.10919273	-0.01954878	0.00098788
0.10919273	-0.01799287	0.00124559
0.10919273	-0.01645822	0.00154894
0.10919273	-0.01494742	0.00187874
0.10919273	-0.01346534	0.00222382
0.10919273	-0.01201812	0.00257750
0.10919273	-0.01061263	0.00293613
0.10919273	-0.00925602	0.00329752
0.10919273	-0.00795550	0.00366037
0.10919273	-0.00671808	0.00402349
0.10919273	-0.00555056	0.00438578
0.10919273	-0.00445940	0.00474585
0.10919273	-0.00345065	0.00510203
0.10919273	-0.00252977	0.00545185
0.10919273	-0.00169800	0.00578335
0.10919273	-0.00095413	0.00608072
0.10919273	-0.00030024	0.00633817
0.10919273	0.00025870	0.00655850
0.10919273	0.00071548	0.00675118
0.10919273	0.00105979	0.00693003
0.10919273	0.00127038	0.00711016
0.10919273	0.00132161	0.00726647
0.10919273	0.00131151	0.00732144
0.10919273	0.00128894	0.00737353
0.10919273	0.00117760	0.00750109
0.10919273	0.00093600	0.00764670
0.10919273	0.00056455	0.00777657
0.10919273	0.00007065	0.00787035
0.10919273	-0.00053742	0.00790894
0.10919273	-0.00124940	0.00787544
0.10919273	-0.00205375	0.00775964
0.10919273	-0.00294055	0.00756266
0.10919273	-0.00390476	0.00729915
0.10919273	-0.00494386	0.00698508
0.10919273	-0.00605239	0.00662372
0.10919273	-0.00722449	0.00621771
0.10919273	-0.00845411	0.00577003
0.10919273	-0.00973510	0.00528408
0.10919273	-0.01106112	0.00476336
0.10919273	-0.01242555	0.00421125
0.10919273	-0.01382134	0.00363040
0.10919273	-0.01524082	0.00302212
0.10919273	-0.01667522	0.00238478
0.10919273	-0.01811411	0.00171206
0.11150364	-0.01934545	0.00128708
0.11150364	-0.01781949	0.00153112
0.11150364	-0.01631411	0.00181996
0.11150364	-0.01483194	0.00213481
0.11150364	-0.01337782	0.00246477
0.11150364	-0.01195781	0.00280334
0.11150364	-0.01057865	0.00314696
0.11150364	-0.00924737	0.00349355
0.11150364	-0.00797104	0.00384187
0.11150364	-0.00675653	0.00419079
0.11150364	-0.00561052	0.00453926
0.11150364	-0.00453933	0.00488599
0.11150364	-0.00354892	0.00522935
0.11150364	-0.00264463	0.00556697
0.11150364	-0.00182778	0.00588715
0.11150364	-0.00109724	0.00617438
0.11150364	-0.00045509	0.00642301
0.11150364	0.00009382	0.00663578
0.11150364	0.00054247	0.00682202
0.11150364	0.00088085	0.00699533
0.11150364	0.00108822	0.00717064
0.11150364	0.00113932	0.00732351
0.11150364	0.00112974	0.00737743
0.11150364	0.00110793	0.00742859
0.11150364	0.00099956	0.00755423
0.11150364	0.00076366	0.00769827
0.11150364	0.00040041	0.00782761
0.11150364	-0.00008303	0.00792226
0.11150364	-0.00067865	0.00796343
0.11150364	-0.00137648	0.00793453
0.11150364	-0.00216528	0.00782549
0.11150364	-0.00303532	0.00763736
0.11150364	-0.00398158	0.00738450
0.11150364	-0.00500151	0.00708251
0.11150364	-0.00608974	0.00673456
0.11150364	-0.00724049	0.00634322
0.11150364	-0.00844784	0.00591136
0.11150364	-0.00970575	0.00544229
0.11150364	-0.01100796	0.00493939
0.11150364	-0.01234799	0.00440595
0.11150364	-0.01371891	0.00384454
0.11150364	-0.01511320	0.00325637
0.11150364	-0.01652225	0.00263980
0.11150364	-0.01793592	0.00198861
0.11381455	-0.01916623	0.00157426
0.11381455	-0.01766780	0.00180551
0.11381455	-0.01618931	0.00208080
0.11381455	-0.01473344	0.00238172
0.11381455	-0.01330502	0.00269758
0.11381455	-0.01191000	0.00302206
0.11381455	-0.01055503	0.00335171
0.11381455	-0.00924702	0.00368451
0.11381455	-0.00799290	0.00401928
0.11381455	-0.00679943	0.00435498
0.11381455	-0.00567317	0.00469060
0.11381455	-0.00462032	0.00502491
0.11381455	-0.00364673	0.00535636
0.11381455	-0.00275768	0.00568264
0.11381455	-0.00195451	0.00599230
0.11381455	-0.00123620	0.00627013
0.11381455	-0.00060483	0.00651055
0.11381455	-0.00006513	0.00671631
0.11381455	0.00037607	0.00689657
0.11381455	0.00070900	0.00706474
0.11381455	0.00091342	0.00723560
0.11381455	0.00096443	0.00738529
0.11381455	0.00095534	0.00743825
0.11381455	0.00093424	0.00748857
0.11381455	0.00082863	0.00761246
0.11381455	0.00059799	0.00775511
0.11381455	0.00024231	0.00788404
0.11381455	-0.00023148	0.00797956
0.11381455	-0.00081564	0.00802321
0.11381455	-0.00150046	0.00799864
0.11381455	-0.00227497	0.00789592
0.11381455	-0.00312962	0.00771604
0.11381455	-0.00405940	0.00747309
0.11381455	-0.00506173	0.00718234
0.11381455	-0.00613131	0.00684686
0.11381455	-0.00726249	0.00646915
0.11381455	-0.00844941	0.00605200
0.11381455	-0.00968613	0.00559861
0.11381455	-0.01096651	0.00511227
0.11381455	-0.01228415	0.00459618
0.11381455	-0.01363226	0.00405280
0.11381455	-0.01500344	0.00348329
0.11381455	-0.01638926	0.00288601
0.11381455	-0.01777980	0.00225478
0.11612545	-0.01901515	0.00185185
0.11612545	-0.01754136	0.00207124
0.11612545	-0.01608694	0.00233400
0.11612545	-0.01465462	0.00262205
0.11612545	-0.01324917	0.00292492
0.11612545	-0.01187651	0.00323642
0.11612545	-0.01054318	0.00355319
0.11612545	-0.00925598	0.00387329
0.11612545	-0.00802171	0.00419561
0.11612545	-0.00684705	0.00451914
0.11612545	-0.00573843	0.00484294
0.11612545	-0.00470196	0.00516585
0.11612545	-0.00374340	0.00548635
0.11612545	-0.00286794	0.00580223
0.11612545	-0.00207698	0.00610227
0.11612545	-0.00136959	0.00637148
0.11612545	-0.00074784	0.00660440
0.11612545	-0.00021636	0.00680372
0.11612545	0.00021820	0.00697851
0.11612545	0.00054629	0.00714199
0.11612545	0.00074810	0.00730879
0.11612545	0.00079906	0.00745562
0.11612545	0.00079044	0.00750771
0.11612545	0.00076999	0.00755729
0.11612545	0.00066691	0.00767964
0.11612545	0.00044104	0.00782113
0.11612545	0.00009220	0.00794980
0.11612545	-0.00037291	0.00804625
0.11612545	-0.00094677	0.00809228
0.11612545	-0.00161993	0.00807177
0.11612545	-0.00238164	0.00797491
0.11612545	-0.00322251	0.00780265
0.11612545	-0.00413756	0.00756882
0.11612545	-0.00512417	0.00728841
0.11612545	-0.00617711	0.00696439
0.11612545	-0.00729080	0.00659921
0.11612545	-0.00845949	0.00619554
0.11612545	-0.00967732	0.00575653
0.11612545	-0.01093822	0.00528537
0.11612545	-0.01223591	0.00478516
0.11612545	-0.01356367	0.00425829
0.11612545	-0.01491424	0.00370587
0.11612545	-0.01627936	0.00312623
0.11612545	-0.01764929	0.00251323
0.11843636	-0.01889708	0.00211911
0.11843636	-0.01744456	0.00232765
0.11843636	-0.01601090	0.00257901
0.11843636	-0.01459887	0.00285538
0.11843636	-0.01321323	0.00314646
0.11843636	-0.01185982	0.00344619
0.11843636	-0.01054513	0.00375130
0.11843636	-0.00927583	0.00405991
0.11843636	-0.00805866	0.00437095
0.11843636	-0.00690017	0.00468348
0.11843636	-0.00580671	0.00499662
0.11843636	-0.00478431	0.00530923
0.11843636	-0.00383864	0.00561987
0.11843636	-0.00297484	0.00592638
0.11843636	-0.00219434	0.00621777
0.11843636	-0.00149632	0.00647924
0.11843636	-0.00088281	0.00670541
0.11843636	-0.00035836	0.00689895
0.11843636	0.00007049	0.00706883
0.11843636	0.00039446	0.00722810
0.11843636	0.00059408	0.00739130
0.11843636	0.00064507	0.00753562
0.11843636	0.00063688	0.00758697
0.11843636	0.00061702	0.00763592
0.11843636	0.00051619	0.00775699
0.11843636	0.00029451	0.00789756
0.11843636	-0.00004835	0.00802613
0.11843636	-0.00050590	0.00812356
0.11843636	-0.00107082	0.00817186
0.11843636	-0.00173388	0.00815511
0.11843636	-0.00248453	0.00806360
0.11843636	-0.00331353	0.00789824
0.11843636	-0.00421591	0.00767267
0.11843636	-0.00518900	0.00740160
0.11843636	-0.00622765	0.00708792
0.11843636	-0.00732634	0.00673402
0.11843636	-0.00847939	0.00634250
0.11843636	-0.00968101	0.00591643
0.11843636	-0.01092522	0.00545892
0.11843636	-0.01220581	0.00497299
0.11843636	-0.01351616	0.00446096
0.11843636	-0.01484910	0.00392388
0.11843636	-0.01619650	0.00336005
0.11843636	-0.01754881	0.00276339
0.12074727	-0.01881869	0.00236943
0.12074727	-0.01738350	0.00256827
0.12074727	-0.01596673	0.00280946
0.12074727	-0.01457118	0.00307543
0.12074727	-0.01320161	0.00335603
0.12074727	-0.01186383	0.00364531
0.12074727	-0.01056423	0.00394008
0.12074727	-0.00930944	0.00423850
0.12074727	-0.00810609	0.00453956
0.12074727	-0.00696068	0.00484236
0.12074727	-0.00587946	0.00514607
0.12074727	-0.00486841	0.00544960
0.12074727	-0.00393313	0.00575155
0.12074727	-0.00307869	0.00604984
0.12074727	-0.00230660	0.00633364
0.12074727	-0.00161608	0.00658833
0.12074727	-0.00100920	0.00680859
0.12074727	-0.00049041	0.00699706
0.12074727	-0.00006612	0.00716263
0.12074727	0.00025457	0.00731823
0.12074727	0.00045254	0.00747833
0.12074727	0.00050369	0.00762054
0.12074727	0.00049588	0.00767129
0.12074727	0.00047654	0.00771973
0.12074727	0.00037762	0.00783980
0.12074727	0.00015946	0.00797973
0.12074727	-0.00017844	0.00810840
0.12074727	-0.00062974	0.00820685
0.12074727	-0.00118731	0.00825729
0.12074727	-0.00184209	0.00824395
0.12074727	-0.00258372	0.00815721
0.12074727	-0.00340308	0.00799797
0.12074727	-0.00429520	0.00777970
0.12074727	-0.00525738	0.00751687
0.12074727	-0.00628449	0.00721230
0.12074727	-0.00737109	0.00686832
0.12074727	-0.00851156	0.00648748
0.12074727	-0.00970016	0.00607277
0.12074727	-0.01093097	0.00562723
0.12074727	-0.01219785	0.00515382
0.12074727	-0.01349424	0.00465479
0.12074727	-0.01481307	0.00413114
0.12074727	-0.01614631	0.00358116
0.12074727	-0.01748455	0.00299876
0.12305818	-0.01878710	0.00259441
0.12305818	-0.01736475	0.00278464
0.12305818	-0.01596042	0.00301685
0.12305818	-0.01457698	0.00327366
0.12305818	-0.01321921	0.00354507
0.12305818	-0.01189286	0.00382518
0.12305818	-0.01060430	0.00411090
0.12305818	-0.00936009	0.00440042
0.12305818	-0.00816682	0.00469279
0.12305818	-0.00703092	0.00498714
0.12305818	-0.00595858	0.00528267
0.12305818	-0.00495574	0.00557835
0.12305818	-0.00402793	0.00587283
0.12305818	-0.00318022	0.00616407
0.12305818	-0.00241414	0.00644139
0.12305818	-0.00172901	0.00669030
0.12305818	-0.00112687	0.00690551
0.12305818	-0.00061214	0.00708966
0.12305818	-0.00019110	0.00725155
0.12305818	0.00012730	0.00740405
0.12305818	0.00032421	0.00756157
0.12305818	0.00037568	0.00770213
0.12305818	0.00036823	0.00775244
0.12305818	0.00034933	0.00780051
0.12305818	0.00025195	0.00791994
0.12305818	0.00003654	0.00805957
0.12305818	-0.00029752	0.00818859
0.12305818	-0.00074406	0.00828820
0.12305818	-0.00129607	0.00834072
0.12305818	-0.00194466	0.00833051
0.12305818	-0.00267961	0.00824802
0.12305818	-0.00349189	0.00809413
0.12305818	-0.00437653	0.00788219
0.12305818	-0.00533077	0.00762650
0.12305818	-0.00634954	0.00732978
0.12305818	-0.00742742	0.00699433
0.12305818	-0.00855884	0.00662265
0.12305818	-0.00973810	0.00621766
0.12305818	-0.01095932	0.00578235
0.12305818	-0.01221640	0.00531963
0.12305818	-0.01350284	0.00483169
0.12305818	-0.01481163	0.00431947
0.12305818	-0.01613482	0.00378126
0.12305818	-0.01746313	0.00321099
0.12536909	-0.01880634	0.00279399
0.12536909	-0.01739194	0.00297645
0.12536909	-0.01599523	0.00320064
0.12536909	-0.01461917	0.00344935
0.12536909	-0.01326852	0.00371264
0.12536909	-0.01194907	0.00398471
0.12536909	-0.01066713	0.00426251
0.12536909	-0.00942925	0.00454428
0.12536909	-0.00824198	0.00482911
0.12536909	-0.00711169	0.00511616
0.12536909	-0.00604458	0.00540468
0.12536909	-0.00504651	0.00569366
0.12536909	-0.00412303	0.00598180
0.12536909	-0.00327915	0.00626711
0.12536909	-0.00251648	0.00653902
0.12536909	-0.00183441	0.00678312
0.12536909	-0.00123498	0.00699412
0.12536909	-0.00072256	0.00717465
0.12536909	-0.00030334	0.00733350
0.12536909	0.00001384	0.00748347
0.12536909	0.00021034	0.00763901
0.12536909	0.00026225	0.00777842
0.12536909	0.00025512	0.00782845
0.12536909	0.00023659	0.00787633
0.12536909	0.00014041	0.00799550
0.12536909	-0.00007301	0.00813530
0.12536909	-0.00040440	0.00826510
0.12536909	-0.00084773	0.00836617
0.12536909	-0.00139609	0.00842091
0.12536909	-0.00204073	0.00841372
0.12536909	-0.00277153	0.00833511
0.12536909	-0.00357951	0.00818594
0.12536909	-0.00445971	0.00797950
0.12536909	-0.00540929	0.00772992
0.12536909	-0.00642319	0.00743989
0.12536909	-0.00749603	0.00711166
0.12536909	-0.00862226	0.00674769
0.12536909	-0.00979619	0.00635086
0.12536909	-0.01101198	0.00592411
0.12536909	-0.01226353	0.00547029
0.12536909	-0.01354440	0.00499157
0.12536909	-0.01484759	0.00448883
0.12536909	-0.01616523	0.00396036
0.12536909	-0.01748812	0.00340007
0.12768000	-0.01887422	0.00298358
0.12768000	-0.01746288	0.00315883
0.12768000	-0.01606896	0.00337575
0.12768000	-0.01469550	0.00361719
0.12768000	-0.01334732	0.00387328
0.12768000	-0.01203020	0.00413827
0.12768000	-0.01075047	0.00440914
0.12768000	-0.00951465	0.00468415
0.12768000	-0.00832927	0.00496245
0.12768000	-0.00720071	0.00524323
0.12768000	-0.00613514	0.00552577
0.12768000	-0.00513843	0.00580910
0.12768000	-0.00421609	0.00609195
0.12768000	-0.00337316	0.00637236
0.12768000	-0.00261129	0.00663986
0.12768000	-0.00192994	0.00688003
0.12768000	-0.00133116	0.00708759
0.12768000	-0.00081928	0.00726517
0.12768000	-0.00040045	0.00742155
0.12768000	-0.00008341	0.00756957
0.12768000	0.00011330	0.00772372
0.12768000	0.00016577	0.00786249
0.12768000	0.00015893	0.00791242
0.12768000	0.00014071	0.00796027
0.12768000	0.00004543	0.00807964
0.12768000	-0.00016667	0.00822018
0.12768000	-0.00049650	0.00835132
0.12768000	-0.00093811	0.00845433
0.12768000	-0.00148471	0.00851160
0.12768000	-0.00212763	0.00850752
0.12768000	-0.00285682	0.00843259
0.12768000	-0.00366331	0.00828766
0.12768000	-0.00454210	0.00808600
0.12768000	-0.00549030	0.00784166
0.12768000	-0.00650284	0.00755729
0.12768000	-0.00757434	0.00723511
0.12768000	-0.00869924	0.00687753
0.12768000	-0.00987189	0.00648741
0.12768000	-0.01108642	0.00606766
0.12768000	-0.01233675	0.00562108
0.12768000	-0.01361643	0.00514980
0.12768000	-0.01491849	0.00465469
0.12768000	-0.01623509	0.00413397
0.12768000	-0.01755707	0.00358156
0.12934798	-0.01894994	0.00312432
0.12934798	-0.01753789	0.00329478
0.12934798	-0.01614315	0.00350699
0.12934798	-0.01476878	0.00374381
0.12934798	-0.01341965	0.00399536
0.12934798	-0.01210155	0.00425590
0.12934798	-0.01082081	0.00452244
0.12934798	-0.00958397	0.00479327
0.12934798	-0.00839757	0.00506753
0.12934798	-0.00726798	0.00534448
0.12934798	-0.00620137	0.00562338
0.12934798	-0.00520363	0.00590332
0.12934798	-0.00428026	0.00618303
0.12934798	-0.00343631	0.00646058
0.12934798	-0.00267349	0.00672551
0.12934798	-0.00199129	0.00696341
0.12934798	-0.00139177	0.00716897
0.12934798	-0.00087926	0.00734483
0.12934798	-0.00045987	0.00749980
0.12934798	-0.00014231	0.00764675
0.12934798	0.00005493	0.00780026
0.12934798	0.00010788	0.00793886
0.12934798	0.00010122	0.00798882
0.12934798	0.00008319	0.00803675
0.12934798	-0.00001161	0.00815652
0.12934798	-0.00022317	0.00829792
0.12934798	-0.00055253	0.00843034
0.12934798	-0.00099380	0.00853500
0.12934798	-0.00154026	0.00859423
0.12934798	-0.00218326	0.00859239
0.12934798	-0.00291278	0.00851993
0.12934798	-0.00371986	0.00837772
0.12934798	-0.00459943	0.00817902
0.12934798	-0.00554856	0.00793789
0.12934798	-0.00656217	0.00765692
0.12934798	-0.00763488	0.00733833
0.12934798	-0.00876111	0.00698452
0.12934798	-0.00993521	0.00659833
0.12934798	-0.01115128	0.00618262
0.12934798	-0.01240326	0.00574022
0.12934798	-0.01368466	0.00527320
0.12934798	-0.01498853	0.00478241
0.12934798	-0.01630701	0.00426604
0.12934798	-0.01763098	0.00371796
0.13100662	-0.01904519	0.00326595
0.13100662	-0.01763025	0.00343222
0.13100662	-0.01623252	0.00364044
0.13100662	-0.01485514	0.00387337
0.13100662	-0.01350298	0.00412113
0.13100662	-0.01218187	0.00437798
0.13100662	-0.01089818	0.00464095
0.13100662	-0.00965843	0.00490832
0.13100662	-0.00846919	0.00517929
0.13100662	-0.00733684	0.00545310
0.13100662	-0.00626758	0.00572907
0.13100662	-0.00526728	0.00600628
0.13100662	-0.00434148	0.00628349
0.13100662	-0.00349524	0.00655879
0.13100662	-0.00273031	0.00682174
0.13100662	-0.00204623	0.00705788
0.13100662	-0.00144506	0.00726188
0.13100662	-0.00093114	0.00743640
0.13100662	-0.00051056	0.00759028
0.13100662	-0.00019200	0.00773646
0.13100662	0.00000605	0.00788959
0.13100662	0.00005956	0.00802825
0.13100662	0.00005307	0.00807832
0.13100662	0.00003519	0.00812639
0.13100662	-0.00005933	0.00824671
0.13100662	-0.00027074	0.00838911
0.13100662	-0.00060020	0.00852289
0.13100662	-0.00104186	0.00862921
0.13100662	-0.00158905	0.00869031
0.13100662	-0.00223314	0.00869052
0.13100662	-0.00296411	0.00862023
0.13100662	-0.00377299	0.00848031
0.13100662	-0.00465467	0.00828407
0.13100662	-0.00560617	0.00804554
0.13100662	-0.00662238	0.00776731
0.13100662	-0.00769790	0.00745160
0.13100662	-0.00882716	0.00710075
0.13100662	-0.01000445	0.00671763
0.13100662	-0.01122389	0.00630507
0.13100662	-0.01247937	0.00586587
0.13100662	-0.01376441	0.00540211
0.13100662	-0.01507202	0.00491459
0.13100662	-0.01639434	0.00440148
0.13100662	-0.01772225	0.00385657
0.13264667	-0.01915824	0.00339198
0.13264667	-0.01773855	0.00355503
0.13264667	-0.01633601	0.00376018
0.13264667	-0.01495381	0.00399017
0.13264667	-0.01359686	0.00423506
0.13264667	-0.01227104	0.00448913
0.13264667	-0.01098272	0.00474941
0.13264667	-0.00973846	0.00501420
0.13264667	-0.00854484	0.00528270
0.13264667	-0.00740828	0.00555419
0.13264667	-0.00633498	0.00582798
0.13264667	-0.00533084	0.00610320
0.13264667	-0.00440143	0.00637860
0.13264667	-0.00355182	0.00665230
0.13264667	-0.00278381	0.00691386
0.13264667	-0.00209696	0.00714877
0.13264667	-0.00149338	0.00735168
0.13264667	-0.00097740	0.00752526
0.13264667	-0.00055508	0.00767838
0.13264667	-0.00023512	0.00782405
0.13264667	-0.00003595	0.00797700
0.13264667	0.00001820	0.00811588
0.13264667	0.00001186	0.00816613
0.13264667	-0.00000594	0.00821440
0.13264667	-0.00010041	0.00833534
0.13264667	-0.00031211	0.00847870
0.13264667	-0.00064224	0.00861372
0.13264667	-0.00108498	0.00872147
0.13264667	-0.00163368	0.00878414
0.13264667	-0.00227974	0.00878598
0.13264667	-0.00301312	0.00871739
0.13264667	-0.00382485	0.00857921
0.13264667	-0.00470975	0.00838480
0.13264667	-0.00566481	0.00814819
0.13264667	-0.00668490	0.00787195
0.13264667	-0.00776459	0.00755828
0.13264667	-0.00889827	0.00720955
0.13264667	-0.01008024	0.00682857
0.13264667	-0.01130456	0.00641821
0.13264667	-0.01256511	0.00598122
0.13264667	-0.01385538	0.00551969
0.13264667	-0.01516836	0.00503440
0.13264667	-0.01649617	0.00452348
0.13264667	-0.01782967	0.00398066
0.13425894	-0.01928478	0.00347735
0.13425894	-0.01785918	0.00363825
0.13425894	-0.01645068	0.00384131
0.13425894	-0.01506251	0.00406925
0.13425894	-0.01369966	0.00431214
0.13425894	-0.01236802	0.00456427
0.13425894	-0.01107401	0.00482267
0.13425894	-0.00982421	0.00508567
0.13425894	-0.00862525	0.00535247
0.13425894	-0.00748355	0.00562236
0.13425894	-0.00640534	0.00589468
0.13425894	-0.00539656	0.00616855
0.13425894	-0.00446279	0.00644276
0.13425894	-0.00360912	0.00671540
0.13425894	-0.00283740	0.00697603
0.13425894	-0.00214723	0.00721011
0.13425894	-0.00154074	0.00741228
0.13425894	-0.00102227	0.00758523
0.13425894	-0.00059788	0.00773787
0.13425894	-0.00027624	0.00788321
0.13425894	-0.00007577	0.00803610
0.13425894	-0.00002087	0.00817532
0.13425894	-0.00002709	0.00822578
0.13425894	-0.00004484	0.00827429
0.13425894	-0.00013950	0.00839585
0.13425894	-0.00035184	0.00854006
0.13425894	-0.00068308	0.00867607
0.13425894	-0.00112741	0.00878492
0.13425894	-0.00167817	0.00884874
0.13425894	-0.00232677	0.00885177
0.13425894	-0.00306318	0.00878438
0.13425894	-0.00387840	0.00864740
0.13425894	-0.00476724	0.00845422
0.13425894	-0.00572661	0.00821887
0.13425894	-0.00675136	0.00794393
0.13425894	-0.00783605	0.00763159
0.13425894	-0.00897504	0.00728420
0.13425894	-0.01016258	0.00690459
0.13425894	-0.01139273	0.00649559
0.13425894	-0.01265932	0.00605998
0.13425894	-0.01395582	0.00559981
0.13425894	-0.01527518	0.00511588
0.13425894	-0.01660950	0.00460629
0.13425894	-0.01794963	0.00406476
0.13583441	-0.01941234	0.00349977
0.13583441	-0.01798102	0.00365939
0.13583441	-0.01656671	0.00386108
0.13583441	-0.01517275	0.00408761
0.13583441	-0.01380414	0.00432909
0.13583441	-0.01246683	0.00457983
0.13583441	-0.01116727	0.00483689
0.13583441	-0.00991209	0.00509860
0.13583441	-0.00870792	0.00536418
0.13583441	-0.00756123	0.00563293
0.13583441	-0.00647826	0.00590419
0.13583441	-0.00546497	0.00617709
0.13583441	-0.00452697	0.00645043
0.13583441	-0.00366937	0.00672230
0.13583441	-0.00289403	0.00698219
0.13583441	-0.00220062	0.00721559
0.13583441	-0.00159129	0.00741716
0.13583441	-0.00107039	0.00758960
0.13583441	-0.00064399	0.00774185
0.13583441	-0.00032072	0.00788696
0.13583441	-0.00011897	0.00803981
0.13583441	-0.00006332	0.00817936
0.13583441	-0.00006944	0.00823004
0.13583441	-0.00008719	0.00827876
0.13583441	-0.00018213	0.00840084
0.13583441	-0.00039526	0.00854567
0.13583441	-0.00072772	0.00868236
0.13583441	-0.00117370	0.00879192
0.13583441	-0.00172654	0.00885652
0.13583441	-0.00237766	0.00886039
0.13583441	-0.00311703	0.00879387
0.13583441	-0.00393565	0.00865779
0.13583441	-0.00482829	0.00846548
0.13583441	-0.00579182	0.00823101
0.13583441	-0.00682107	0.00795696
0.13583441	-0.00791058	0.00764553
0.13583441	-0.00905467	0.00729907
0.13583441	-0.01024759	0.00692038
0.13583441	-0.01148334	0.00651230
0.13583441	-0.01275574	0.00607761
0.13583441	-0.01405821	0.00561836
0.13583441	-0.01538370	0.00513533
0.13583441	-0.01672430	0.00462666
0.13583441	-0.01807082	0.00408609
0.13736429	-0.01951703	0.00345045
0.13736429	-0.01808229	0.00360910
0.13736429	-0.01666446	0.00380962
0.13736429	-0.01526695	0.00403490
0.13736429	-0.01389480	0.00427508
0.13736429	-0.01255400	0.00452452
0.13736429	-0.01125103	0.00478030
0.13736429	-0.00999252	0.00504076
0.13736429	-0.00878512	0.00530514
0.13736429	-0.00763532	0.00557274
0.13736429	-0.00654938	0.00584292
0.13736429	-0.00553327	0.00611480
0.13736429	-0.00459260	0.00638718
0.13736429	-0.00373250	0.00665814
0.13736429	-0.00295482	0.00691707
0.13736429	-0.00225929	0.00714955
0.13736429	-0.00164811	0.00735033
0.13736429	-0.00112564	0.00752212
0.13736429	-0.00069794	0.00767389
0.13736429	-0.00037361	0.00781865
0.13736429	-0.00017096	0.00797133
0.13736429	-0.00011477	0.00811103
0.13736429	-0.00012082	0.00816183
0.13736429	-0.00013857	0.00821067
0.13736429	-0.00023376	0.00833301
0.13736429	-0.00044743	0.00847808
0.13736429	-0.00078068	0.00861502
0.13736429	-0.00122765	0.00872493
0.13736429	-0.00178171	0.00879003
0.13736429	-0.00243430	0.00879458
0.13736429	-0.00317545	0.00872893
0.13736429	-0.00399614	0.00859381
0.13736429	-0.00489110	0.00840242
0.13736429	-0.00585717	0.00816887
0.13736429	-0.00688918	0.00789581
0.13736429	-0.00798167	0.00758542
0.13736429	-0.00912893	0.00724004
0.13736429	-0.01032517	0.00686245
0.13736429	-0.01156441	0.00645550
0.13736429	-0.01284042	0.00602194
0.13736429	-0.01414663	0.00556385
0.13736429	-0.01547596	0.00508201
0.13736429	-0.01682049	0.00457457
0.13736429	-0.01817105	0.00403533
0.13884000	-0.01956857	0.00333694
0.13884000	-0.01813527	0.00349416
0.13884000	-0.01671878	0.00369305
0.13884000	-0.01532252	0.00391659
0.13884000	-0.01395158	0.00415499
0.13884000	-0.01261193	0.00440264
0.13884000	-0.01131006	0.00465664
0.13884000	-0.01005259	0.00491535
0.13884000	-0.00884617	0.00517803
0.13884000	-0.00769728	0.00544397
0.13884000	-0.00661217	0.00571252
0.13884000	-0.00559680	0.00598283
0.13884000	-0.00465678	0.00625368
0.13884000	-0.00379721	0.00652313
0.13884000	-0.00301991	0.00678043
0.13884000	-0.00232467	0.00701132
0.13884000	-0.00171377	0.00721072
0.13884000	-0.00119155	0.00738141
0.13884000	-0.00076406	0.00753231
0.13884000	-0.00043985	0.00767641
0.13884000	-0.00023713	0.00782853
0.13884000	-0.00018070	0.00796796
0.13884000	-0.00018670	0.00801871
0.13884000	-0.00020442	0.00806750
0.13884000	-0.00029955	0.00818966
0.13884000	-0.00051304	0.00833445
0.13884000	-0.00084593	0.00847116
0.13884000	-0.00129236	0.00858103
0.13884000	-0.00184572	0.00864640
0.13884000	-0.00249754	0.00865164
0.13884000	-0.00323792	0.00858708
0.13884000	-0.00405784	0.00845333
0.13884000	-0.00495199	0.00826332
0.13884000	-0.00591722	0.00803126
0.13884000	-0.00694837	0.00775984
0.13884000	-0.00803998	0.00745124
0.13884000	-0.00918635	0.00710779
0.13884000	-0.01038170	0.00673225
0.13884000	-0.01162002	0.00632744
0.13884000	-0.01289512	0.00589610
0.13884000	-0.01420041	0.00544031
0.13884000	-0.01552883	0.00496086
0.13884000	-0.01687249	0.00445591
0.13884000	-0.01822224	0.00391929
0.14025330	-0.01954014	0.00317653
0.14025330	-0.01811556	0.00333132
0.14025330	-0.01670765	0.00352756
0.14025330	-0.01531983	0.00374834
0.14025330	-0.01395716	0.00398391
0.14025330	-0.01262558	0.00422873
0.14025330	-0.01133153	0.00447990
0.14025330	-0.01008162	0.00473582
0.14025330	-0.00888244	0.00499574
0.14025330	-0.00774042	0.00525896
0.14025330	-0.00666179	0.00552483
0.14025330	-0.00565246	0.00579250
0.14025330	-0.00471801	0.00606075
0.14025330	-0.00386347	0.00632759
0.14025330	-0.00309059	0.00658209
0.14025330	-0.00239926	0.00681033
0.14025330	-0.00179180	0.00700743
0.14025330	-0.00127256	0.00717624
0.14025330	-0.00084752	0.00732564
0.14025330	-0.00052516	0.00746849
0.14025330	-0.00032353	0.00761946
0.14025330	-0.00026734	0.00775797
0.14025330	-0.00027329	0.00780841
0.14025330	-0.00029090	0.00785689
0.14025330	-0.00038548	0.00797822
0.14025330	-0.00059768	0.00812201
0.14025330	-0.00092847	0.00825783
0.14025330	-0.00137203	0.00836715
0.14025330	-0.00192184	0.00843254
0.14025330	-0.00256953	0.00843856
0.14025330	-0.00330530	0.00837553
0.14025330	-0.00412023	0.00824387
0.14025330	-0.00500894	0.00805615
0.14025330	-0.00596830	0.00782660
0.14025330	-0.00699321	0.00755804
0.14025330	-0.00807824	0.00725263
0.14025330	-0.00921773	0.00691264
0.14025330	-0.01040592	0.00654081
0.14025330	-0.01163684	0.00613994
0.14025330	-0.01290432	0.00571273
0.14025330	-0.01420184	0.00526126
0.14025330	-0.01552236	0.00478629
0.14025330	-0.01685804	0.00428601
0.14025330	-0.01819982	0.00375426
0.14159629	-0.01941193	0.00298823
0.14159629	-0.01800541	0.00313946
0.14159629	-0.01661533	0.00333171
0.14159629	-0.01524509	0.00354828
0.14159629	-0.01389966	0.00377952
0.14159629	-0.01258492	0.00401996
0.14159629	-0.01130724	0.00426675
0.14159629	-0.01007313	0.00451833
0.14159629	-0.00888911	0.00477392
0.14159629	-0.00776153	0.00503287
0.14159629	-0.00669652	0.00529451
0.14159629	-0.00569992	0.00555797
0.14159629	-0.00477725	0.00582207
0.14159629	-0.00393343	0.00608473
0.14159629	-0.00317011	0.00633490
0.14159629	-0.00248726	0.00655907
0.14159629	-0.00188727	0.00675267
0.14159629	-0.00137445	0.00691858
0.14159629	-0.00095470	0.00706561
0.14159629	-0.00063637	0.00720640
0.14159629	-0.00043729	0.00735538
0.14159629	-0.00038188	0.00749213
0.14159629	-0.00038781	0.00754191
0.14159629	-0.00040524	0.00758974
0.14159629	-0.00049870	0.00770941
0.14159629	-0.00070823	0.00785122
0.14159629	-0.00103474	0.00798523
0.14159629	-0.00147250	0.00809330
0.14159629	-0.00201510	0.00815837
0.14159629	-0.00265437	0.00816525
0.14159629	-0.00338069	0.00810431
0.14159629	-0.00418524	0.00797570
0.14159629	-0.00506262	0.00779146
0.14159629	-0.00600975	0.00756587
0.14159629	-0.00702162	0.00730183
0.14159629	-0.00809286	0.00700147
0.14159629	-0.00921788	0.00666704
0.14159629	-0.01039099	0.00630119
0.14159629	-0.01160630	0.00590670
0.14159629	-0.01285771	0.00548624
0.14159629	-0.01413878	0.00504182
0.14159629	-0.01544258	0.00457422
0.14159629	-0.01676136	0.00408162
0.14159629	-0.01808619	0.00355797
0.14286146	-0.01916879	0.00278851
0.14286146	-0.01779146	0.00293530
0.14286146	-0.01643016	0.00312219
0.14286146	-0.01508826	0.00333290
0.14286146	-0.01377063	0.00355802
0.14286146	-0.01248306	0.00379221
0.14286146	-0.01123178	0.00403272
0.14286146	-0.01002318	0.00427802
0.14286146	-0.00886362	0.00452736
0.14286146	-0.00775935	0.00478008
0.14286146	-0.00671635	0.00503552
0.14286146	-0.00574034	0.00529282
0.14286146	-0.00483671	0.00555082
0.14286146	-0.00401028	0.00580735
0.14286146	-0.00326251	0.00605127
0.14286146	-0.00259353	0.00626963
0.14286146	-0.00200573	0.00645823
0.14286146	-0.00150336	0.00661998
0.14286146	-0.00109222	0.00676356
0.14286146	-0.00078048	0.00690130
0.14286146	-0.00058559	0.00704721
0.14286146	-0.00053155	0.00718119
0.14286146	-0.00053743	0.00722993
0.14286146	-0.00055459	0.00727672
0.14286146	-0.00064624	0.00739377
0.14286146	-0.00085145	0.00753246
0.14286146	-0.00117112	0.00766362
0.14286146	-0.00159964	0.00776964
0.14286146	-0.00213077	0.00783396
0.14286146	-0.00275659	0.00784175
0.14286146	-0.00346777	0.00778349
0.14286146	-0.00425566	0.00765902
0.14286146	-0.00511482	0.00747970
0.14286146	-0.00604226	0.00725973
0.14286146	-0.00703312	0.00700218
0.14286146	-0.00808212	0.00670908
0.14286146	-0.00918380	0.00638266
0.14286146	-0.01033257	0.00602547
0.14286146	-0.01152265	0.00564022
0.14286146	-0.01274809	0.00522952
0.14286146	-0.01400257	0.00479536
0.14286146	-0.01527931	0.00433852
0.14286146	-0.01657075	0.00385725
0.14286146	-0.01786815	0.00334566
0.14404172	-0.01879930	0.00259034
0.14404172	-0.01746351	0.00273206
0.14404172	-0.01614315	0.00291230
0.14404172	-0.01484151	0.00311548
0.14404172	-0.01356340	0.00333261
0.14404172	-0.01231443	0.00355859
0.14404172	-0.01110065	0.00379078
0.14404172	-0.00992828	0.00402772
0.14404172	-0.00880349	0.00426870
0.14404172	-0.00773232	0.00451306
0.14404172	-0.00672059	0.00476015
0.14404172	-0.00577385	0.00500911
0.14404172	-0.00489731	0.00525881
0.14404172	-0.00409559	0.00550700
0.14404172	-0.00337002	0.00574253
0.14404172	-0.00272082	0.00595315
0.14404172	-0.00215041	0.00613506
0.14404172	-0.00166296	0.00629123
0.14404172	-0.00126408	0.00643009
0.14404172	-0.00096168	0.00656358
0.14404172	-0.00077277	0.00670521
0.14404172	-0.00072067	0.00683527
0.14404172	-0.00072652	0.00688252
0.14404172	-0.00074326	0.00692785
0.14404172	-0.00083231	0.00704122
0.14404172	-0.00103140	0.00717559
0.14404172	-0.00134139	0.00730278
0.14404172	-0.00175686	0.00740587
0.14404172	-0.00227183	0.00746895
0.14404172	-0.00287869	0.00747768
0.14404172	-0.00356845	0.00742267
0.14404172	-0.00433270	0.00730345
0.14404172	-0.00516606	0.00713056
0.14404172	-0.00606559	0.00691803
0.14404172	-0.00702664	0.00666904
0.14404172	-0.00804408	0.00638557
0.14404172	-0.00911261	0.00606976
0.14404172	-0.01022680	0.00572407
0.14404172	-0.01138105	0.00535112
0.14404172	-0.01256958	0.00495345
0.14404172	-0.01378626	0.00453302
0.14404172	-0.01502455	0.00409063
0.14404172	-0.01627713	0.00362468
0.14404172	-0.01753559	0.00312957
0.14513048	-0.01829989	0.00240392
0.14513048	-0.01701815	0.00253988
0.14513048	-0.01575102	0.00271221
0.14513048	-0.01450177	0.00290630
0.14513048	-0.01327505	0.00311367
0.14513048	-0.01207628	0.00332955
0.14513048	-0.01091130	0.00355146
0.14513048	-0.00978604	0.00377803
0.14513048	-0.00870648	0.00400858
0.14513048	-0.00767838	0.00424248
0.14513048	-0.00670733	0.00447908
0.14513048	-0.00579866	0.00471755
0.14513048	-0.00495736	0.00495678
0.14513048	-0.00418782	0.00519446
0.14513048	-0.00349121	0.00541952
0.14513048	-0.00286784	0.00562054
0.14513048	-0.00232014	0.00579418
0.14513048	-0.00185214	0.00594339
0.14513048	-0.00146923	0.00607633
0.14513048	-0.00117903	0.00620442
0.14513048	-0.00099791	0.00634054
0.14513048	-0.00094836	0.00646552
0.14513048	-0.00095414	0.00651084
0.14513048	-0.00097034	0.00655429
0.14513048	-0.00105600	0.00666291
0.14513048	-0.00124715	0.00679168
0.14513048	-0.00154461	0.00691370
0.14513048	-0.00194321	0.00701286
0.14513048	-0.00243726	0.00707405
0.14513048	-0.00301955	0.00708356
0.14513048	-0.00368151	0.00703223
0.14513048	-0.00441505	0.00691924
0.14513048	-0.00521487	0.00675422
0.14513048	-0.00607814	0.00655087
0.14513048	-0.00700044	0.00631251
0.14513048	-0.00797686	0.00604104
0.14513048	-0.00900230	0.00573848
0.14513048	-0.01007152	0.00540719
0.14513048	-0.01117918	0.00504968
0.14513048	-0.01231971	0.00466839
0.14513048	-0.01348725	0.00426524
0.14513048	-0.01467553	0.00384106
0.14513048	-0.01587757	0.00339442
0.14513048	-0.01708534	0.00292016
0.14612165	-0.01768894	0.00223544
0.14612165	-0.01647172	0.00236442
0.14612165	-0.01526828	0.00252759
0.14612165	-0.01408177	0.00271128
0.14612165	-0.01291664	0.00290755
0.14612165	-0.01177803	0.00311192
0.14612165	-0.01067152	0.00332208
0.14612165	-0.00960275	0.00353675
0.14612165	-0.00857738	0.00375528
0.14612165	-0.00760090	0.00397707
0.14612165	-0.00667862	0.00420149
0.14612165	-0.00581558	0.00442774
0.14612165	-0.00501653	0.00465475
0.14612165	-0.00428559	0.00488014
0.14612165	-0.00362375	0.00509307
0.14612165	-0.00303142	0.00528305
0.14612165	-0.00251101	0.00544715
0.14612165	-0.00206638	0.00558832
0.14612165	-0.00170265	0.00571434
0.14612165	-0.00142706	0.00583603
0.14612165	-0.00125525	0.00596556
0.14612165	-0.00120866	0.00608443
0.14612165	-0.00121434	0.00612744
0.14612165	-0.00122987	0.00616865
0.14612165	-0.00131142	0.00627162
0.14612165	-0.00149303	0.00639373
0.14612165	-0.00177550	0.00650955
0.14612165	-0.00215392	0.00660393
0.14612165	-0.00262295	0.00666266
0.14612165	-0.00317582	0.00667276
0.14612165	-0.00380447	0.00662538
0.14612165	-0.00450117	0.00651939
0.14612165	-0.00526076	0.00636348
0.14612165	-0.00608055	0.00617083
0.14612165	-0.00695640	0.00594492
0.14612165	-0.00788361	0.00568750
0.14612165	-0.00885736	0.00540052
0.14612165	-0.00987267	0.00508616
0.14612165	-0.01092445	0.00474683
0.14612165	-0.01200741	0.00438485
0.14612165	-0.01311601	0.00400209
0.14612165	-0.01424431	0.00359936
0.14612165	-0.01538569	0.00317540
0.14612165	-0.01653259	0.00272545
0.14700969	-0.01700060	0.00208912
0.14700969	-0.01585479	0.00220892
0.14700969	-0.01472208	0.00236156
0.14700969	-0.01360539	0.00253385
0.14700969	-0.01250886	0.00271818
0.14700969	-0.01143732	0.00291025
0.14700969	-0.01039598	0.00310785
0.14700969	-0.00939019	0.00330977
0.14700969	-0.00842525	0.00351538
0.14700969	-0.00750633	0.00372411
0.14700969	-0.00663842	0.00393536
0.14700969	-0.00582626	0.00414834
0.14700969	-0.00507434	0.00436205
0.14700969	-0.00438645	0.00457406
0.14700969	-0.00376343	0.00477389
0.14700969	-0.00320580	0.00495196
0.14700969	-0.00271587	0.00510580
0.14700969	-0.00229733	0.00523829
0.14700969	-0.00195500	0.00535678
0.14700969	-0.00169573	0.00547143
0.14700969	-0.00153428	0.00559362
0.14700969	-0.00149093	0.00570566
0.14700969	-0.00149646	0.00574611
0.14700969	-0.00151120	0.00578482
0.14700969	-0.00158813	0.00588155
0.14700969	-0.00175908	0.00599629
0.14700969	-0.00202483	0.00610524
0.14700969	-0.00238079	0.00619428
0.14700969	-0.00282199	0.00625015
0.14700969	-0.00334211	0.00626066
0.14700969	-0.00393364	0.00621737
0.14700969	-0.00458929	0.00611891
0.14700969	-0.00530407	0.00597300
0.14700969	-0.00607543	0.00579221
0.14700969	-0.00689954	0.00558009
0.14700969	-0.00777197	0.00533828
0.14700969	-0.00868817	0.00506861
0.14700969	-0.00964346	0.00477312
0.14700969	-0.01063304	0.00445407
0.14700969	-0.01165194	0.00411366
0.14700969	-0.01269494	0.00375362
0.14700969	-0.01375645	0.00337472
0.14700969	-0.01483025	0.00297569
0.14700969	-0.01590917	0.00255195
0.14778963	-0.01628602	0.00196555
0.14778963	-0.01521360	0.00207386
0.14778963	-0.01415393	0.00221482
0.14778963	-0.01310948	0.00237522
0.14778963	-0.01208402	0.00254737
0.14778963	-0.01108198	0.00272703
0.14778963	-0.01010824	0.00291199
0.14778963	-0.00916774	0.00310107
0.14778963	-0.00826546	0.00329365
0.14778963	-0.00740623	0.00348919
0.14778963	-0.00659471	0.00368708
0.14778963	-0.00583533	0.00388660
0.14778963	-0.00513228	0.00408679
0.14778963	-0.00448906	0.00428521
0.14778963	-0.00390638	0.00447180
0.14778963	-0.00338479	0.00463793
0.14778963	-0.00292654	0.00478146
0.14778963	-0.00253510	0.00490518
0.14778963	-0.00221499	0.00501602
0.14778963	-0.00197263	0.00512344
0.14778963	-0.00182190	0.00523801
0.14778963	-0.00178180	0.00534294
0.14778963	-0.00178713	0.00538075
0.14778963	-0.00180104	0.00541690
0.14778963	-0.00187314	0.00550717
0.14778963	-0.00203303	0.00561431
0.14778963	-0.00228145	0.00571615
0.14778963	-0.00261414	0.00579961
0.14778963	-0.00302648	0.00585241
0.14778963	-0.00351267	0.00586321
0.14778963	-0.00406570	0.00582397
0.14778963	-0.00467877	0.00573317
0.14778963	-0.00534710	0.00559763
0.14778963	-0.00606829	0.00542923
0.14778963	-0.00683880	0.00523155
0.14778963	-0.00765449	0.00500610
0.14778963	-0.00851110	0.00475459
0.14778963	-0.00940425	0.00447893
0.14778963	-0.01032945	0.00418121
0.14778963	-0.01128205	0.00386345
0.14778963	-0.01225716	0.00352726
0.14778963	-0.01324953	0.00317321
0.14778963	-0.01425327	0.00279989
0.14778963	-0.01526157	0.00240250
0.14845710	-0.01559524	0.00186386
0.14845710	-0.01459352	0.00195943
0.14845710	-0.01360443	0.00208841
0.14845710	-0.01262993	0.00223707
0.14845710	-0.01167333	0.00239749
0.14845710	-0.01073869	0.00256528
0.14845710	-0.00983047	0.00273818
0.14845710	-0.00895330	0.00291502
0.14845710	-0.00811179	0.00309517
0.14845710	-0.00731044	0.00327809
0.14845710	-0.00655361	0.00346323
0.14845710	-0.00584543	0.00364987
0.14845710	-0.00518979	0.00383710
0.14845710	-0.00458992	0.00402251
0.14845710	-0.00404640	0.00419654
0.14845710	-0.00355983	0.00435134
0.14845710	-0.00313236	0.00448511
0.14845710	-0.00276723	0.00460054
0.14845710	-0.00246870	0.00470407
0.14845710	-0.00224274	0.00480452
0.14845710	-0.00210239	0.00491169
0.14845710	-0.00206538	0.00500971
0.14845710	-0.00207045	0.00504497
0.14845710	-0.00208353	0.00507863
0.14845710	-0.00215091	0.00516267
0.14845710	-0.00230005	0.00526246
0.14845710	-0.00253166	0.00535743
0.14845710	-0.00284179	0.00543549
0.14845710	-0.00322618	0.00548529
0.14845710	-0.00367945	0.00549627
0.14845710	-0.00419517	0.00546088
0.14845710	-0.00476694	0.00537746
0.14845710	-0.00539026	0.00525206
0.14845710	-0.00606285	0.00509581
0.14845710	-0.00678144	0.00491230
0.14845710	-0.00754219	0.00470292
0.14845710	-0.00834110	0.00446928
0.14845710	-0.00917410	0.00421310
0.14845710	-0.01003699	0.00393635
0.14845710	-0.01092542	0.00364087
0.14845710	-0.01183482	0.00332805
0.14845710	-0.01276023	0.00299827
0.14845710	-0.01369607	0.00264980
0.14845710	-0.01463583	0.00227740
0.14900839	-0.01497157	0.00178250
0.14900839	-0.01403376	0.00186586
0.14900839	-0.01310856	0.00198369
0.14900839	-0.01219743	0.00212162
0.14900839	-0.01130324	0.00227138
0.14900839	-0.01042968	0.00242844
0.14900839	-0.00958087	0.00259047
0.14900839	-0.00876110	0.00275627
0.14900839	-0.00797469	0.00292521
0.14900839	-0.00722583	0.00309677
0.14900839	-0.00651859	0.00327039
0.14900839	-0.00585682	0.00344541
0.14900839	-0.00524417	0.00362096
0.14900839	-0.00468360	0.00379465
0.14900839	-0.00417563	0.00395742
0.14900839	-0.00372084	0.00410212
0.14900839	-0.00332131	0.00422718
0.14900839	-0.00298007	0.00433517
0.14900839	-0.00270111	0.00443214
0.14900839	-0.00249004	0.00452629
0.14900839	-0.00235907	0.00462673
0.14900839	-0.00232481	0.00471847
0.14900839	-0.00232967	0.00475139
0.14900839	-0.00234197	0.00478281
0.14900839	-0.00240504	0.00486123
0.14900839	-0.00254444	0.00495438
0.14900839	-0.00276081	0.00504315
0.14900839	-0.00305050	0.00511631
0.14900839	-0.00340955	0.00516336
0.14900839	-0.00383301	0.00517445
0.14900839	-0.00431489	0.00514247
0.14900839	-0.00484925	0.00506568
0.14900839	-0.00543178	0.00494948
0.14900839	-0.00606035	0.00480432
0.14900839	-0.00673192	0.00463375
0.14900839	-0.00744291	0.00443904
0.14900839	-0.00818958	0.00422169
0.14900839	-0.00896811	0.00398331
0.14900839	-0.00977458	0.00372570
0.14900839	-0.01060492	0.00345054
0.14900839	-0.01145481	0.00315904
0.14900839	-0.01231959	0.00285133
0.14900839	-0.01319393	0.00252537
0.14900839	-0.01407152	0.00217541
0.14944039	-0.01445026	0.00172009
0.14944039	-0.01356610	0.00179337
0.14944039	-0.01269451	0.00190188
0.14944039	-0.01183654	0.00203080
0.14944039	-0.01099470	0.00217160
0.14944039	-0.01017238	0.00231963
0.14944039	-0.00937340	0.00247251
0.14944039	-0.00860179	0.00262903
0.14944039	-0.00786158	0.00278853
0.14944039	-0.00715675	0.00295053
0.14944039	-0.00649109	0.00311447
0.14944039	-0.00586826	0.00327972
0.14944039	-0.00529167	0.00344546
0.14944039	-0.00476408	0.00360933
0.14944039	-0.00428594	0.00376270
0.14944039	-0.00385784	0.00389898
0.14944039	-0.00348176	0.00401679
0.14944039	-0.00316057	0.00411858
0.14944039	-0.00289804	0.00421006
0.14944039	-0.00269944	0.00429892
0.14944039	-0.00257633	0.00439369
0.14944039	-0.00254432	0.00448013
0.14944039	-0.00254899	0.00451111
0.14944039	-0.00256063	0.00454065
0.14944039	-0.00262008	0.00461437
0.14944039	-0.00275129	0.00470198
0.14944039	-0.00295489	0.00478556
0.14944039	-0.00322744	0.00485461
0.14944039	-0.00356525	0.00489930
0.14944039	-0.00396372	0.00491042
0.14944039	-0.00441724	0.00488120
0.14944039	-0.00492022	0.00480989
0.14944039	-0.00546855	0.00470138
0.14944039	-0.00606021	0.00456550
0.14944039	-0.00669238	0.00440576
0.14944039	-0.00736165	0.00422334
0.14944039	-0.00806453	0.00401966
0.14944039	-0.00879740	0.00379620
0.14944039	-0.00955658	0.00355463
0.14944039	-0.01033821	0.00329650
0.14944039	-0.01113823	0.00302287
0.14944039	-0.01195218	0.00273367
0.14944039	-0.01277497	0.00242660
0.14944039	-0.01360046	0.00209553
0.15000000	-0.01373303	0.00164047
0.15000000	-0.01292322	0.00170103
0.15000000	-0.01212576	0.00179721
0.15000000	-0.01134121	0.00191386
0.15000000	-0.01057164	0.00204228
0.15000000	-0.00982002	0.00217775
0.15000000	-0.00908979	0.00231788
0.15000000	-0.00838460	0.00246144
0.15000000	-0.00770815	0.00260779
0.15000000	-0.00706404	0.00275646
0.15000000	-0.00645576	0.00290692
0.15000000	-0.00588663	0.00305858
0.15000000	-0.00535978	0.00321068
0.15000000	-0.00487769	0.00336092
0.15000000	-0.00444071	0.00350132
0.15000000	-0.00404945	0.00362600
0.15000000	-0.00370574	0.00373381
0.15000000	-0.00341223	0.00382705
0.15000000	-0.00317235	0.00391092
0.15000000	-0.00299096	0.00399244
0.15000000	-0.00287865	0.00407934
0.15000000	-0.00284969	0.00415846
0.15000000	-0.00285406	0.00418676
0.15000000	-0.00286476	0.00421372
0.15000000	-0.00291919	0.00428099
0.15000000	-0.00303911	0.00436098
0.15000000	-0.00322509	0.00443740
0.15000000	-0.00347403	0.00450074
0.15000000	-0.00378260	0.00454211
0.15000000	-0.00414662	0.00455312
0.15000000	-0.00456103	0.00452751
0.15000000	-0.00502072	0.00446355
0.15000000	-0.00552189	0.00436547
0.15000000	-0.00606265	0.00424225
0.15000000	-0.00664045	0.00409729
0.15000000	-0.00725218	0.00393166
0.15000000	-0.00789465	0.00374662
0.15000000	-0.00856454	0.00354354
0.15000000	-0.00925847	0.00332390
0.15000000	-0.00997292	0.00308906
0.15000000	-0.01070412	0.00283989
0.15000000	-0.01144797	0.00257609
0.15000000	-0.01219967	0.00229510
0.15000000	-0.01295342	0.00199047
