0.02550000	-0.01926067	-0.01486220
0.02550000	-0.01702144	-0.01326280
0.02550000	-0.01464138	-0.01190698
0.02550000	-0.01225275	-0.01064790
0.02550000	-0.00988880	-0.00945518
0.02550000	-0.00758732	-0.00829399
0.02550000	-0.00537223	-0.00714528
0.02550000	-0.00327705	-0.00598059
0.02550000	-0.00134602	-0.00476055
0.02550000	0.00038784	-0.00347707
0.02550000	0.00190476	-0.00214768
0.02550000	0.00318332	-0.00079073
0.02550000	0.00421895	0.00055776
0.02550000	0.00501160	0.00186136
0.02550000	0.00556720	0.00308264
0.02550000	0.00587956	0.00418793
0.02550000	0.00592331	0.00513502
0.02550000	0.00575192	0.00585855
0.02550000	0.00551221	0.00633703
0.02550000	0.00532333	0.00659875
0.02550000	0.00525342	0.00668090
0.02550000	0.00517960	0.00676195
0.02550000	0.00493931	0.00698527
0.02550000	0.00449404	0.00729844
0.02550000	0.00380895	0.00762005
0.02550000	0.00286491	0.00781547
0.02550000	0.00169777	0.00778942
0.02550000	0.00035964	0.00752882
0.02550000	-0.00110210	0.00701221
0.02550000	-0.00263735	0.00621967
0.02550000	-0.00420537	0.00515577
0.02550000	-0.00579611	0.00386266
0.02550000	-0.00739148	0.00235853
0.02550000	-0.00896533	0.00065164
0.02550000	-0.01050601	-0.00123580
0.02550000	-0.01201809	-0.00327188
0.02550000	-0.01350757	-0.00542744
0.02550000	-0.01498816	-0.00767521
0.02550000	-0.01647073	-0.00998636
0.02550000	-0.01793152	-0.01236366
0.02890130	-0.02070842	-0.01407863
0.02890130	-0.01834834	-0.01262284
0.02890130	-0.01590120	-0.01135950
0.02890130	-0.01346469	-0.01016107
0.02890130	-0.01107400	-0.00898840
0.02890130	-0.00876550	-0.00780744
0.02890130	-0.00654922	-0.00662927
0.02890130	-0.00444380	-0.00545362
0.02890130	-0.00248934	-0.00424537
0.02890130	-0.00071386	-0.00299739
0.02890130	0.00087381	-0.00173353
0.02890130	0.00226594	-0.00047636
0.02890130	0.00344588	0.00076220
0.02890130	0.00440480	0.00196081
0.02890130	0.00513690	0.00309481
0.02890130	0.00563486	0.00413809
0.02890130	0.00587876	0.00506094
0.02890130	0.00587790	0.00580870
0.02890130	0.00573942	0.00632862
0.02890130	0.00558545	0.00661381
0.02890130	0.00552101	0.00670109
0.02890130	0.00544919	0.00678605
0.02890130	0.00520065	0.00700693
0.02890130	0.00471923	0.00727712
0.02890130	0.00399052	0.00752008
0.02890130	0.00301921	0.00764728
0.02890130	0.00183437	0.00760695
0.02890130	0.00046954	0.00737739
0.02890130	-0.00104131	0.00693675
0.02890130	-0.00266069	0.00626340
0.02890130	-0.00434560	0.00533664
0.02890130	-0.00606154	0.00416002
0.02890130	-0.00778386	0.00275115
0.02890130	-0.00948098	0.00111701
0.02890130	-0.01112773	-0.00072714
0.02890130	-0.01273867	-0.00273446
0.02890130	-0.01434088	-0.00485650
0.02890130	-0.01593870	-0.00707169
0.02890130	-0.01756083	-0.00933656
0.02890130	-0.01918657	-0.01165217
0.03228681	-0.02208795	-0.01350589
0.03228681	-0.01962836	-0.01212189
0.03228681	-0.01711236	-0.01089174
0.03228681	-0.01461873	-0.00970430
0.03228681	-0.01217991	-0.00852539
0.03228681	-0.00982701	-0.00733165
0.03228681	-0.00756899	-0.00613845
0.03228681	-0.00542377	-0.00494751
0.03228681	-0.00342155	-0.00374011
0.03228681	-0.00158560	-0.00251293
0.03228681	0.00007825	-0.00128998
0.03228681	0.00156594	-0.00009404
0.03228681	0.00286558	0.00106416
0.03228681	0.00396437	0.00217446
0.03228681	0.00484828	0.00322591
0.03228681	0.00550205	0.00420408
0.03228681	0.00590398	0.00508880
0.03228681	0.00604379	0.00583667
0.03228681	0.00598575	0.00638031
0.03228681	0.00585814	0.00668400
0.03228681	0.00579743	0.00677618
0.03228681	0.00572652	0.00686485
0.03228681	0.00547040	0.00708713
0.03228681	0.00496693	0.00733974
0.03228681	0.00420978	0.00754386
0.03228681	0.00321360	0.00763605
0.03228681	0.00200434	0.00758208
0.03228681	0.00060986	0.00735425
0.03228681	-0.00093978	0.00692986
0.03228681	-0.00261123	0.00628800
0.03228681	-0.00436719	0.00541012
0.03228681	-0.00617455	0.00429448
0.03228681	-0.00800406	0.00294820
0.03228681	-0.00981880	0.00137006
0.03228681	-0.01158591	-0.00043180
0.03228681	-0.01331455	-0.00241032
0.03228681	-0.01504255	-0.00450358
0.03228681	-0.01678926	-0.00667626
0.03228681	-0.01857718	-0.00888659
0.03228681	-0.02037931	-0.01114060
0.03565623	-0.02346392	-0.01314379
0.03565623	-0.02090723	-0.01178396
0.03565623	-0.01831783	-0.01054001
0.03565623	-0.01575947	-0.00932151
0.03565623	-0.01325953	-0.00810648
0.03565623	-0.01083940	-0.00689186
0.03565623	-0.00851278	-0.00568482
0.03565623	-0.00630547	-0.00447290
0.03565623	-0.00423958	-0.00325193
0.03565623	-0.00232769	-0.00203467
0.03565623	-0.00057922	-0.00083700
0.03565623	0.00100050	0.00032169
0.03565623	0.00240627	0.00142457
0.03565623	0.00362533	0.00246601
0.03565623	0.00463974	0.00344527
0.03565623	0.00542877	0.00435961
0.03565623	0.00596791	0.00519909
0.03565623	0.00623627	0.00593257
0.03565623	0.00625270	0.00649218
0.03565623	0.00614792	0.00681349
0.03565623	0.00609022	0.00691093
0.03565623	0.00601927	0.00700329
0.03565623	0.00575487	0.00722922
0.03565623	0.00523389	0.00747892
0.03565623	0.00445143	0.00766599
0.03565623	0.00342715	0.00773241
0.03565623	0.00218838	0.00764427
0.03565623	0.00076392	0.00737499
0.03565623	-0.00081746	0.00690926
0.03565623	-0.00252839	0.00623999
0.03565623	-0.00434258	0.00536433
0.03565623	-0.00623009	0.00427521
0.03565623	-0.00815593	0.00296273
0.03565623	-0.01008390	0.00142283
0.03565623	-0.01198042	-0.00034010
0.03565623	-0.01383873	-0.00229246
0.03565623	-0.01570357	-0.00436076
0.03565623	-0.01761773	-0.00648529
0.03565623	-0.01958482	-0.00863768
0.03565623	-0.02156824	-0.01083309
0.03900926	-0.02484105	-0.01290096
0.03900926	-0.02217574	-0.01155652
0.03900926	-0.01949967	-0.01028925
0.03900926	-0.01686264	-0.00903245
0.03900926	-0.01428696	-0.00777650
0.03900926	-0.01178921	-0.00652896
0.03900926	-0.00938276	-0.00529906
0.03900926	-0.00709884	-0.00406438
0.03900926	-0.00495914	-0.00282179
0.03900926	-0.00296466	-0.00160381
0.03900926	-0.00112962	-0.00041730
0.03900926	0.00053822	0.00072230
0.03900926	0.00203736	0.00179317
0.03900926	0.00335672	0.00278944
0.03900926	0.00447818	0.00371473
0.03900926	0.00537973	0.00457402
0.03900926	0.00603617	0.00536654
0.03900926	0.00642238	0.00607366
0.03900926	0.00651713	0.00664169
0.03900926	0.00643866	0.00698092
0.03900926	0.00638345	0.00708375
0.03900926	0.00631172	0.00717955
0.03900926	0.00603684	0.00740784
0.03900926	0.00549472	0.00764980
0.03900926	0.00468429	0.00781404
0.03900926	0.00362969	0.00784444
0.03900926	0.00236070	0.00770613
0.03900926	0.00090772	0.00737541
0.03900926	-0.00070179	0.00684522
0.03900926	-0.00244682	0.00612300
0.03900926	-0.00431225	0.00522374
0.03900926	-0.00626999	0.00413513
0.03900926	-0.00828230	0.00283524
0.03900926	-0.01031811	0.00132232
0.03900926	-0.01234882	-0.00039836
0.03900926	-0.01434725	-0.00231685
0.03900926	-0.01636065	-0.00435154
0.03900926	-0.01845090	-0.00641763
0.03900926	-0.02059941	-0.00850639
0.03900926	-0.02276183	-0.01064270
0.04234557	-0.02617504	-0.01271769
0.04234557	-0.02339386	-0.01139459
0.04234557	-0.02062389	-0.01010831
0.04234557	-0.01790078	-0.00881833
0.04234557	-0.01524191	-0.00752686
0.04234557	-0.01266286	-0.00624467
0.04234557	-0.01017481	-0.00498682
0.04234557	-0.00780983	-0.00372978
0.04234557	-0.00559168	-0.00246672
0.04234557	-0.00351503	-0.00124212
0.04234557	-0.00159745	-0.00005693
0.04234557	0.00015102	0.00107676
0.04234557	0.00172945	0.00213539
0.04234557	0.00312953	0.00310937
0.04234557	0.00433589	0.00400073
0.04234557	0.00532815	0.00481722
0.04234557	0.00608253	0.00556464
0.04234557	0.00657307	0.00623629
0.04234557	0.00675338	0.00680167
0.04234557	0.00670814	0.00715730
0.04234557	0.00665536	0.00726544
0.04234557	0.00658239	0.00736442
0.04234557	0.00629528	0.00759303
0.04234557	0.00572969	0.00782158
0.04234557	0.00489082	0.00795785
0.04234557	0.00380654	0.00794765
0.04234557	0.00250874	0.00775547
0.04234557	0.00102913	0.00736005
0.04234557	-0.00060627	0.00676085
0.04234557	-0.00238228	0.00597739
0.04234557	-0.00429305	0.00503964
0.04234557	-0.00631103	0.00393119
0.04234557	-0.00840068	0.00262878
0.04234557	-0.01053687	0.00113439
0.04234557	-0.01269688	-0.00054445
0.04234557	-0.01484058	-0.00241803
0.04234557	-0.01701427	-0.00440042
0.04234557	-0.01927630	-0.00640185
0.04234557	-0.02159513	-0.00842789
0.04234557	-0.02392363	-0.01050932
0.04566480	-0.02738718	-0.01253214
0.04566480	-0.02449426	-0.01124160
0.04566480	-0.02163332	-0.00994754
0.04566480	-0.01882651	-0.00863633
0.04566480	-0.01608670	-0.00732110
0.04566480	-0.01343025	-0.00601224
0.04566480	-0.01086682	-0.00472932
0.04566480	-0.00842590	-0.00345431
0.04566480	-0.00613198	-0.00217916
0.04566480	-0.00398039	-0.00094821
0.04566480	-0.00198991	0.00023940
0.04566480	-0.00017240	0.00137401
0.04566480	0.00146956	0.00243358
0.04566480	0.00293116	0.00340259
0.04566480	0.00420189	0.00427662
0.04566480	0.00526451	0.00506203
0.04566480	0.00609747	0.00576840
0.04566480	0.00667513	0.00639966
0.04566480	0.00694181	0.00694898
0.04566480	0.00693562	0.00731625
0.04566480	0.00688548	0.00742927
0.04566480	0.00681132	0.00753114
0.04566480	0.00651204	0.00775868
0.04566480	0.00592425	0.00797197
0.04566480	0.00505994	0.00808171
0.04566480	0.00394931	0.00803613
0.04566480	0.00262550	0.00779884
0.04566480	0.00112119	0.00734941
0.04566480	-0.00053848	0.00669106
0.04566480	-0.00234276	0.00585177
0.04566480	-0.00429186	0.00487096
0.04566480	-0.00635979	0.00373316
0.04566480	-0.00851657	0.00242166
0.04566480	-0.01074195	0.00094166
0.04566480	-0.01301754	-0.00069755
0.04566480	-0.01530202	-0.00251412
0.04566480	-0.01763322	-0.00442734
0.04566480	-0.02004806	-0.00636472
0.04566480	-0.02251358	-0.00833528
0.04566480	-0.02498464	-0.01037005
0.04896661	-0.02840514	-0.01228420
0.04896661	-0.02541535	-0.01103768
0.04896661	-0.02247499	-0.00975103
0.04896661	-0.01959475	-0.00843539
0.04896661	-0.01678386	-0.00711306
0.04896661	-0.01406014	-0.00579244
0.04896661	-0.01143294	-0.00449513
0.04896661	-0.00892770	-0.00321155
0.04896661	-0.00656712	-0.00193707
0.04896661	-0.00435275	-0.00070564
0.04896661	-0.00230278	0.00048208
0.04896661	-0.00043028	0.00161790
0.04896661	0.00125920	0.00268346
0.04896661	0.00276446	0.00365672
0.04896661	0.00408108	0.00452380
0.04896661	0.00519553	0.00528700
0.04896661	0.00608822	0.00595763
0.04896661	0.00673342	0.00654870
0.04896661	0.00707625	0.00707156
0.04896661	0.00710913	0.00744381
0.04896661	0.00706178	0.00756091
0.04896661	0.00698677	0.00766525
0.04896661	0.00667729	0.00789133
0.04896661	0.00607167	0.00809176
0.04896661	0.00518745	0.00818275
0.04896661	0.00405545	0.00811503
0.04896661	0.00270911	0.00785066
0.04896661	0.00118190	0.00736797
0.04896661	-0.00050090	0.00667079
0.04896661	-0.00233075	0.00579165
0.04896661	-0.00431043	0.00477390
0.04896661	-0.00641809	0.00360940
0.04896661	-0.00863011	0.00229080
0.04896661	-0.01092948	0.00082552
0.04896661	-0.01330022	-0.00077625
0.04896661	-0.01570934	-0.00252658
0.04896661	-0.01817728	-0.00436367
0.04896661	-0.02071531	-0.00624320
0.04896661	-0.02329629	-0.00816801
0.04896661	-0.02587987	-0.01016472
0.05225062	-0.02918969	-0.01193361
0.05225062	-0.02612554	-0.01073907
0.05225062	-0.02312248	-0.00947556
0.05225062	-0.02018356	-0.00817403
0.05225062	-0.01731565	-0.00686336
0.05225062	-0.01453820	-0.00554922
0.05225062	-0.01186095	-0.00425368
0.05225062	-0.00930542	-0.00297530
0.05225062	-0.00689145	-0.00171509
0.05225062	-0.00462851	-0.00049278
0.05225062	-0.00253349	0.00068815
0.05225062	-0.00062021	0.00182017
0.05225062	0.00110258	0.00288927
0.05225062	0.00263677	0.00386752
0.05225062	0.00398395	0.00473122
0.05225062	0.00513409	0.00547770
0.05225062	0.00606881	0.00611884
0.05225062	0.00676176	0.00667487
0.05225062	0.00716192	0.00716871
0.05225062	0.00722713	0.00754067
0.05225062	0.00718245	0.00766077
0.05225062	0.00710720	0.00776709
0.05225062	0.00679104	0.00799276
0.05225062	0.00617376	0.00818639
0.05225062	0.00527621	0.00827027
0.05225062	0.00412853	0.00819719
0.05225062	0.00276365	0.00792721
0.05225062	0.00121562	0.00743582
0.05225062	-0.00048916	0.00672493
0.05225062	-0.00234215	0.00582815
0.05225062	-0.00434611	0.00478932
0.05225062	-0.00648458	0.00361058
0.05225062	-0.00873934	0.00229320
0.05225062	-0.01109531	0.00084611
0.05225062	-0.01353769	-0.00071995
0.05225062	-0.01604425	-0.00240414
0.05225062	-0.01861595	-0.00417041
0.05225062	-0.02124362	-0.00600092
0.05225062	-0.02390748	-0.00788843
0.05225062	-0.02657250	-0.00985316
0.05551644	-0.02975622	-0.01147496
0.05551644	-0.02664141	-0.01033358
0.05551644	-0.02359317	-0.00910587
0.05551644	-0.02061086	-0.00783473
0.05551644	-0.01770041	-0.00655256
0.05551644	-0.01488268	-0.00526224
0.05551644	-0.01216781	-0.00398608
0.05551644	-0.00957470	-0.00272821
0.05551644	-0.00712132	-0.00149348
0.05551644	-0.00482283	-0.00029085
0.05551644	-0.00269523	0.00087408
0.05551644	-0.00075275	0.00199406
0.05551644	0.00099339	0.00305851
0.05551644	0.00254708	0.00403526
0.05551644	0.00391431	0.00489309
0.05551644	0.00508748	0.00562537
0.05551644	0.00604884	0.00624416
0.05551644	0.00677142	0.00677436
0.05551644	0.00720709	0.00724541
0.05551644	0.00729395	0.00761507
0.05551644	0.00725165	0.00773715
0.05551644	0.00717689	0.00784510
0.05551644	0.00685830	0.00807270
0.05551644	0.00623566	0.00826733
0.05551644	0.00533099	0.00835583
0.05551644	0.00417319	0.00829215
0.05551644	0.00279421	0.00803451
0.05551644	0.00122831	0.00755535
0.05551644	-0.00049677	0.00685372
0.05551644	-0.00237119	0.00596225
0.05551644	-0.00439647	0.00492408
0.05551644	-0.00656010	0.00374919
0.05551644	-0.00884733	0.00244481
0.05551644	-0.01124413	0.00102105
0.05551644	-0.01373633	-0.00051080
0.05551644	-0.01630833	-0.00214054
0.05551644	-0.01894835	-0.00385088
0.05551644	-0.02163558	-0.00564088
0.05551644	-0.02435500	-0.00749576
0.05551644	-0.02707549	-0.00943058
0.05876364	-0.03019021	-0.01094804
0.05876364	-0.02704281	-0.00985339
0.05876364	-0.02396221	-0.00866708
0.05876364	-0.02094756	-0.00743526
0.05876364	-0.01800500	-0.00619107
0.05876364	-0.01515602	-0.00493604
0.05876364	-0.01241108	-0.00369258
0.05876364	-0.00978836	-0.00246647
0.05876364	-0.00730559	-0.00126314
0.05876364	-0.00497962	-0.00008824
0.05876364	-0.00282632	0.00105217
0.05876364	-0.00086027	0.00215122
0.05876364	0.00090642	0.00319946
0.05876364	0.00247804	0.00416311
0.05876364	0.00386183	0.00500809
0.05876364	0.00505099	0.00572632
0.05876364	0.00602793	0.00633013
0.05876364	0.00676582	0.00684602
0.05876364	0.00721738	0.00730615
0.05876364	0.00731456	0.00767465
0.05876364	0.00727412	0.00779795
0.05876364	0.00720045	0.00790736
0.05876364	0.00688294	0.00813942
0.05876364	0.00625964	0.00834174
0.05876364	0.00535210	0.00844247
0.05876364	0.00418825	0.00839546
0.05876364	0.00279925	0.00815786
0.05876364	0.00121918	0.00770044
0.05876364	-0.00052364	0.00702067
0.05876364	-0.00241832	0.00615047
0.05876364	-0.00446545	0.00513279
0.05876364	-0.00665343	0.00397987
0.05876364	-0.00896840	0.00270063
0.05876364	-0.01139653	0.00130558
0.05876364	-0.01392374	-0.00019383
0.05876364	-0.01653549	-0.00178565
0.05876364	-0.01921684	-0.00345740
0.05876364	-0.02194425	-0.00521260
0.05876364	-0.02470355	-0.00703467
0.05876364	-0.02746497	-0.00893731
0.06199180	-0.03060361	-0.01041404
0.06199180	-0.02743007	-0.00936205
0.06199180	-0.02432226	-0.00821708
0.06199180	-0.02127997	-0.00702544
0.06199180	-0.01830985	-0.00582028
0.06199180	-0.01543347	-0.00460282
0.06199180	-0.01266164	-0.00339542
0.06199180	-0.01001271	-0.00220359
0.06199180	-0.00750451	-0.00103253
0.06199180	-0.00515404	0.00011232
0.06199180	-0.00297732	0.00122511
0.06199180	-0.00098906	0.00229916
0.06199180	0.00079845	0.00332517
0.06199180	0.00238900	0.00426919
0.06199180	0.00378940	0.00509690
0.06199180	0.00499271	0.00580027
0.06199180	0.00598148	0.00639193
0.06199180	0.00672917	0.00689881
0.06199180	0.00718879	0.00735391
0.06199180	0.00729142	0.00772222
0.06199180	0.00725252	0.00784646
0.06199180	0.00718008	0.00795720
0.06199180	0.00686474	0.00819435
0.06199180	0.00624231	0.00840607
0.06199180	0.00533334	0.00852004
0.06199180	0.00416514	0.00848963
0.06199180	0.00276831	0.00827140
0.06199180	0.00117662	0.00783551
0.06199180	-0.00058159	0.00717894
0.06199180	-0.00249486	0.00633348
0.06199180	-0.00456320	0.00534228
0.06199180	-0.00677480	0.00421746
0.06199180	-0.00911564	0.00296779
0.06199180	-0.01157169	0.00160361
0.06199180	-0.01412868	0.00013623
0.06199180	-0.01677184	-0.00142257
0.06199180	-0.01948602	-0.00306050
0.06199180	-0.02224765	-0.00478139
0.06199180	-0.02504230	-0.00656885
0.06199180	-0.02784030	-0.00843701
0.06520044	-0.03101157	-0.00988242
0.06520044	-0.02781602	-0.00887355
0.06520044	-0.02468485	-0.00777033
0.06520044	-0.02161872	-0.00661931
0.06520044	-0.01862475	-0.00545366
0.06520044	-0.01572457	-0.00427431
0.06520044	-0.01292935	-0.00310351
0.06520044	-0.01025753	-0.00194656
0.06520044	-0.00772707	-0.00080840
0.06520044	-0.00535509	0.00030575
0.06520044	-0.00315770	0.00139026
0.06520044	-0.00114977	0.00243863
0.06520044	0.00065626	0.00344173
0.06520044	0.00226370	0.00436550
0.06520044	0.00367889	0.00517542
0.06520044	0.00489479	0.00586350
0.06520044	0.00589410	0.00644260
0.06520044	0.00665060	0.00694012
0.06520044	0.00711763	0.00738981
0.06520044	0.00722544	0.00775756
0.06520044	0.00718803	0.00788258
0.06520044	0.00711684	0.00799449
0.06520044	0.00680389	0.00823628
0.06520044	0.00618293	0.00845687
0.06520044	0.00527352	0.00858362
0.06520044	0.00410233	0.00856948
0.06520044	0.00269934	0.00837051
0.06520044	0.00109794	0.00795630
0.06520044	-0.00067348	0.00732330
0.06520044	-0.00260295	0.00650309
0.06520044	-0.00468987	0.00553898
0.06520044	-0.00692226	0.00444298
0.06520044	-0.00928594	0.00322371
0.06520044	-0.01176673	0.00189131
0.06520044	-0.01435013	0.00045693
0.06520044	-0.01702121	-0.00106782
0.06520044	-0.01976461	-0.00267083
0.06520044	-0.02255678	-0.00435628
0.06520044	-0.02538301	-0.00610791
0.06520044	-0.02821378	-0.00794032
0.06838910	-0.03122278	-0.00929888
0.06838910	-0.02802547	-0.00833570
0.06838910	-0.02489013	-0.00727725
0.06838910	-0.02181899	-0.00617030
0.06838910	-0.01881959	-0.00504782
0.06838910	-0.01591349	-0.00391044
0.06838910	-0.01311211	-0.00278021
0.06838910	-0.01043392	-0.00166214
0.06838910	-0.00789687	-0.00056092
0.06838910	-0.00551811	0.00051847
0.06838910	-0.00331377	0.00157062
0.06838910	-0.00129874	0.00258927
0.06838910	0.00051446	0.00356543
0.06838910	0.00212875	0.00446502
0.06838910	0.00354994	0.00525362
0.06838910	0.00477089	0.00592343
0.06838910	0.00577448	0.00648754
0.06838910	0.00653495	0.00697359
0.06838910	0.00700615	0.00741586
0.06838910	0.00711805	0.00778108
0.06838910	0.00708226	0.00790613
0.06838910	0.00701268	0.00801854
0.06838910	0.00670382	0.00826347
0.06838910	0.00608780	0.00849136
0.06838910	0.00518311	0.00862959
0.06838910	0.00401566	0.00863097
0.06838910	0.00261475	0.00845131
0.06838910	0.00101323	0.00805978
0.06838910	-0.00076060	0.00745238
0.06838910	-0.00269435	0.00666026
0.06838910	-0.00478686	0.00572668
0.06838910	-0.00702606	0.00466353
0.06838910	-0.00939772	0.00347923
0.06838910	-0.01188755	0.00218370
0.06838910	-0.01448100	0.00078787
0.06838910	-0.01716301	-0.00069687
0.06838910	-0.01991814	-0.00225864
0.06838910	-0.02272297	-0.00390189
0.06838910	-0.02556264	-0.00561059
0.06838910	-0.02840794	-0.00739967
0.07155724	-0.03118687	-0.00865239
0.07155724	-0.02801147	-0.00773784
0.07155724	-0.02489490	-0.00672778
0.07155724	-0.02184128	-0.00566895
0.07155724	-0.01885849	-0.00459388
0.07155724	-0.01596789	-0.00350295
0.07155724	-0.01318105	-0.00241780
0.07155724	-0.01051632	-0.00134319
0.07155724	-0.00799153	-0.00028353
0.07155724	-0.00562371	0.00075647
0.07155724	-0.00342890	0.00177162
0.07155724	-0.00142191	0.00275589
0.07155724	0.00038476	0.00370052
0.07155724	0.00199366	0.00457163
0.07155724	0.00341010	0.00533515
0.07155724	0.00462685	0.00598350
0.07155724	0.00562714	0.00652990
0.07155724	0.00638576	0.00700200
0.07155724	0.00685741	0.00743430
0.07155724	0.00697232	0.00779458
0.07155724	0.00693830	0.00791879
0.07155724	0.00687071	0.00803086
0.07155724	0.00656786	0.00827695
0.07155724	0.00596081	0.00850990
0.07155724	0.00506694	0.00865764
0.07155724	0.00391134	0.00867315
0.07155724	0.00252243	0.00851232
0.07155724	0.00093238	0.00814420
0.07155724	-0.00083083	0.00756439
0.07155724	-0.00275451	0.00680351
0.07155724	-0.00483701	0.00590443
0.07155724	-0.00706625	0.00487884
0.07155724	-0.00942807	0.00373490
0.07155724	-0.01190819	0.00248227
0.07155724	-0.01449208	0.00113160
0.07155724	-0.01716471	-0.00030599
0.07155724	-0.01991065	-0.00181893
0.07155724	-0.02270679	-0.00341189
0.07155724	-0.02553825	-0.00506916
0.07155724	-0.02837628	-0.00680583
0.07470433	-0.03101336	-0.00798000
0.07470433	-0.02787284	-0.00711456
0.07470433	-0.02478885	-0.00615423
0.07470433	-0.02176635	-0.00514515
0.07470433	-0.01881349	-0.00411924
0.07470433	-0.01595134	-0.00307664
0.07470433	-0.01319156	-0.00203855
0.07470433	-0.01055228	-0.00100943
0.07470433	-0.00805115	0.00000656
0.07470433	-0.00570500	0.00100498
0.07470433	-0.00352972	0.00198089
0.07470433	-0.00153996	0.00292852
0.07470433	0.00025188	0.00383933
0.07470433	0.00184794	0.00467982
0.07470433	0.00325304	0.00541641
0.07470433	0.00445997	0.00604175
0.07470433	0.00545231	0.00656908
0.07470433	0.00620553	0.00702594
0.07470433	0.00667534	0.00744686
0.07470433	0.00679256	0.00780079
0.07470433	0.00676036	0.00792360
0.07470433	0.00669495	0.00803482
0.07470433	0.00639913	0.00828080
0.07470433	0.00580331	0.00851731
0.07470433	0.00492378	0.00867312
0.07470433	0.00378472	0.00870158
0.07470433	0.00241365	0.00855891
0.07470433	0.00084192	0.00821417
0.07470433	-0.00090292	0.00766267
0.07470433	-0.00280798	0.00693438
0.07470433	-0.00487116	0.00607162
0.07470433	-0.00708043	0.00508576
0.07470433	-0.00942174	0.00398476
0.07470433	-0.01188091	0.00277795
0.07470433	-0.01444350	0.00147568
0.07470433	-0.01709456	0.00008874
0.07470433	-0.01981876	-0.00137163
0.07470433	-0.02259339	-0.00291027
0.07470433	-0.02540357	-0.00451187
0.07470433	-0.02822118	-0.00619159
0.07782979	-0.03078760	-0.00731130
0.07782979	-0.02768818	-0.00649409
0.07782979	-0.02464324	-0.00558292
0.07782979	-0.02165826	-0.00462313
0.07782979	-0.01874161	-0.00364603
0.07782979	-0.01591403	-0.00265153
0.07782979	-0.01318722	-0.00166032
0.07782979	-0.01057908	-0.00067662
0.07782979	-0.00810703	0.00029570
0.07782979	-0.00578766	0.00125243
0.07782979	-0.00363666	0.00218890
0.07782979	-0.00166852	0.00309958
0.07782979	0.00010447	0.00397620
0.07782979	0.00168408	0.00478573
0.07782979	0.00307467	0.00549510
0.07782979	0.00426905	0.00609719
0.07782979	0.00525120	0.00660521
0.07782979	0.00599730	0.00704654
0.07782979	0.00646412	0.00745561
0.07782979	0.00658320	0.00780260
0.07782979	0.00655280	0.00792378
0.07782979	0.00648962	0.00803390
0.07782979	0.00620117	0.00827908
0.07782979	0.00561749	0.00851824
0.07782979	0.00475380	0.00868113
0.07782979	0.00363337	0.00872161
0.07782979	0.00228278	0.00859627
0.07782979	0.00073253	0.00827434
0.07782979	-0.00099030	0.00775084
0.07782979	-0.00287268	0.00705507
0.07782979	-0.00491209	0.00622867
0.07782979	-0.00709658	0.00528275
0.07782979	-0.00941225	0.00422498
0.07782979	-0.01184503	0.00306439
0.07782979	-0.01438062	0.00181102
0.07782979	-0.01700420	0.00047530
0.07782979	-0.01970054	-0.00093183
0.07782979	-0.02244737	-0.00241539
0.07782979	-0.02522990	-0.00396048
0.07782979	-0.02802061	-0.00558230
0.08093299	-0.03053029	-0.00665470
0.08093299	-0.02747661	-0.00588445
0.08093299	-0.02447511	-0.00502120
0.08093299	-0.02153201	-0.00410957
0.08093299	-0.01865587	-0.00318021
0.08093299	-0.01586706	-0.00223282
0.08093299	-0.01317730	-0.00128762
0.08093299	-0.01060422	-0.00034854
0.08093299	-0.00816497	0.00058080
0.08093299	-0.00587593	0.00149643
0.08093299	-0.00375253	0.00239394
0.08093299	-0.00180909	0.00326804
0.08093299	-0.00005775	0.00411073
0.08093299	0.00150288	0.00488951
0.08093299	0.00287673	0.00557186
0.08093299	0.00405666	0.00615087
0.08093299	0.00502705	0.00663971
0.08093299	0.00576479	0.00706551
0.08093299	0.00622773	0.00746260
0.08093299	0.00634826	0.00780233
0.08093299	0.00631960	0.00792170
0.08093299	0.00625862	0.00803054
0.08093299	0.00597772	0.00827441
0.08093299	0.00540670	0.00851547
0.08093299	0.00455979	0.00868458
0.08093299	0.00345933	0.00873619
0.08093299	0.00213097	0.00862736
0.08093299	0.00060436	0.00832750
0.08093299	-0.00109397	0.00783138
0.08093299	-0.00295084	0.00716759
0.08093299	-0.00496338	0.00637706
0.08093299	-0.00711970	0.00547060
0.08093299	-0.00940609	0.00445563
0.08093299	-0.01180864	0.00334084
0.08093299	-0.01431317	0.00213597
0.08093299	-0.01690501	0.00085113
0.08093299	-0.01956911	-0.00050312
0.08093299	-0.02228363	-0.00193191
0.08093299	-0.02503387	-0.00342078
0.08093299	-0.02779299	-0.00498490
0.08401329	-0.03022199	-0.00600552
0.08401329	-0.02721949	-0.00528081
0.08401329	-0.02426714	-0.00446439
0.08401329	-0.02137159	-0.00359995
0.08401329	-0.01854152	-0.00271746
0.08401329	-0.01579691	-0.00181643
0.08401329	-0.01314945	-0.00091655
0.08401329	-0.01061650	-0.00002150
0.08401329	-0.00821490	0.00086534
0.08401329	-0.00596074	0.00174027
0.08401329	-0.00386922	0.00259909
0.08401329	-0.00195443	0.00343678
0.08401329	-0.00022836	0.00424560
0.08401329	0.00131006	0.00499360
0.08401329	0.00266434	0.00564892
0.08401329	0.00382737	0.00620485
0.08401329	0.00478399	0.00667449
0.08401329	0.00551178	0.00708468
0.08401329	0.00596974	0.00746952
0.08401329	0.00609122	0.00780154
0.08401329	0.00606426	0.00791889
0.08401329	0.00600550	0.00802622
0.08401329	0.00573242	0.00826816
0.08401329	0.00517482	0.00851029
0.08401329	0.00434595	0.00868468
0.08401329	0.00326722	0.00874645
0.08401329	0.00196337	0.00865323
0.08401329	0.00046313	0.00837470
0.08401329	-0.00120749	0.00790539
0.08401329	-0.00303527	0.00727314
0.08401329	-0.00501696	0.00651811
0.08401329	-0.00714083	0.00565081
0.08401329	-0.00939335	0.00467839
0.08401329	-0.01176078	0.00360923
0.08401329	-0.01422913	0.00245274
0.08401329	-0.01678390	0.00121868
0.08401329	-0.01941024	-0.00008272
0.08401329	-0.02208678	-0.00145670
0.08401329	-0.02479896	-0.00288923
0.08401329	-0.02752061	-0.00439545
0.08706999	-0.02984242	-0.00535813
0.08706999	-0.02689836	-0.00467796
0.08706999	-0.02400220	-0.00390751
0.08706999	-0.02116112	-0.00308957
0.08706999	-0.01838392	-0.00225336
0.08706999	-0.01569015	-0.00139820
0.08706999	-0.01309145	-0.00054324
0.08706999	-0.01060481	0.00030809
0.08706999	-0.00824675	0.00115267
0.08706999	-0.00603305	0.00198700
0.08706999	-0.00397863	0.00280715
0.08706999	-0.00209731	0.00360832
0.08706999	-0.00040090	0.00438305
0.08706999	0.00111138	0.00510002
0.08706999	0.00244262	0.00572806
0.08706999	0.00358581	0.00626073
0.08706999	0.00452620	0.00671100
0.08706999	0.00524214	0.00710535
0.08706999	0.00569380	0.00747752
0.08706999	0.00581570	0.00780123
0.08706999	0.00579040	0.00791628
0.08706999	0.00573393	0.00802183
0.08706999	0.00546907	0.00826112
0.08706999	0.00492590	0.00850337
0.08706999	0.00411668	0.00868200
0.08706999	0.00306196	0.00875289
0.08706999	0.00178548	0.00867436
0.08706999	0.00031508	0.00841645
0.08706999	-0.00132385	0.00797349
0.08706999	-0.00311806	0.00737254
0.08706999	-0.00506401	0.00665289
0.08706999	-0.00715012	0.00582474
0.08706999	-0.00936309	0.00489498
0.08706999	-0.01168939	0.00387165
0.08706999	-0.01411526	0.00276384
0.08706999	-0.01662641	0.00158097
0.08706999	-0.01920822	0.00033290
0.08706999	-0.02183984	-0.00098570
0.08706999	-0.02450689	-0.00236122
0.08706999	-0.02718392	-0.00380873
0.09010232	-0.02939829	-0.00471563
0.09010232	-0.02651880	-0.00407865
0.09010232	-0.02368501	-0.00335309
0.09010232	-0.02090454	-0.00258070
0.09010232	-0.01818625	-0.00178993
0.09010232	-0.01554920	-0.00097992
0.09010232	-0.01300495	-0.00016924
0.09010232	-0.01057009	0.00063892
0.09010232	-0.00826081	0.00144166
0.09010232	-0.00609252	0.00223573
0.09010232	-0.00407982	0.00301742
0.09010232	-0.00223625	0.00378217
0.09010232	-0.00057339	0.00452280
0.09010232	0.00090924	0.00520869
0.09010232	0.00221436	0.00580942
0.09010232	0.00333506	0.00631881
0.09010232	0.00425704	0.00674967
0.09010232	0.00495943	0.00712802
0.09010232	0.00540362	0.00748720
0.09010232	0.00552546	0.00780207
0.09010232	0.00550178	0.00791459
0.09010232	0.00544760	0.00801812
0.09010232	0.00519127	0.00825409
0.09010232	0.00466335	0.00849552
0.09010232	0.00387518	0.00867732
0.09010232	0.00284640	0.00875627
0.09010232	0.00159979	0.00869145
0.09010232	0.00016225	0.00845333
0.09010232	-0.00144147	0.00803611
0.09010232	-0.00319819	0.00746603
0.09010232	-0.00510407	0.00678144
0.09010232	-0.00714774	0.00599220
0.09010232	-0.00931616	0.00510494
0.09010232	-0.01159603	0.00412737
0.09010232	-0.01397385	0.00306825
0.09010232	-0.01643559	0.00193663
0.09010232	-0.01896689	0.00074201
0.09010232	-0.02154744	-0.00052099
0.09010232	-0.02416310	-0.00183922
0.09010232	-0.02678916	-0.00322760
0.09310947	-0.02891452	-0.00408630
0.09310947	-0.02610331	-0.00349070
0.09310947	-0.02333575	-0.00280844
0.09310947	-0.02061973	-0.00208013
0.09310947	-0.01796413	-0.00133339
0.09310947	-0.01538751	-0.00056721
0.09310947	-0.01290130	0.00020041
0.09310947	-0.01052171	0.00096652
0.09310947	-0.00826451	0.00172844
0.09310947	-0.00614477	0.00248314
0.09310947	-0.00417675	0.00322715
0.09310947	-0.00237368	0.00395614
0.09310947	-0.00074689	0.00466320
0.09310947	0.00070381	0.00531847
0.09310947	0.00198081	0.00589232
0.09310947	0.00307729	0.00637879
0.09310947	0.00397946	0.00679050
0.09310947	0.00466717	0.00715301
0.09310947	0.00510311	0.00749914
0.09310947	0.00522452	0.00780490
0.09310947	0.00520241	0.00791474
0.09310947	0.00515051	0.00801609
0.09310947	0.00490281	0.00824825
0.09310947	0.00439052	0.00848815
0.09310947	0.00362414	0.00867225
0.09310947	0.00262240	0.00875826
0.09310947	0.00140714	0.00870613
0.09310947	0.00000431	0.00848682
0.09310947	-0.00156203	0.00809444
0.09310947	-0.00327876	0.00755439
0.09310947	-0.00514184	0.00690402
0.09310947	-0.00714009	0.00615289
0.09310947	-0.00926074	0.00530732
0.09310947	-0.01149078	0.00437472
0.09310947	-0.01381696	0.00336349
0.09310947	-0.01622555	0.00228235
0.09310947	-0.01870246	0.00114042
0.09310947	-0.02122796	-0.00006770
0.09310947	-0.02378816	-0.00132933
0.09310947	-0.02635911	-0.00265919
0.09609059	-0.02841572	-0.00347728
0.09609059	-0.02567418	-0.00292093
0.09609059	-0.02297440	-0.00227993
0.09609059	-0.02032438	-0.00159371
0.09609059	-0.01773302	-0.00088908
0.09609059	-0.01521837	-0.00016490
0.09609059	-0.01279170	0.00056142
0.09609059	-0.01046884	0.00128716
0.09609059	-0.00826515	0.00200984
0.09609059	-0.00619533	0.00272664
0.09609059	-0.00427328	0.00343430
0.09609059	-0.00251193	0.00412873
0.09609059	-0.00092237	0.00480329
0.09609059	0.00049536	0.00542889
0.09609059	0.00174331	0.00597670
0.09609059	0.00281480	0.00644098
0.09609059	0.00369649	0.00683414
0.09609059	0.00436901	0.00718123
0.09609059	0.00479626	0.00751451
0.09609059	0.00491698	0.00781115
0.09609059	0.00489637	0.00791826
0.09609059	0.00484671	0.00801735
0.09609059	0.00460754	0.00824545
0.09609059	0.00411089	0.00848332
0.09609059	0.00336641	0.00866904
0.09609059	0.00239199	0.00876127
0.09609059	0.00120855	0.00872084
0.09609059	-0.00015891	0.00851924
0.09609059	-0.00168699	0.00815052
0.09609059	-0.00336271	0.00763926
0.09609059	-0.00518181	0.00702183
0.09609059	-0.00713333	0.00630742
0.09609059	-0.00920480	0.00550211
0.09609059	-0.01138348	0.00461298
0.09609059	-0.01365641	0.00364811
0.09609059	-0.01601014	0.00261586
0.09609059	-0.01843088	0.00152501
0.09609059	-0.02089948	0.00037013
0.09609059	-0.02340230	-0.00083653
0.09609059	-0.02591618	-0.00210952
0.09904472	-0.02791521	-0.00289095
0.09904472	-0.02524334	-0.00237159
0.09904472	-0.02261145	-0.00176959
0.09904472	-0.02002761	-0.00112326
0.09904472	-0.01750067	-0.00045856
0.09904472	-0.01504820	0.00022575
0.09904472	-0.01268131	0.00091283
0.09904472	-0.01041542	0.00160015
0.09904472	-0.00826549	0.00228546
0.09904472	-0.00624586	0.00296610
0.09904472	-0.00437008	0.00363905
0.09904472	-0.00265075	0.00430042
0.09904472	-0.00109872	0.00494384
0.09904472	0.00028574	0.00554102
0.09904472	0.00150438	0.00606387
0.09904472	0.00255065	0.00650688
0.09904472	0.00341168	0.00688225
0.09904472	0.00406882	0.00721451
0.09904472	0.00448720	0.00753534
0.09904472	0.00460701	0.00782299
0.09904472	0.00458782	0.00792737
0.09904472	0.00454030	0.00802418
0.09904472	0.00430946	0.00824807
0.09904472	0.00382819	0.00848357
0.09904472	0.00310536	0.00867034
0.09904472	0.00215804	0.00876803
0.09904472	0.00100627	0.00873834
0.09904472	-0.00032585	0.00855332
0.09904472	-0.00181560	0.00820698
0.09904472	-0.00345015	0.00772312
0.09904472	-0.00522505	0.00713709
0.09904472	-0.00712956	0.00645775
0.09904472	-0.00915151	0.00569093
0.09904472	-0.01127844	0.00484340
0.09904472	-0.01349768	0.00392294
0.09904472	-0.01579607	0.00293755
0.09904472	-0.01816013	0.00189568
0.09904472	-0.02057128	0.00079190
0.09904472	-0.02301613	-0.00036199
0.09904472	-0.02547227	-0.00158032
0.10197084	-0.02741923	-0.00232753
0.10197084	-0.02481624	-0.00184286
0.10197084	-0.02225154	-0.00127755
0.10197084	-0.01973321	-0.00066877
0.10197084	-0.01727008	-0.00004172
0.10197084	-0.01487924	0.00060495
0.10197084	-0.01257161	0.00125494
0.10197084	-0.01036221	0.00190594
0.10197084	-0.00826563	0.00255585
0.10197084	-0.00629582	0.00320224
0.10197084	-0.00446599	0.00384224
0.10197084	-0.00278842	0.00447219
0.10197084	-0.00127374	0.00508598
0.10197084	0.00007760	0.00565607
0.10197084	0.00126706	0.00615516
0.10197084	0.00228824	0.00657794
0.10197084	0.00312870	0.00693636
0.10197084	0.00377048	0.00725444
0.10197084	0.00417992	0.00756328
0.10197084	0.00429868	0.00784217
0.10197084	0.00428083	0.00794385
0.10197084	0.00423536	0.00803839
0.10197084	0.00401259	0.00825799
0.10197084	0.00354629	0.00849086
0.10197084	0.00284465	0.00867823
0.10197084	0.00192393	0.00878068
0.10197084	0.00080334	0.00876080
0.10197084	-0.00049389	0.00859123
0.10197084	-0.00194570	0.00826594
0.10197084	-0.00353943	0.00780797
0.10197084	-0.00527047	0.00725168
0.10197084	-0.00712830	0.00660562
0.10197084	-0.00910104	0.00587537
0.10197084	-0.01117652	0.00506741
0.10197084	-0.01334235	0.00418921
0.10197084	-0.01558567	0.00324845
0.10197084	-0.01789330	0.00225325
0.10197084	-0.02024721	0.00119819
0.10197084	-0.02263429	0.00009463
0.10197084	-0.02503285	-0.00107152
0.10486783	-0.02693525	-0.00178913
0.10486783	-0.02439940	-0.00133675
0.10486783	-0.02190026	-0.00080569
0.10486783	-0.01944591	-0.00023204
0.10486783	-0.01704512	0.00035974
0.10486783	-0.01471450	0.00097112
0.10486783	-0.01246479	0.00158633
0.10486783	-0.01031062	0.00220322
0.10486783	-0.00826621	0.00281987
0.10486783	-0.00634514	0.00343401
0.10486783	-0.00456029	0.00404298
0.10486783	-0.00292364	0.00464329
0.10486783	-0.00144556	0.00522909
0.10486783	-0.00012671	0.00577359
0.10486783	0.00103414	0.00625023
0.10486783	0.00203071	0.00665388
0.10486783	0.00285100	0.00699628
0.10486783	0.00347771	0.00730092
0.10486783	0.00387832	0.00759832
0.10486783	0.00399594	0.00786873
0.10486783	0.00397933	0.00796778
0.10486783	0.00393583	0.00806011
0.10486783	0.00372078	0.00827544
0.10486783	0.00326892	0.00850551
0.10486783	0.00258775	0.00869306
0.10486783	0.00169282	0.00879963
0.10486783	0.00060254	0.00878866
0.10486783	-0.00066071	0.00863336
0.10486783	-0.00207549	0.00832770
0.10486783	-0.00362932	0.00789402
0.10486783	-0.00531745	0.00736571
0.10486783	-0.00712959	0.00675098
0.10486783	-0.00905415	0.00605522
0.10486783	-0.01107922	0.00528459
0.10486783	-0.01319271	0.00444630
0.10486783	-0.01538204	0.00354773
0.10486783	-0.01763433	0.00259665
0.10486783	-0.01993209	0.00158769
0.10486783	-0.02226248	0.00053179
0.10486783	-0.02460449	-0.00058492
0.10773448	-0.02647607	-0.00128073
0.10773448	-0.02400426	-0.00085813
0.10773448	-0.02156776	-0.00035876
0.10773448	-0.01917454	0.00018231
0.10773448	-0.01683332	0.00074139
0.10773448	-0.01456025	0.00132000
0.10773448	-0.01236592	0.00190287
0.10773448	-0.01026457	0.00248804
0.10773448	-0.00827006	0.00307373
0.10773448	-0.00639562	0.00365783
0.10773448	-0.00465382	0.00423786
0.10773448	-0.00305634	0.00481051
0.10773448	-0.00161331	0.00537015
0.10773448	-0.00032559	0.00589075
0.10773448	0.00080784	0.00634642
0.10773448	0.00178083	0.00673222
0.10773448	0.00258179	0.00705965
0.10773448	0.00319404	0.00735169
0.10773448	0.00358615	0.00763831
0.10773448	0.00370262	0.00790068
0.10773448	0.00368718	0.00799722
0.10773448	0.00364551	0.00808742
0.10773448	0.00343773	0.00829859
0.10773448	0.00299953	0.00852582
0.10773448	0.00233778	0.00871327
0.10773448	0.00146736	0.00882339
0.10773448	0.00040593	0.00882047
0.10773448	-0.00082489	0.00867826
0.10773448	-0.00220430	0.00839077
0.10773448	-0.00371997	0.00797965
0.10773448	-0.00536706	0.00747738
0.10773448	-0.00713548	0.00689186
0.10773448	-0.00901392	0.00622825
0.10773448	-0.01099072	0.00549248
0.10773448	-0.01305408	0.00469147
0.10773448	-0.01519169	0.00383230
0.10773448	-0.01739097	0.00292247
0.10773448	-0.01963492	0.00195662
0.10773448	-0.02191096	0.00094530
0.10773448	-0.02419876	-0.00012512
0.11056943	-0.02605639	-0.00080615
0.11056943	-0.02364400	-0.00041080
0.11056943	-0.02126571	0.00005947
0.11056943	-0.01892932	0.00057063
0.11056943	-0.01664348	0.00109965
0.11056943	-0.01442392	0.00164813
0.11056943	-0.01228107	0.00220128
0.11056943	-0.01022883	0.00275725
0.11056943	-0.00828071	0.00331445
0.11056943	-0.00644964	0.00387090
0.11056943	-0.00474787	0.00442427
0.11056943	-0.00318682	0.00497142
0.11056943	-0.00177640	0.00550696
0.11056943	-0.00051765	0.00600554
0.11056943	0.00059026	0.00644189
0.11056943	0.00154131	0.00681124
0.11056943	0.00232428	0.00712487
0.11056943	0.00292308	0.00740530
0.11056943	0.00330728	0.00768194
0.11056943	0.00342266	0.00793685
0.11056943	0.00340831	0.00803106
0.11056943	0.00336833	0.00811928
0.11056943	0.00316728	0.00832658
0.11056943	0.00274172	0.00855110
0.11056943	0.00209797	0.00873837
0.11056943	0.00125029	0.00885167
0.11056943	0.00021564	0.00885605
0.11056943	-0.00098506	0.00872580
0.11056943	-0.00233160	0.00845496
0.11056943	-0.00381180	0.00806458
0.11056943	-0.00542074	0.00758626
0.11056943	-0.00714851	0.00702762
0.11056943	-0.00898404	0.00639362
0.11056943	-0.01091597	0.00568994
0.11056943	-0.01293269	0.00492327
0.11056943	-0.01502220	0.00410042
0.11056943	-0.01717217	0.00322861
0.11056943	-0.01936605	0.00230249
0.11056943	-0.02159154	0.00133229
0.11056943	-0.02382890	0.00030457
0.11337121	-0.02568846	-0.00036414
0.11337121	-0.02332957	0.00000636
0.11337121	-0.02100376	0.00045013
0.11337121	-0.01871858	0.00093405
0.11337121	-0.01648265	0.00143570
0.11337121	-0.01431131	0.00195676
0.11337121	-0.01221485	0.00248284
0.11337121	-0.01020686	0.00301226
0.11337121	-0.00830054	0.00354353
0.11337121	-0.00650854	0.00407483
0.11337121	-0.00484283	0.00460395
0.11337121	-0.00331459	0.00512793
0.11337121	-0.00193355	0.00564158
0.11337121	-0.00070088	0.00612016
0.11337121	0.00038405	0.00653899
0.11337121	0.00131534	0.00689340
0.11337121	0.00208211	0.00719450
0.11337121	0.00266880	0.00746438
0.11337121	0.00304587	0.00773198
0.11337121	0.00316032	0.00798016
0.11337121	0.00314696	0.00807226
0.11337121	0.00310853	0.00815870
0.11337121	0.00291361	0.00836255
0.11337121	0.00249949	0.00858473
0.11337121	0.00187202	0.00877196
0.11337121	0.00104486	0.00888825
0.11337121	0.00003437	0.00889935
0.11337121	-0.00113919	0.00878002
0.11337121	-0.00245610	0.00852433
0.11337121	-0.00390436	0.00815280
0.11337121	-0.00547893	0.00769626
0.11337121	-0.00717009	0.00716204
0.11337121	-0.00896700	0.00655494
0.11337121	-0.01085851	0.00588043
0.11337121	-0.01283327	0.00514494
0.11337121	-0.01487948	0.00435506
0.11337121	-0.01698505	0.00351776
0.11337121	-0.01913389	0.00262772
0.11337121	-0.02131388	0.00169483
0.11337121	-0.02350584	0.00070586
0.11613817	-0.02538142	0.00004966
0.11613817	-0.02306908	0.00039770
0.11613817	-0.02078892	0.00081760
0.11613817	-0.01854828	0.00127703
0.11613817	-0.01635573	0.00175411
0.11613817	-0.01422631	0.00225056
0.11613817	-0.01217017	0.00275237
0.11613817	-0.01020062	0.00325797
0.11613817	-0.00833062	0.00376602
0.11613817	-0.00657253	0.00427479
0.11613817	-0.00493813	0.00478223
0.11613817	-0.00343835	0.00528550
0.11613817	-0.00208278	0.00577959
0.11613817	-0.00087273	0.00624035
0.11613817	0.00019227	0.00664355
0.11613817	0.00110642	0.00698466
0.11613817	0.00185915	0.00727458
0.11613817	0.00243535	0.00753507
0.11613817	0.00280630	0.00779468
0.11613817	0.00292000	0.00803693
0.11613817	0.00290755	0.00812721
0.11613817	0.00287051	0.00821211
0.11613817	0.00268103	0.00841305
0.11613817	0.00227700	0.00863336
0.11613817	0.00166380	0.00882081
0.11613817	0.00085459	0.00894002
0.11613817	-0.00013482	0.00895733
0.11613817	-0.00128474	0.00884791
0.11613817	-0.00257589	0.00860585
0.11613817	-0.00399640	0.00825124
0.11613817	-0.00554113	0.00781420
0.11613817	-0.00720053	0.00730184
0.11613817	-0.00896395	0.00671878
0.11613817	-0.01082042	0.00607030
0.11613817	-0.01275879	0.00536264
0.11613817	-0.01476748	0.00460217
0.11613817	-0.01683459	0.00379564
0.11613817	-0.01894440	0.00293774
0.11613817	-0.02108499	0.00203806
0.11613817	-0.02323765	0.00108354
0.11886845	-0.02514499	0.00043410
0.11886845	-0.02287115	0.00076223
0.11886845	-0.02062873	0.00116108
0.11886845	-0.01842490	0.00159899
0.11886845	-0.01626820	0.00205447
0.11886845	-0.01417339	0.00252934
0.11886845	-0.01215051	0.00300987
0.11886845	-0.01021268	0.00349462
0.11886845	-0.00837260	0.00398233
0.11886845	-0.00664246	0.00447141
0.11886845	-0.00503381	0.00495991
0.11886845	-0.00355743	0.00544512
0.11886845	-0.00222277	0.00592220
0.11886845	-0.00103129	0.00636747
0.11886845	0.00001735	0.00675711
0.11886845	0.00091743	0.00708664
0.11886845	0.00165863	0.00736686
0.11886845	0.00222626	0.00761921
0.11886845	0.00259227	0.00787193
0.11886845	0.00270552	0.00810919
0.11886845	0.00269389	0.00819796
0.11886845	0.00265807	0.00828161
0.11886845	0.00247323	0.00848024
0.11886845	0.00207772	0.00869923
0.11886845	0.00147649	0.00888718
0.11886845	0.00068226	0.00900923
0.11886845	-0.00028960	0.00903220
0.11886845	-0.00141991	0.00893158
0.11886845	-0.00268976	0.00870151
0.11886845	-0.00408738	0.00836172
0.11886845	-0.00560755	0.00794173
0.11886845	-0.00724080	0.00744844
0.11886845	-0.00897668	0.00688633
0.11886845	-0.01080437	0.00626052
0.11886845	-0.01271287	0.00557708
0.11886845	-0.01469077	0.00484218
0.11886845	-0.01672635	0.00406239
0.11886845	-0.01880418	0.00323238
0.11886845	-0.02091249	0.00236151
0.11886845	-0.02303300	0.00143680
0.12155998	-0.02499169	0.00077797
0.12155998	-0.02274703	0.00108894
0.12155998	-0.02053330	0.00146972
0.12155998	-0.01835739	0.00188917
0.12155998	-0.01622785	0.00232618
0.12155998	-0.01415922	0.00278261
0.12155998	-0.01216150	0.00324500
0.12155998	-0.01024761	0.00371197
0.12155998	-0.00843010	0.00418240
0.12155998	-0.00672100	0.00465477
0.12155998	-0.00513170	0.00512723
0.12155998	-0.00367287	0.00559717
0.12155998	-0.00235384	0.00605993
0.12155998	-0.00117622	0.00649220
0.12155998	-0.00013981	0.00687045
0.12155998	0.00074976	0.00719027
0.12155998	0.00148236	0.00746233
0.12155998	0.00204365	0.00770787
0.12155998	0.00240614	0.00795489
0.12155998	0.00251937	0.00818815
0.12155998	0.00250848	0.00827577
0.12155998	0.00247367	0.00835850
0.12155998	0.00229257	0.00855550
0.12155998	0.00190377	0.00877376
0.12155998	0.00131187	0.00896253
0.12155998	0.00052925	0.00908735
0.12155998	-0.00042912	0.00911538
0.12155998	-0.00154444	0.00902238
0.12155998	-0.00279811	0.00880254
0.12155998	-0.00417843	0.00847534
0.12155998	-0.00568008	0.00806981
0.12155998	-0.00729369	0.00759263
0.12155998	-0.00900892	0.00704820
0.12155998	-0.01081506	0.00644149
0.12155998	-0.01270124	0.00577842
0.12155998	-0.01465616	0.00506501
0.12155998	-0.01666824	0.00430767
0.12155998	-0.01872228	0.00350106
0.12155998	-0.02080662	0.00265434
0.12155998	-0.02290330	0.00175459
0.12421038	-0.02493186	0.00107219
0.12421038	-0.02270613	0.00136845
0.12421038	-0.02051109	0.00173380
0.12421038	-0.01835329	0.00213758
0.12421038	-0.01624132	0.00255895
0.12421038	-0.01418957	0.00299983
0.12421038	-0.01220802	0.00344695
0.12421038	-0.01030948	0.00389904
0.12421038	-0.00850640	0.00435504
0.12421038	-0.00681068	0.00481351
0.12421038	-0.00523363	0.00527270
0.12421038	-0.00378583	0.00573010
0.12421038	-0.00247657	0.00618115
0.12421038	-0.00130759	0.00660286
0.12421038	-0.00027880	0.00697188
0.12421038	0.00060420	0.00728381
0.12421038	0.00133146	0.00754925
0.12421038	0.00188889	0.00778930
0.12421038	0.00224944	0.00803187
0.12421038	0.00236310	0.00826223
0.12421038	0.00235286	0.00834910
0.12421038	0.00231888	0.00843126
0.12421038	0.00214057	0.00862744
0.12421038	0.00175657	0.00884576
0.12421038	0.00117120	0.00903592
0.12421038	0.00039653	0.00916367
0.12421038	-0.00055276	0.00919643
0.12421038	-0.00165817	0.00911012
0.12421038	-0.00290130	0.00889897
0.12421038	-0.00427052	0.00858228
0.12421038	-0.00576039	0.00818873
0.12421038	-0.00736156	0.00772484
0.12421038	-0.00906378	0.00719492
0.12421038	-0.01085642	0.00660381
0.12421038	-0.01272867	0.00595734
0.12421038	-0.01466931	0.00526140
0.12421038	-0.01666682	0.00452228
0.12421038	-0.01870618	0.00373461
0.12421038	-0.02077579	0.00290740
0.12421038	-0.02285793	0.00202777
0.12681693	-0.02496484	0.00132924
0.12681693	-0.02274786	0.00161238
0.12681693	-0.02056142	0.00196426
0.12681693	-0.01841181	0.00235452
0.12681693	-0.01630771	0.00276250
0.12681693	-0.01426343	0.00319017
0.12681693	-0.01228897	0.00362440
0.12681693	-0.01039708	0.00406399
0.12681693	-0.00860017	0.00450797
0.12681693	-0.00691008	0.00495496
0.12681693	-0.00533809	0.00540331
0.12681693	-0.00389473	0.00585055
0.12681693	-0.00258927	0.00629226
0.12681693	-0.00142362	0.00670562
0.12681693	-0.00039779	0.00706734
0.12681693	0.00048266	0.00737301
0.12681693	0.00120787	0.00763322
0.12681693	0.00176394	0.00786904
0.12681693	0.00212412	0.00810844
0.12681693	0.00223857	0.00833703
0.12681693	0.00222890	0.00842355
0.12681693	0.00219557	0.00850552
0.12681693	0.00201926	0.00870180
0.12681693	0.00163832	0.00892124
0.12681693	0.00105678	0.00911371
0.12681693	0.00028649	0.00924504
0.12681693	-0.00065811	0.00928269
0.12681693	-0.00175871	0.00920262
0.12681693	-0.00299705	0.00899905
0.12681693	-0.00436145	0.00869121
0.12681693	-0.00584634	0.00830758
0.12681693	-0.00744240	0.00785455
0.12681693	-0.00913939	0.00733636
0.12681693	-0.01092669	0.00675777
0.12681693	-0.01279353	0.00612452
0.12681693	-0.01472870	0.00544242
0.12681693	-0.01672071	0.00471766
0.12681693	-0.01875464	0.00394482
0.12681693	-0.02081891	0.00313282
0.12681693	-0.02289593	0.00226875
0.12937646	-0.02507796	0.00157637
0.12937646	-0.02286037	0.00184781
0.12937646	-0.02067331	0.00218809
0.12937646	-0.01852286	0.00256691
0.12937646	-0.01641780	0.00296364
0.12937646	-0.01437242	0.00338036
0.12937646	-0.01239678	0.00380398
0.12937646	-0.01050364	0.00423336
0.12937646	-0.00870539	0.00466760
0.12937646	-0.00701388	0.00510540
0.12937646	-0.00544039	0.00554517
0.12937646	-0.00399547	0.00598453
0.12937646	-0.00268842	0.00641909
0.12937646	-0.00152126	0.00682615
0.12937646	-0.00049412	0.00718233
0.12937646	0.00038742	0.00748325
0.12937646	0.00111359	0.00773951
0.12937646	0.00167059	0.00797229
0.12937646	0.00203181	0.00820968
0.12937646	0.00214740	0.00843755
0.12937646	0.00213824	0.00852408
0.12937646	0.00210544	0.00860622
0.12937646	0.00193043	0.00880349
0.12937646	0.00155100	0.00902511
0.12937646	0.00097087	0.00922086
0.12937646	0.00020170	0.00935643
0.12937646	-0.00074222	0.00939917
0.12937646	-0.00184270	0.00932495
0.12937646	-0.00308148	0.00912794
0.12937646	-0.00444682	0.00882742
0.12937646	-0.00593299	0.00845178
0.12937646	-0.00753063	0.00800734
0.12937646	-0.00922949	0.00749829
0.12937646	-0.01101892	0.00692932
0.12937646	-0.01288815	0.00630613
0.12937646	-0.01482592	0.00563447
0.12937646	-0.01682072	0.00492045
0.12937646	-0.01885766	0.00415857
0.12937646	-0.02092512	0.00335768
0.12937646	-0.02300559	0.00250476
0.13188522	-0.02525648	0.00180993
0.13188522	-0.02303064	0.00207206
0.13188522	-0.02083520	0.00240345
0.13188522	-0.01867632	0.00277368
0.13188522	-0.01656289	0.00316203
0.13188522	-0.01450922	0.00357069
0.13188522	-0.01252547	0.00398652
0.13188522	-0.01062444	0.00440846
0.13188522	-0.00881855	0.00483566
0.13188522	-0.00711971	0.00526690
0.13188522	-0.00553925	0.00570062
0.13188522	-0.00408774	0.00613451
0.13188522	-0.00277456	0.00656424
0.13188522	-0.00160185	0.00696709
0.13188522	-0.00056985	0.00731959
0.13188522	0.00031585	0.00761732
0.13188522	0.00104550	0.00787095
0.13188522	0.00160535	0.00810179
0.13188522	0.00196884	0.00833817
0.13188522	0.00208597	0.00856616
0.13188522	0.00207723	0.00865301
0.13188522	0.00204476	0.00873558
0.13188522	0.00187022	0.00893438
0.13188522	0.00149071	0.00915858
0.13188522	0.00090970	0.00935775
0.13188522	0.00013875	0.00949737
0.13188522	-0.00080794	0.00954460
0.13188522	-0.00191222	0.00947516
0.13188522	-0.00315580	0.00928320
0.13188522	-0.00452683	0.00898807
0.13188522	-0.00601943	0.00861818
0.13188522	-0.00762417	0.00817979
0.13188522	-0.00933074	0.00767707
0.13188522	-0.01112847	0.00711466
0.13188522	-0.01300648	0.00649824
0.13188522	-0.01495348	0.00583351
0.13188522	-0.01695789	0.00512656
0.13188522	-0.01900478	0.00437176
0.13188522	-0.02108246	0.00357793
0.13188522	-0.02317342	0.00273188
0.13433876	-0.02548565	0.00196712
0.13433876	-0.02324607	0.00222362
0.13433876	-0.02103694	0.00254957
0.13433876	-0.01886440	0.00291452
0.13433876	-0.01673747	0.00329773
0.13433876	-0.01467056	0.00370143
0.13433876	-0.01267392	0.00411252
0.13433876	-0.01076042	0.00452995
0.13433876	-0.00894258	0.00495293
0.13433876	-0.00723237	0.00538027
0.13433876	-0.00564117	0.00581046
0.13433876	-0.00417965	0.00624121
0.13433876	-0.00285722	0.00666822
0.13433876	-0.00167618	0.00706871
0.13433876	-0.00063684	0.00741913
0.13433876	0.00025513	0.00771506
0.13433876	0.00098998	0.00796722
0.13433876	0.00155401	0.00819703
0.13433876	0.00192074	0.00843303
0.13433876	0.00203985	0.00866165
0.13433876	0.00203147	0.00874904
0.13433876	0.00199911	0.00883219
0.13433876	0.00182411	0.00903259
0.13433876	0.00144296	0.00925899
0.13433876	0.00085913	0.00946076
0.13433876	0.00008414	0.00960325
0.13433876	-0.00086784	0.00965350
0.13433876	-0.00197865	0.00958714
0.13433876	-0.00323000	0.00939830
0.13433876	-0.00460993	0.00910638
0.13433876	-0.00611242	0.00873982
0.13433876	-0.00772796	0.00830485
0.13433876	-0.00944618	0.00780566
0.13433876	-0.01125631	0.00724684
0.13433876	-0.01314742	0.00663406
0.13433876	-0.01510811	0.00597299
0.13433876	-0.01712671	0.00526973
0.13433876	-0.01918824	0.00451858
0.13433876	-0.02128091	0.00372835
0.13433876	-0.02338715	0.00288578
0.13673157	-0.02571027	0.00197534
0.13673157	-0.02345829	0.00222909
0.13673157	-0.02123661	0.00255196
0.13673157	-0.01905150	0.00291368
0.13673157	-0.01691217	0.00329367
0.13673157	-0.01483307	0.00369420
0.13673157	-0.01282458	0.00410221
0.13673157	-0.01089964	0.00451673
0.13673157	-0.00907084	0.00493697
0.13673157	-0.00735020	0.00536177
0.13673157	-0.00574918	0.00578964
0.13673157	-0.00427848	0.00621831
0.13673157	-0.00294757	0.00664342
0.13673157	-0.00175880	0.00704204
0.13673157	-0.00071265	0.00739076
0.13673157	0.00018513	0.00768524
0.13673157	0.00092478	0.00793629
0.13673157	0.00149267	0.00816536
0.13673157	0.00186241	0.00840104
0.13673157	0.00198342	0.00863023
0.13673157	0.00197531	0.00871811
0.13673157	0.00194293	0.00880176
0.13673157	0.00176707	0.00900327
0.13673157	0.00138391	0.00923091
0.13673157	0.00079707	0.00943404
0.13673157	0.00001811	0.00957806
0.13673157	-0.00093886	0.00963007
0.13673157	-0.00205572	0.00956572
0.13673157	-0.00331419	0.00937904
0.13673157	-0.00470222	0.00908921
0.13673157	-0.00621367	0.00872473
0.13673157	-0.00783899	0.00829193
0.13673157	-0.00956775	0.00779496
0.13673157	-0.01138911	0.00723840
0.13673157	-0.01329205	0.00662789
0.13673157	-0.01526510	0.00596910
0.13673157	-0.01729650	0.00526809
0.13673157	-0.01937126	0.00451924
0.13673157	-0.02147746	0.00373135
0.13673157	-0.02359757	0.00289123
0.13905678	-0.02579840	0.00182546
0.13905678	-0.02354945	0.00207558
0.13905678	-0.02132942	0.00239451
0.13905678	-0.01914581	0.00275208
0.13905678	-0.01700786	0.00312784
0.13905678	-0.01493003	0.00352410
0.13905678	-0.01292271	0.00392793
0.13905678	-0.01099884	0.00433836
0.13905678	-0.00917099	0.00475464
0.13905678	-0.00745117	0.00517561
0.13905678	-0.00585081	0.00559977
0.13905678	-0.00438062	0.00602487
0.13905678	-0.00304998	0.00644639
0.13905678	-0.00186120	0.00684118
0.13905678	-0.00081501	0.00718637
0.13905678	0.00008277	0.00747793
0.13905678	0.00082239	0.00772672
0.13905678	0.00139032	0.00795410
0.13905678	0.00176040	0.00818848
0.13905678	0.00188209	0.00841700
0.13905678	0.00187415	0.00850481
0.13905678	0.00184184	0.00858838
0.13905678	0.00166604	0.00878953
0.13905678	0.00128315	0.00901665
0.13905678	0.00069694	0.00921949
0.13905678	-0.00008107	0.00936381
0.13905678	-0.00103689	0.00941708
0.13905678	-0.00215263	0.00935505
0.13905678	-0.00341012	0.00917149
0.13905678	-0.00479720	0.00888495
0.13905678	-0.00630768	0.00852392
0.13905678	-0.00793207	0.00809496
0.13905678	-0.00965994	0.00760222
0.13905678	-0.01148045	0.00705022
0.13905678	-0.01338256	0.00644451
0.13905678	-0.01535482	0.00579074
0.13905678	-0.01738546	0.00509494
0.13905678	-0.01945953	0.00435153
0.13905678	-0.02156512	0.00356929
0.13905678	-0.02368478	0.00273514
0.14130544	-0.02558515	0.00157479
0.14130544	-0.02337179	0.00181677
0.14130544	-0.02118437	0.00212725
0.14130544	-0.01903280	0.00247599
0.14130544	-0.01692620	0.00284279
0.14130544	-0.01487880	0.00323000
0.14130544	-0.01290087	0.00362485
0.14130544	-0.01100516	0.00402641
0.14130544	-0.00920402	0.00443392
0.14130544	-0.00750931	0.00484624
0.14130544	-0.00593227	0.00526184
0.14130544	-0.00448343	0.00567852
0.14130544	-0.00317195	0.00609147
0.14130544	-0.00199995	0.00647738
0.14130544	-0.00096842	0.00681450
0.14130544	-0.00008330	0.00709936
0.14130544	0.00064582	0.00734284
0.14130544	0.00120562	0.00756590
0.14130544	0.00157046	0.00779632
0.14130544	0.00169046	0.00802135
0.14130544	0.00168260	0.00810783
0.14130544	0.00165071	0.00819011
0.14130544	0.00147736	0.00838802
0.14130544	0.00110015	0.00861146
0.14130544	0.00052285	0.00881127
0.14130544	-0.00024321	0.00895415
0.14130544	-0.00118443	0.00900838
0.14130544	-0.00228338	0.00895009
0.14130544	-0.00352224	0.00877260
0.14130544	-0.00488883	0.00849324
0.14130544	-0.00637698	0.00814025
0.14130544	-0.00797743	0.00772059
0.14130544	-0.00967990	0.00723830
0.14130544	-0.01147371	0.00669780
0.14130544	-0.01334795	0.00610450
0.14130544	-0.01529133	0.00546393
0.14130544	-0.01729227	0.00478204
0.14130544	-0.01933604	0.00405323
0.14130544	-0.02141092	0.00328625
0.14130544	-0.02349972	0.00246810
0.14346541	-0.02490136	0.00129661
0.14346541	-0.02277440	0.00152564
0.14346541	-0.02066946	0.00182079
0.14346541	-0.01859893	0.00215277
0.14346541	-0.01657164	0.00250227
0.14346541	-0.01460130	0.00287161
0.14346541	-0.01269781	0.00324860
0.14346541	-0.01087346	0.00363237
0.14346541	-0.00914013	0.00402216
0.14346541	-0.00750921	0.00441685
0.14346541	-0.00599151	0.00481492
0.14346541	-0.00459717	0.00521420
0.14346541	-0.00333483	0.00560959
0.14346541	-0.00220631	0.00597793
0.14346541	-0.00121295	0.00629931
0.14346541	-0.00036065	0.00657104
0.14346541	0.00034128	0.00680387
0.14346541	0.00088008	0.00701789
0.14346541	0.00123104	0.00723962
0.14346541	0.00134593	0.00745636
0.14346541	0.00133809	0.00753953
0.14346541	0.00130716	0.00761857
0.14346541	0.00114003	0.00780857
0.14346541	0.00077704	0.00802317
0.14346541	0.00022184	0.00821548
0.14346541	-0.00051476	0.00835397
0.14346541	-0.00141988	0.00840850
0.14346541	-0.00247703	0.00835598
0.14346541	-0.00366911	0.00818921
0.14346541	-0.00498408	0.00792352
0.14346541	-0.00641592	0.00758635
0.14346541	-0.00795586	0.00718516
0.14346541	-0.00959398	0.00672380
0.14346541	-0.01132000	0.00620647
0.14346541	-0.01312340	0.00563827
0.14346541	-0.01499331	0.00502458
0.14346541	-0.01691859	0.00437106
0.14346541	-0.01888510	0.00367248
0.14346541	-0.02088159	0.00293726
0.14346541	-0.02289161	0.00215310
0.14551905	-0.02354812	0.00105520
0.14551905	-0.02157994	0.00126649
0.14551905	-0.01962900	0.00153792
0.14551905	-0.01770971	0.00184282
0.14551905	-0.01583045	0.00216397
0.14551905	-0.01400388	0.00250341
0.14551905	-0.01223931	0.00285027
0.14551905	-0.01054812	0.00320379
0.14551905	-0.00894133	0.00356321
0.14551905	-0.00742949	0.00392746
0.14551905	-0.00602261	0.00429505
0.14551905	-0.00473006	0.00466396
0.14551905	-0.00355965	0.00502872
0.14551905	-0.00251281	0.00536711
0.14551905	-0.00159122	0.00566188
0.14551905	-0.00080059	0.00591133
0.14551905	-0.00014962	0.00612575
0.14551905	0.00034986	0.00632373
0.14551905	0.00067481	0.00652964
0.14551905	0.00078012	0.00673105
0.14551905	0.00077231	0.00680807
0.14551905	0.00074325	0.00688114
0.14551905	0.00058784	0.00705670
0.14551905	0.00025129	0.00725514
0.14551905	-0.00026306	0.00743346
0.14551905	-0.00094529	0.00756300
0.14551905	-0.00178372	0.00761621
0.14551905	-0.00276334	0.00757150
0.14551905	-0.00386836	0.00742119
0.14551905	-0.00508723	0.00717785
0.14551905	-0.00641421	0.00686719
0.14551905	-0.00784137	0.00649715
0.14551905	-0.00935950	0.00607123
0.14551905	-0.01095905	0.00559331
0.14551905	-0.01263023	0.00506803
0.14551905	-0.01436300	0.00450039
0.14551905	-0.01614699	0.00389566
0.14551905	-0.01796925	0.00324944
0.14551905	-0.01981936	0.00256949
0.14551905	-0.02168224	0.00184510
0.14743802	-0.02142197	0.00089952
0.14743802	-0.01969639	0.00107887
0.14743802	-0.01798102	0.00131438
0.14743802	-0.01629374	0.00158056
0.14743802	-0.01464172	0.00186146
0.14743802	-0.01303617	0.00215916
0.14743802	-0.01148513	0.00246359
0.14743802	-0.00999864	0.00277408
0.14743802	-0.00858636	0.00308996
0.14743802	-0.00725758	0.00341022
0.14743802	-0.00602107	0.00373351
0.14743802	-0.00488507	0.00405800
0.14743802	-0.00385618	0.00437804
0.14743802	-0.00293543	0.00467345
0.14743802	-0.00212470	0.00493033
0.14743802	-0.00142928	0.00514795
0.14743802	-0.00085689	0.00533570
0.14743802	-0.00041795	0.00550987
0.14743802	-0.00013291	0.00569169
0.14743802	-0.00004184	0.00586942
0.14743802	-0.00004938	0.00593705
0.14743802	-0.00007537	0.00600105
0.14743802	-0.00021251	0.00615475
0.14743802	-0.00050838	0.00632868
0.14743802	-0.00096013	0.00648552
0.14743802	-0.00155919	0.00660059
0.14743802	-0.00229551	0.00665007
0.14743802	-0.00315621	0.00661477
0.14743802	-0.00412744	0.00648697
0.14743802	-0.00519868	0.00627607
0.14743802	-0.00636469	0.00600473
0.14743802	-0.00761871	0.00568112
0.14743802	-0.00895263	0.00530827
0.14743802	-0.01035804	0.00488959
0.14743802	-0.01182633	0.00442907
0.14743802	-0.01334866	0.00393115
0.14743802	-0.01491594	0.00340049
0.14743802	-0.01651671	0.00283280
0.14743802	-0.01814188	0.00223520
0.14743802	-0.01977806	0.00159756
0.14916719	-0.01874343	0.00084198
0.14916719	-0.01732083	0.00096643
0.14916719	-0.01590069	0.00115154
0.14916719	-0.01450528	0.00136847
0.14916719	-0.01313948	0.00159948
0.14916719	-0.01181282	0.00184747
0.14916719	-0.01053126	0.00210111
0.14916719	-0.00930309	0.00235989
0.14916719	-0.00813632	0.00262319
0.14916719	-0.00703859	0.00289013
0.14916719	-0.00601717	0.00315954
0.14916719	-0.00507885	0.00342985
0.14916719	-0.00422882	0.00369557
0.14916719	-0.00346777	0.00393963
0.14916719	-0.00279757	0.00415157
0.14916719	-0.00222276	0.00433136
0.14916719	-0.00174983	0.00448702
0.14916719	-0.00138742	0.00463191
0.14916719	-0.00115260	0.00478335
0.14916719	-0.00107882	0.00493095
0.14916719	-0.00108559	0.00498677
0.14916719	-0.00110747	0.00503944
0.14916719	-0.00122124	0.00516585
0.14916719	-0.00146566	0.00530916
0.14916719	-0.00183848	0.00543900
0.14916719	-0.00233274	0.00553550
0.14916719	-0.00294040	0.00557934
0.14916719	-0.00365110	0.00555457
0.14916719	-0.00445351	0.00545398
0.14916719	-0.00533864	0.00528402
0.14916719	-0.00630195	0.00506321
0.14916719	-0.00733804	0.00479942
0.14916719	-0.00844019	0.00449510
0.14916719	-0.00960147	0.00415306
0.14916719	-0.01081471	0.00377653
0.14916719	-0.01207264	0.00336916
0.14916719	-0.01336772	0.00293479
0.14916719	-0.01468985	0.00246710
0.14916719	-0.01603176	0.00197296
0.14916719	-0.01738138	0.00143959
0.15050000	-0.01621584	0.00084301
0.15050000	-0.01508274	0.00092137
0.15050000	-0.01394832	0.00105987
0.15050000	-0.01283487	0.00122952
0.15050000	-0.01174540	0.00141213
0.15050000	-0.01068776	0.00161114
0.15050000	-0.00966612	0.00181476
0.15050000	-0.00868709	0.00202253
0.15050000	-0.00775704	0.00223392
0.15050000	-0.00688206	0.00244816
0.15050000	-0.00606792	0.00266423
0.15050000	-0.00532000	0.00288079
0.15050000	-0.00464241	0.00309337
0.15050000	-0.00403573	0.00328855
0.15050000	-0.00350151	0.00345815
0.15050000	-0.00304328	0.00360190
0.15050000	-0.00266592	0.00372528
0.15050000	-0.00237580	0.00383797
0.15050000	-0.00218232	0.00394968
0.15050000	-0.00209348	0.00404915
0.15050000	-0.00208228	0.00409256
0.15050000	-0.00208588	0.00413809
0.15050000	-0.00215758	0.00425314
0.15050000	-0.00234585	0.00438001
0.15050000	-0.00264181	0.00449271
0.15050000	-0.00303680	0.00457778
0.15050000	-0.00352373	0.00462079
0.15050000	-0.00409420	0.00460897
0.15050000	-0.00473892	0.00453573
0.15050000	-0.00545019	0.00440511
0.15050000	-0.00622405	0.00423197
0.15050000	-0.00705639	0.00402427
0.15050000	-0.00794180	0.00378399
0.15050000	-0.00887471	0.00351341
0.15050000	-0.00984936	0.00321506
0.15050000	-0.01085988	0.00289187
0.15050000	-0.01190022	0.00254690
0.15050000	-0.01296176	0.00217277
0.15050000	-0.01403881	0.00177565
0.15050000	-0.01512086	0.00134151
