0.02600000	-0.01249432	-0.01499544
0.02600000	-0.01118978	-0.01347727
0.02600000	-0.00974486	-0.01210107
0.02600000	-0.00827493	-0.01078751
0.02600000	-0.00680984	-0.00951813
0.02600000	-0.00536903	-0.00828337
0.02600000	-0.00397635	-0.00707122
0.02600000	-0.00264858	-0.00587521
0.02600000	-0.00140965	-0.00468424
0.02600000	-0.00029014	-0.00348401
0.02600000	0.00069221	-0.00227765
0.02600000	0.00153088	-0.00107975
0.02600000	0.00221720	0.00009596
0.02600000	0.00275169	0.00122981
0.02600000	0.00313833	0.00230150
0.02600000	0.00338265	0.00329102
0.02600000	0.00349425	0.00417786
0.02600000	0.00346032	0.00494056
0.02600000	0.00328813	0.00554591
0.02600000	0.00304102	0.00597270
0.02600000	0.00280669	0.00623854
0.02600000	0.00264376	0.00637653
0.02600000	0.00258611	0.00641853
0.02600000	0.00252616	0.00645940
0.02600000	0.00233784	0.00656757
0.02600000	0.00200373	0.00670339
0.02600000	0.00151483	0.00681797
0.02600000	0.00087457	0.00684080
0.02600000	0.00011084	0.00669999
0.02600000	-0.00074149	0.00638375
0.02600000	-0.00165676	0.00589702
0.02600000	-0.00260957	0.00523753
0.02600000	-0.00357258	0.00440198
0.02600000	-0.00452456	0.00339640
0.02600000	-0.00545039	0.00223233
0.02600000	-0.00633456	0.00091984
0.02600000	-0.00717105	-0.00052503
0.02600000	-0.00795360	-0.00208813
0.02600000	-0.00868657	-0.00375150
0.02600000	-0.00938427	-0.00549512
0.02600000	-0.01005108	-0.00730646
0.02600000	-0.01071153	-0.00916466
0.02600000	-0.01136124	-0.01106286
0.02600000	-0.01198452	-0.01299944
0.02972000	-0.01391350	-0.01463123
0.02972000	-0.01249058	-0.01319472
0.02972000	-0.01097581	-0.01186993
0.02972000	-0.00945267	-0.01059158
0.02972000	-0.00795347	-0.00933569
0.02972000	-0.00649801	-0.00809199
0.02972000	-0.00510261	-0.00685745
0.02972000	-0.00377239	-0.00563989
0.02972000	-0.00251803	-0.00444230
0.02972000	-0.00137337	-0.00324513
0.02972000	-0.00034776	-0.00205632
0.02972000	0.00055881	-0.00089178
0.02972000	0.00134609	0.00023431
0.02972000	0.00200562	0.00131395
0.02972000	0.00253361	0.00233542
0.02972000	0.00292851	0.00328528
0.02972000	0.00318871	0.00414914
0.02972000	0.00330884	0.00491060
0.02972000	0.00328310	0.00554550
0.02972000	0.00314133	0.00602223
0.02972000	0.00296323	0.00633203
0.02972000	0.00281662	0.00648952
0.02972000	0.00276150	0.00653580
0.02972000	0.00270218	0.00657984
0.02972000	0.00250946	0.00668798
0.02972000	0.00215894	0.00679666
0.02972000	0.00165129	0.00685826
0.02972000	0.00099912	0.00682465
0.02972000	0.00022420	0.00666273
0.02972000	-0.00065090	0.00635928
0.02972000	-0.00160470	0.00590610
0.02972000	-0.00261421	0.00529451
0.02972000	-0.00365393	0.00451648
0.02972000	-0.00469569	0.00356592
0.02972000	-0.00572034	0.00245009
0.02972000	-0.00671613	0.00118280
0.02972000	-0.00766417	-0.00022865
0.02972000	-0.00854747	-0.00177427
0.02972000	-0.00936711	-0.00343415
0.02972000	-0.01015957	-0.00517501
0.02972000	-0.01092634	-0.00698502
0.02972000	-0.01169412	-0.00884074
0.02972000	-0.01247143	-0.01072965
0.02972000	-0.01324050	-0.01265134
0.03344000	-0.01523822	-0.01445714
0.03344000	-0.01372715	-0.01304641
0.03344000	-0.01215284	-0.01172373
0.03344000	-0.01058234	-0.01043377
0.03344000	-0.00904393	-0.00915688
0.03344000	-0.00755154	-0.00789052
0.03344000	-0.00611870	-0.00663509
0.03344000	-0.00475268	-0.00539661
0.03344000	-0.00346543	-0.00417696
0.03344000	-0.00227714	-0.00297011
0.03344000	-0.00119535	-0.00178384
0.03344000	-0.00021995	-0.00063234
0.03344000	0.00064990	0.00047102
0.03344000	0.00141056	0.00151753
0.03344000	0.00205581	0.00250054
0.03344000	0.00257784	0.00341383
0.03344000	0.00296784	0.00424998
0.03344000	0.00321592	0.00499838
0.03344000	0.00331217	0.00564121
0.03344000	0.00326472	0.00614733
0.03344000	0.00313051	0.00648659
0.03344000	0.00299660	0.00666095
0.03344000	0.00294289	0.00671124
0.03344000	0.00288347	0.00675816
0.03344000	0.00268551	0.00686785
0.03344000	0.00232295	0.00696734
0.03344000	0.00180021	0.00700414
0.03344000	0.00113389	0.00693959
0.03344000	0.00034396	0.00675360
0.03344000	-0.00054928	0.00643204
0.03344000	-0.00152564	0.00596494
0.03344000	-0.00256486	0.00534557
0.03344000	-0.00364587	0.00456896
0.03344000	-0.00474683	0.00363226
0.03344000	-0.00584879	0.00253842
0.03344000	-0.00693408	0.00129311
0.03344000	-0.00798088	-0.00010004
0.03344000	-0.00896710	-0.00163501
0.03344000	-0.00988998	-0.00329268
0.03344000	-0.01078024	-0.00503922
0.03344000	-0.01166323	-0.00684991
0.03344000	-0.01256554	-0.00869947
0.03344000	-0.01348824	-0.01057761
0.03344000	-0.01440824	-0.01248688
0.03716000	-0.01652265	-0.01445581
0.03716000	-0.01492798	-0.01304024
0.03716000	-0.01329466	-0.01168834
0.03716000	-0.01167525	-0.01035747
0.03716000	-0.01009217	-0.00903561
0.03716000	-0.00855220	-0.00772961
0.03716000	-0.00706563	-0.00644383
0.03716000	-0.00564430	-0.00517938
0.03716000	-0.00431163	-0.00392589
0.03716000	-0.00307004	-0.00269621
0.03716000	-0.00192380	-0.00150040
0.03716000	-0.00087708	-0.00034773
0.03716000	0.00006895	0.00075066
0.03716000	0.00091577	0.00178252
0.03716000	0.00165800	0.00274226
0.03716000	0.00228540	0.00362802
0.03716000	0.00278523	0.00443829
0.03716000	0.00314387	0.00516863
0.03716000	0.00334864	0.00580754
0.03716000	0.00339346	0.00633007
0.03716000	0.00330131	0.00669414
0.03716000	0.00317960	0.00688542
0.03716000	0.00312669	0.00693983
0.03716000	0.00306650	0.00698938
0.03716000	0.00286183	0.00710068
0.03716000	0.00248670	0.00719630
0.03716000	0.00194748	0.00721766
0.03716000	0.00126382	0.00712843
0.03716000	0.00045738	0.00690897
0.03716000	-0.00045028	0.00654543
0.03716000	-0.00143912	0.00603080
0.03716000	-0.00249222	0.00536474
0.03716000	-0.00359607	0.00455159
0.03716000	-0.00473930	0.00359765
0.03716000	-0.00590318	0.00250095
0.03716000	-0.00706321	0.00125641
0.03716000	-0.00819934	-0.00013300
0.03716000	-0.00929099	-0.00166252
0.03716000	-0.01033099	-0.00331673
0.03716000	-0.01132351	-0.00507490
0.03716000	-0.01233637	-0.00688545
0.03716000	-0.01338770	-0.00872541
0.03716000	-0.01446406	-0.01059162
0.03716000	-0.01553669	-0.01249071
0.04088000	-0.01778189	-0.01453855
0.04088000	-0.01609295	-0.01311582
0.04088000	-0.01439019	-0.01173091
0.04088000	-0.01271107	-0.01035622
0.04088000	-0.01107194	-0.00898765
0.04088000	-0.00947632	-0.00763672
0.04088000	-0.00793250	-0.00631059
0.04088000	-0.00645013	-0.00501332
0.04088000	-0.00506256	-0.00372359
0.04088000	-0.00376258	-0.00246492
0.04088000	-0.00255113	-0.00125067
0.04088000	-0.00143633	-0.00008596
0.04088000	-0.00042147	0.00102003
0.04088000	0.00049680	0.00205315
0.04088000	0.00131513	0.00300641
0.04088000	0.00202422	0.00387853
0.04088000	0.00261112	0.00467073
0.04088000	0.00306123	0.00538313
0.04088000	0.00336074	0.00601032
0.04088000	0.00349556	0.00653662
0.04088000	0.00345505	0.00692259
0.04088000	0.00334907	0.00713167
0.04088000	0.00329665	0.00719017
0.04088000	0.00323525	0.00724206
0.04088000	0.00302245	0.00735328
0.04088000	0.00263266	0.00743908
0.04088000	0.00207616	0.00743813
0.04088000	0.00137562	0.00731640
0.04088000	0.00055450	0.00705441
0.04088000	-0.00036435	0.00663913
0.04088000	-0.00136125	0.00606652
0.04088000	-0.00242255	0.00534184
0.04088000	-0.00354196	0.00447793
0.04088000	-0.00471778	0.00349016
0.04088000	-0.00593009	0.00237194
0.04088000	-0.00715271	0.00111337
0.04088000	-0.00836975	-0.00028133
0.04088000	-0.00956547	-0.00180654
0.04088000	-0.01072935	-0.00345153
0.04088000	-0.01183939	-0.00521309
0.04088000	-0.01299393	-0.00701419
0.04088000	-0.01419739	-0.00883812
0.04088000	-0.01542483	-0.01068942
0.04088000	-0.01664455	-0.01257807
0.04460000	-0.01895815	-0.01462908
0.04460000	-0.01717149	-0.01320737
0.04460000	-0.01539575	-0.01179632
0.04460000	-0.01365305	-0.01038507
0.04460000	-0.01195381	-0.00897723
0.04460000	-0.01030010	-0.00758681
0.04460000	-0.00869995	-0.00622181
0.04460000	-0.00716008	-0.00489023
0.04460000	-0.00571465	-0.00356977
0.04460000	-0.00435597	-0.00228489
0.04460000	-0.00308392	-0.00105038
0.04460000	-0.00190863	0.00013067
0.04460000	-0.00083514	0.00125051
0.04460000	0.00013896	0.00229532
0.04460000	0.00101304	0.00325540
0.04460000	0.00178156	0.00412648
0.04460000	0.00243386	0.00490930
0.04460000	0.00295638	0.00560620
0.04460000	0.00333503	0.00621688
0.04460000	0.00355172	0.00673527
0.04460000	0.00357449	0.00713546
0.04460000	0.00348896	0.00736134
0.04460000	0.00343715	0.00742379
0.04460000	0.00337446	0.00747779
0.04460000	0.00315318	0.00758761
0.04460000	0.00274879	0.00766010
0.04460000	0.00217637	0.00763489
0.04460000	0.00146068	0.00748086
0.04460000	0.00062635	0.00717860
0.04460000	-0.00030280	0.00671550
0.04460000	-0.00130724	0.00608927
0.04460000	-0.00237576	0.00530888
0.04460000	-0.00350789	0.00439353
0.04460000	-0.00470849	0.00336472
0.04460000	-0.00595730	0.00221401
0.04460000	-0.00723194	0.00093372
0.04460000	-0.00852051	-0.00047055
0.04460000	-0.00981159	-0.00199203
0.04460000	-0.01109286	-0.00362386
0.04460000	-0.01233505	-0.00537100
0.04460000	-0.01363060	-0.00715219
0.04460000	-0.01497325	-0.00895722
0.04460000	-0.01633464	-0.01079433
0.04460000	-0.01768394	-0.01267435
0.04832000	-0.01998068	-0.01463681
0.04832000	-0.01810370	-0.01322919
0.04832000	-0.01625969	-0.01180631
0.04832000	-0.01445690	-0.01037376
0.04832000	-0.01270063	-0.00894195
0.04832000	-0.01099239	-0.00752628
0.04832000	-0.00934117	-0.00613404
0.04832000	-0.00775242	-0.00477537
0.04832000	-0.00625300	-0.00343609
0.04832000	-0.00484046	-0.00213523
0.04832000	-0.00351656	-0.00088596
0.04832000	-0.00229148	0.00030846
0.04832000	-0.00117142	0.00144118
0.04832000	-0.00015662	0.00250037
0.04832000	0.00075495	0.00347335
0.04832000	0.00156341	0.00435049
0.04832000	0.00226186	0.00512968
0.04832000	0.00283855	0.00581354
0.04832000	0.00327908	0.00640570
0.04832000	0.00356307	0.00690835
0.04832000	0.00365117	0.00731078
0.04832000	0.00358845	0.00754964
0.04832000	0.00353756	0.00761557
0.04832000	0.00347385	0.00767142
0.04832000	0.00324526	0.00777949
0.04832000	0.00282875	0.00783940
0.04832000	0.00224350	0.00779463
0.04832000	0.00151486	0.00761714
0.04832000	0.00066785	0.00728719
0.04832000	-0.00027302	0.00679158
0.04832000	-0.00128776	0.00612796
0.04832000	-0.00236607	0.00530682
0.04832000	-0.00351089	0.00435108
0.04832000	-0.00472984	0.00328466
0.04832000	-0.00600592	0.00210249
0.04832000	-0.00732283	0.00080227
0.04832000	-0.00867139	-0.00060944
0.04832000	-0.01004288	-0.00212508
0.04832000	-0.01142579	-0.00373893
0.04832000	-0.01279790	-0.00545336
0.04832000	-0.01421660	-0.00720745
0.04832000	-0.01567253	-0.00899343
0.04832000	-0.01714045	-0.01081827
0.04832000	-0.01859313	-0.01269091
0.05204000	-0.02080366	-0.01449173
0.05204000	-0.01885308	-0.01311046
0.05204000	-0.01695169	-0.01169309
0.05204000	-0.01509734	-0.01025864
0.05204000	-0.01329170	-0.00882264
0.05204000	-0.01153639	-0.00740094
0.05204000	-0.00984188	-0.00599942
0.05204000	-0.00821349	-0.00462884
0.05204000	-0.00666839	-0.00328618
0.05204000	-0.00521051	-0.00198345
0.05204000	-0.00384522	-0.00073018
0.05204000	-0.00258168	0.00046904
0.05204000	-0.00142677	0.00160774
0.05204000	-0.00038377	0.00267667
0.05204000	0.00055134	0.00366070
0.05204000	0.00138477	0.00454415
0.05204000	0.00211362	0.00532125
0.05204000	0.00272791	0.00599377
0.05204000	0.00321253	0.00656819
0.05204000	0.00354541	0.00705296
0.05204000	0.00368707	0.00744822
0.05204000	0.00364466	0.00769493
0.05204000	0.00359491	0.00776356
0.05204000	0.00353070	0.00782095
0.05204000	0.00329721	0.00792822
0.05204000	0.00287251	0.00798039
0.05204000	0.00227810	0.00792579
0.05204000	0.00153874	0.00773892
0.05204000	0.00067907	0.00739930
0.05204000	-0.00027594	0.00689212
0.05204000	-0.00130520	0.00621345
0.05204000	-0.00239773	0.00537338
0.05204000	-0.00355731	0.00439617
0.05204000	-0.00479151	0.00330583
0.05204000	-0.00608924	0.00210391
0.05204000	-0.00743964	0.00079332
0.05204000	-0.00883512	-0.00061865
0.05204000	-0.01026830	-0.00212401
0.05204000	-0.01173044	-0.00371546
0.05204000	-0.01320902	-0.00538861
0.05204000	-0.01472092	-0.00711373
0.05204000	-0.01625877	-0.00888129
0.05204000	-0.01780274	-0.01069418
0.05204000	-0.01933009	-0.01255810
0.05576000	-0.02143556	-0.01417889
0.05576000	-0.01943270	-0.01283054
0.05576000	-0.01748725	-0.01143378
0.05576000	-0.01559161	-0.01001558
0.05576000	-0.01374573	-0.00859425
0.05576000	-0.01195188	-0.00718532
0.05576000	-0.01022175	-0.00579332
0.05576000	-0.00856051	-0.00442957
0.05576000	-0.00697894	-0.00309862
0.05576000	-0.00548535	-0.00180745
0.05576000	-0.00408798	-0.00056253
0.05576000	-0.00279517	0.00063043
0.05576000	-0.00161413	0.00176511
0.05576000	-0.00055047	0.00283425
0.05576000	0.00040099	0.00382107
0.05576000	0.00125092	0.00470528
0.05576000	0.00199931	0.00547821
0.05576000	0.00263735	0.00614073
0.05576000	0.00314924	0.00670109
0.05576000	0.00351196	0.00717144
0.05576000	0.00368676	0.00755801
0.05576000	0.00365832	0.00780845
0.05576000	0.00360978	0.00787892
0.05576000	0.00354570	0.00793765
0.05576000	0.00331030	0.00804636
0.05576000	0.00288147	0.00809813
0.05576000	0.00228125	0.00804480
0.05576000	0.00153336	0.00786225
0.05576000	0.00066179	0.00752916
0.05576000	-0.00030840	0.00702901
0.05576000	-0.00135508	0.00635582
0.05576000	-0.00246586	0.00551832
0.05576000	-0.00364371	0.00454069
0.05576000	-0.00489516	0.00344647
0.05576000	-0.00621361	0.00224243
0.05576000	-0.00759163	0.00093499
0.05576000	-0.00902251	-0.00046797
0.05576000	-0.01049963	-0.00195796
0.05576000	-0.01201616	-0.00352617
0.05576000	-0.01356487	-0.00516371
0.05576000	-0.01513791	-0.00686276
0.05576000	-0.01672972	-0.00861181
0.05576000	-0.01832441	-0.01041034
0.05576000	-0.01990254	-0.01226141
0.05948000	-0.02196492	-0.01376849
0.05948000	-0.01992742	-0.01245085
0.05948000	-0.01794820	-0.01108157
0.05948000	-0.01601904	-0.00968936
0.05948000	-0.01413995	-0.00829302
0.05948000	-0.01231361	-0.00690788
0.05948000	-0.01055217	-0.00553791
0.05948000	-0.00886075	-0.00419477
0.05948000	-0.00724900	-0.00288439
0.05948000	-0.00572633	-0.00161250
0.05948000	-0.00430171	-0.00038477
0.05948000	-0.00298338	0.00079292
0.05948000	-0.00177887	0.00191447
0.05948000	-0.00069438	0.00297309
0.05948000	0.00027535	0.00395144
0.05948000	0.00114194	0.00482780
0.05948000	0.00190613	0.00559259
0.05948000	0.00255930	0.00624659
0.05948000	0.00308558	0.00679862
0.05948000	0.00346188	0.00726197
0.05948000	0.00364942	0.00764490
0.05948000	0.00362725	0.00789704
0.05948000	0.00357976	0.00796871
0.05948000	0.00351628	0.00802871
0.05948000	0.00328126	0.00814116
0.05948000	0.00285105	0.00819888
0.05948000	0.00224715	0.00815428
0.05948000	0.00149271	0.00798314
0.05948000	0.00061126	0.00766353
0.05948000	-0.00037229	0.00717804
0.05948000	-0.00143552	0.00651972
0.05948000	-0.00256543	0.00569662
0.05948000	-0.00376427	0.00473288
0.05948000	-0.00503800	0.00365211
0.05948000	-0.00638086	0.00246217
0.05948000	-0.00778603	0.00117023
0.05948000	-0.00924692	-0.00021570
0.05948000	-0.01075698	-0.00168701
0.05948000	-0.01230950	-0.00323471
0.05948000	-0.01389768	-0.00484947
0.05948000	-0.01550958	-0.00652739
0.05948000	-0.01713961	-0.00825675
0.05948000	-0.01877261	-0.01003652
0.05948000	-0.02038991	-0.01186932
0.06320000	-0.02249217	-0.01335300
0.06320000	-0.02042563	-0.01206520
0.06320000	-0.01841675	-0.01072454
0.06320000	-0.01645777	-0.00935998
0.06320000	-0.01454897	-0.00799040
0.06320000	-0.01269331	-0.00663115
0.06320000	-0.01090306	-0.00528600
0.06320000	-0.00918351	-0.00396658
0.06320000	-0.00754449	-0.00267867
0.06320000	-0.00599550	-0.00142788
0.06320000	-0.00454564	-0.00021973
0.06320000	-0.00320329	0.00093999
0.06320000	-0.00197607	0.00204530
0.06320000	-0.00087037	0.00308948
0.06320000	0.00011883	0.00405508
0.06320000	0.00100283	0.00492006
0.06320000	0.00178222	0.00567480
0.06320000	0.00244839	0.00632022
0.06320000	0.00298557	0.00686542
0.06320000	0.00337080	0.00732411
0.06320000	0.00356526	0.00770524
0.06320000	0.00354700	0.00795857
0.06320000	0.00350044	0.00803121
0.06320000	0.00343767	0.00809238
0.06320000	0.00320360	0.00820884
0.06320000	0.00277287	0.00827361
0.06320000	0.00216624	0.00823864
0.06320000	0.00140649	0.00807930
0.06320000	0.00051682	0.00777320
0.06320000	-0.00047807	0.00730247
0.06320000	-0.00155581	0.00665970
0.06320000	-0.00270319	0.00585271
0.06320000	-0.00392203	0.00490571
0.06320000	-0.00521796	0.00384253
0.06320000	-0.00658506	0.00267097
0.06320000	-0.00801639	0.00139813
0.06320000	-0.00950521	0.00003192
0.06320000	-0.01104480	-0.00141910
0.06320000	-0.01262828	-0.00294605
0.06320000	-0.01424869	-0.00453965
0.06320000	-0.01589398	-0.00619619
0.06320000	-0.01755836	-0.00790401
0.06320000	-0.01922661	-0.00966230
0.06320000	-0.02088004	-0.01147403
0.06692000	-0.02297254	-0.01291067
0.06692000	-0.02088420	-0.01165554
0.06692000	-0.01885275	-0.01034656
0.06692000	-0.01687084	-0.00901283
0.06692000	-0.01493909	-0.00767325
0.06692000	-0.01306067	-0.00634314
0.06692000	-0.01124795	-0.00502606
0.06692000	-0.00950637	-0.00373360
0.06692000	-0.00784587	-0.00247135
0.06692000	-0.00627606	-0.00124477
0.06692000	-0.00480612	-0.00005926
0.06692000	-0.00344452	0.00107954
0.06692000	-0.00219902	0.00216575
0.06692000	-0.00107606	0.00319277
0.06692000	-0.00007094	0.00414303
0.06692000	0.00082733	0.00499431
0.06692000	0.00161917	0.00573697
0.06692000	0.00229597	0.00637207
0.06692000	0.00284209	0.00690899
0.06692000	0.00323479	0.00736179
0.06692000	0.00343530	0.00774008
0.06692000	0.00342078	0.00799380
0.06692000	0.00337524	0.00806715
0.06692000	0.00331333	0.00812925
0.06692000	0.00308089	0.00824926
0.06692000	0.00265098	0.00832068
0.06692000	0.00204356	0.00829521
0.06692000	0.00128096	0.00814787
0.06692000	0.00038602	0.00785593
0.06692000	-0.00061687	0.00740108
0.06692000	-0.00170544	0.00677550
0.06692000	-0.00286630	0.00598670
0.06692000	-0.00410082	0.00505887
0.06692000	-0.00541429	0.00401600
0.06692000	-0.00680068	0.00286584
0.06692000	-0.00825295	0.00161539
0.06692000	-0.00976422	0.00027245
0.06692000	-0.01132764	-0.00115453
0.06692000	-0.01293619	-0.00265676
0.06692000	-0.01458277	-0.00422505
0.06692000	-0.01625526	-0.00585589
0.06692000	-0.01794771	-0.00753770
0.06692000	-0.01964488	-0.00926989
0.06692000	-0.02132813	-0.01105573
0.07064000	-0.02319211	-0.01232005
0.07064000	-0.02110466	-0.01110662
0.07064000	-0.01907275	-0.00983903
0.07064000	-0.01708958	-0.00854622
0.07064000	-0.01515600	-0.00724688
0.07064000	-0.01327542	-0.00595617
0.07064000	-0.01146012	-0.00467739
0.07064000	-0.00971568	-0.00342197
0.07064000	-0.00805204	-0.00219528
0.07064000	-0.00647879	-0.00100261
0.07064000	-0.00500512	0.00015083
0.07064000	-0.00363949	0.00125958
0.07064000	-0.00238967	0.00231791
0.07064000	-0.00126214	0.00331937
0.07064000	-0.00025240	0.00424638
0.07064000	0.00065006	0.00507684
0.07064000	0.00144548	0.00580120
0.07064000	0.00212532	0.00642069
0.07064000	0.00267420	0.00694484
0.07064000	0.00306979	0.00738790
0.07064000	0.00327375	0.00775993
0.07064000	0.00326279	0.00801154
0.07064000	0.00321866	0.00808483
0.07064000	0.00315816	0.00814722
0.07064000	0.00292955	0.00826939
0.07064000	0.00250461	0.00834633
0.07064000	0.00190241	0.00832989
0.07064000	0.00114468	0.00819502
0.07064000	0.00025371	0.00791885
0.07064000	-0.00074663	0.00748289
0.07064000	-0.00183434	0.00687899
0.07064000	-0.00299601	0.00611436
0.07064000	-0.00423259	0.00521292
0.07064000	-0.00554902	0.00419859
0.07064000	-0.00693924	0.00307899
0.07064000	-0.00839617	0.00186097
0.07064000	-0.00991290	0.00055216
0.07064000	-0.01148250	-0.00083917
0.07064000	-0.01309792	-0.00230438
0.07064000	-0.01475197	-0.00383450
0.07064000	-0.01643263	-0.00542619
0.07064000	-0.01813382	-0.00706806
0.07064000	-0.01984046	-0.00875974
0.07064000	-0.02153414	-0.01050470
0.07436000	-0.02323610	-0.01163746
0.07436000	-0.02116552	-0.01047154
0.07436000	-0.01914884	-0.00925161
0.07436000	-0.01717975	-0.00800624
0.07436000	-0.01525938	-0.00675378
0.07436000	-0.01339128	-0.00550907
0.07436000	-0.01158759	-0.00427523
0.07436000	-0.00985395	-0.00306340
0.07436000	-0.00820022	-0.00187874
0.07436000	-0.00663592	-0.00072630
0.07436000	-0.00517016	0.00038889
0.07436000	-0.00381134	0.00146157
0.07436000	-0.00256716	0.00248622
0.07436000	-0.00144411	0.00345655
0.07436000	-0.00043793	0.00435516
0.07436000	0.00046140	0.00516016
0.07436000	0.00125397	0.00586222
0.07436000	0.00193136	0.00646265
0.07436000	0.00247855	0.00697107
0.07436000	0.00287377	0.00740179
0.07436000	0.00307939	0.00776520
0.07436000	0.00307184	0.00801293
0.07436000	0.00302935	0.00808563
0.07436000	0.00297063	0.00814780
0.07436000	0.00274727	0.00827104
0.07436000	0.00233015	0.00835245
0.07436000	0.00173734	0.00834441
0.07436000	0.00098988	0.00822195
0.07436000	0.00010937	0.00796231
0.07436000	-0.00088092	0.00754691
0.07436000	-0.00195947	0.00696744
0.07436000	-0.00311295	0.00623074
0.07436000	-0.00434194	0.00536035
0.07436000	-0.00565101	0.00437993
0.07436000	-0.00703409	0.00329690
0.07436000	-0.00848416	0.00211792
0.07436000	-0.00999428	0.00085041
0.07436000	-0.01155756	-0.00049758
0.07436000	-0.01316692	-0.00191766
0.07436000	-0.01481519	-0.00340106
0.07436000	-0.01649049	-0.00494467
0.07436000	-0.01818670	-0.00653736
0.07436000	-0.01988896	-0.00817896
0.07436000	-0.02157925	-0.00987310
0.07808000	-0.02321515	-0.01093480
0.07808000	-0.02116896	-0.00981794
0.07808000	-0.01917490	-0.00864746
0.07808000	-0.01722719	-0.00745142
0.07808000	-0.01532716	-0.00624780
0.07808000	-0.01347850	-0.00505112
0.07808000	-0.01169318	-0.00386424
0.07808000	-0.00997685	-0.00269805
0.07808000	-0.00833928	-0.00155746
0.07808000	-0.00678985	-0.00044731
0.07808000	-0.00533756	0.00062760
0.07808000	-0.00399075	0.00166221
0.07808000	-0.00275702	0.00265119
0.07808000	-0.00164282	0.00358847
0.07808000	-0.00064416	0.00445688
0.07808000	0.00024849	0.00523485
0.07808000	0.00103506	0.00591322
0.07808000	0.00170732	0.00649341
0.07808000	0.00225066	0.00698505
0.07808000	0.00264390	0.00740245
0.07808000	0.00285025	0.00775629
0.07808000	0.00284595	0.00799940
0.07808000	0.00280517	0.00807123
0.07808000	0.00274835	0.00813295
0.07808000	0.00253081	0.00825666
0.07808000	0.00212269	0.00834187
0.07808000	0.00154109	0.00834164
0.07808000	0.00080631	0.00823122
0.07808000	-0.00006077	0.00798799
0.07808000	-0.00103758	0.00759344
0.07808000	-0.00210310	0.00703908
0.07808000	-0.00324414	0.00633144
0.07808000	-0.00446095	0.00549359
0.07808000	-0.00575772	0.00454882
0.07808000	-0.00712843	0.00350436
0.07808000	-0.00856608	0.00236665
0.07808000	-0.01006378	0.00114288
0.07808000	-0.01161468	-0.00015914
0.07808000	-0.01321172	-0.00153127
0.07808000	-0.01484775	-0.00296499
0.07808000	-0.01651109	-0.00445742
0.07808000	-0.01819560	-0.00599768
0.07808000	-0.01988671	-0.00758582
0.07808000	-0.02156678	-0.00922562
0.08180000	-0.02315632	-0.01023181
0.08180000	-0.02113964	-0.00916422
0.08180000	-0.01917332	-0.00804350
0.08180000	-0.01725202	-0.00689720
0.08180000	-0.01537730	-0.00574290
0.08180000	-0.01355293	-0.00459475
0.08180000	-0.01179068	-0.00345540
0.08180000	-0.01009621	-0.00233545
0.08180000	-0.00847915	-0.00123956
0.08180000	-0.00694874	-0.00017237
0.08180000	-0.00551386	0.00086156
0.08180000	-0.00418271	0.00185736
0.08180000	-0.00296283	0.00280993
0.08180000	-0.00186057	0.00371338
0.08180000	-0.00087225	0.00455085
0.08180000	0.00001117	0.00530112
0.08180000	0.00078953	0.00595523
0.08180000	0.00145478	0.00651469
0.08180000	0.00199271	0.00698911
0.08180000	0.00238280	0.00739275
0.08180000	0.00258912	0.00773654
0.08180000	0.00258782	0.00797453
0.08180000	0.00254876	0.00804533
0.08180000	0.00249388	0.00810641
0.08180000	0.00228246	0.00823013
0.08180000	0.00188407	0.00831856
0.08180000	0.00131484	0.00832557
0.08180000	0.00059430	0.00822669
0.08180000	-0.00025739	0.00799954
0.08180000	-0.00121840	0.00762569
0.08180000	-0.00226824	0.00709656
0.08180000	-0.00339390	0.00641831
0.08180000	-0.00459531	0.00561351
0.08180000	-0.00587630	0.00470503
0.08180000	-0.00723088	0.00369989
0.08180000	-0.00865215	0.00260432
0.08180000	-0.01013326	0.00142526
0.08180000	-0.01166741	0.00017027
0.08180000	-0.01324759	-0.00115275
0.08180000	-0.01486670	-0.00253558
0.08180000	-0.01651328	-0.00397551
0.08180000	-0.01818119	-0.00546199
0.08180000	-0.01985616	-0.00699523
0.08180000	-0.02152100	-0.00857913
0.08552000	-0.02302980	-0.00951266
0.08552000	-0.02104962	-0.00849510
0.08552000	-0.01911793	-0.00742512
0.08552000	-0.01722984	-0.00632966
0.08552000	-0.01538709	-0.00522587
0.08552000	-0.01359353	-0.00412748
0.08552000	-0.01186067	-0.00303694
0.08552000	-0.01019417	-0.00196453
0.08552000	-0.00860349	-0.00091467
0.08552000	-0.00709768	0.00010824
0.08552000	-0.00568547	0.00109983
0.08552000	-0.00437492	0.00205547
0.08552000	-0.00317344	0.00297027
0.08552000	-0.00208731	0.00383855
0.08552000	-0.00111309	0.00464378
0.08552000	-0.00024223	0.00536516
0.08552000	0.00052498	0.00599400
0.08552000	0.00118069	0.00653186
0.08552000	0.00171115	0.00698830
0.08552000	0.00209651	0.00737747
0.08552000	0.00230180	0.00771047
0.08552000	0.00230324	0.00794266
0.08552000	0.00226594	0.00801218
0.08552000	0.00221310	0.00807240
0.08552000	0.00200829	0.00819558
0.08552000	0.00162067	0.00828658
0.08552000	0.00106540	0.00830022
0.08552000	0.00036126	0.00821241
0.08552000	-0.00047238	0.00800105
0.08552000	-0.00141445	0.00764793
0.08552000	-0.00244505	0.00714436
0.08552000	-0.00355140	0.00649619
0.08552000	-0.00473310	0.00572536
0.08552000	-0.00599366	0.00485432
0.08552000	-0.00732715	0.00388983
0.08552000	-0.00872678	0.00283790
0.08552000	-0.01018578	0.00170522
0.08552000	-0.01169741	0.00049908
0.08552000	-0.01325475	-0.00077288
0.08552000	-0.01485079	-0.00210274
0.08552000	-0.01647431	-0.00348797
0.08552000	-0.01811918	-0.00491836
0.08552000	-0.01977152	-0.00639427
0.08552000	-0.02141458	-0.00791972
0.08924000	-0.02281873	-0.00876909
0.08924000	-0.02088289	-0.00780258
0.08924000	-0.01899355	-0.00678461
0.08924000	-0.01714629	-0.00574141
0.08924000	-0.01534297	-0.00468962
0.08924000	-0.01358752	-0.00364253
0.08924000	-0.01189115	-0.00260239
0.08924000	-0.01025946	-0.00157913
0.08924000	-0.00870170	-0.00057690
0.08924000	-0.00722674	0.00040008
0.08924000	-0.00584309	0.00134770
0.08924000	-0.00455865	0.00226154
0.08924000	-0.00338067	0.00313693
0.08924000	-0.00231531	0.00396841
0.08924000	-0.00135939	0.00473985
0.08924000	-0.00050485	0.00543097
0.08924000	0.00024790	0.00603333
0.08924000	0.00089125	0.00654856
0.08924000	0.00141193	0.00698612
0.08924000	0.00179081	0.00735997
0.08924000	0.00199402	0.00768130
0.08924000	0.00199794	0.00790694
0.08924000	0.00196245	0.00797490
0.08924000	0.00191177	0.00803401
0.08924000	0.00171412	0.00815602
0.08924000	0.00133847	0.00824886
0.08924000	0.00079902	0.00826846
0.08924000	0.00011374	0.00819119
0.08924000	-0.00069882	0.00799536
0.08924000	-0.00161837	0.00766301
0.08924000	-0.00262568	0.00718547
0.08924000	-0.00370822	0.00656822
0.08924000	-0.00486536	0.00583256
0.08924000	-0.00610024	0.00500038
0.08924000	-0.00740704	0.00407818
0.08924000	-0.00877910	0.00307176
0.08924000	-0.01020976	0.00198753
0.08924000	-0.01169238	0.00083250
0.08924000	-0.01322017	-0.00038600
0.08924000	-0.01478622	-0.00166032
0.08924000	-0.01637959	-0.00298814
0.08924000	-0.01799423	-0.00435961
0.08924000	-0.01961664	-0.00577522
0.08924000	-0.02123062	-0.00723906
0.09296000	-0.02254565	-0.00801681
0.09296000	-0.02065992	-0.00710134
0.09296000	-0.01881865	-0.00613557
0.09296000	-0.01701786	-0.00514493
0.09296000	-0.01525952	-0.00414552
0.09296000	-0.01354760	-0.00315017
0.09296000	-0.01189297	-0.00216091
0.09296000	-0.01030118	-0.00118732
0.09296000	-0.00878124	-0.00023332
0.09296000	-0.00734177	0.00069713
0.09296000	-0.00599108	0.00160011
0.09296000	-0.00473687	0.00247145
0.09296000	-0.00358621	0.00330670
0.09296000	-0.00254512	0.00410063
0.09296000	-0.00161068	0.00483756
0.09296000	-0.00077531	0.00549776
0.09296000	-0.00003952	0.00607309
0.09296000	0.00058933	0.00656521
0.09296000	0.00109848	0.00698345
0.09296000	0.00146957	0.00734152
0.09296000	0.00166985	0.00765063
0.09296000	0.00167603	0.00786917
0.09296000	0.00164237	0.00793538
0.09296000	0.00159390	0.00799318
0.09296000	0.00140374	0.00811351
0.09296000	0.00104084	0.00820753
0.09296000	0.00051847	0.00823240
0.09296000	-0.00014624	0.00816503
0.09296000	-0.00093554	0.00798421
0.09296000	-0.00182999	0.00767232
0.09296000	-0.00281103	0.00722071
0.09296000	-0.00386647	0.00663457
0.09296000	-0.00499542	0.00593447
0.09296000	-0.00620072	0.00514167
0.09296000	-0.00747666	0.00426244
0.09296000	-0.00881673	0.00330233
0.09296000	-0.01021439	0.00226745
0.09296000	-0.01166315	0.00116454
0.09296000	-0.01315635	0.00000063
0.09296000	-0.01468721	-0.00121695
0.09296000	-0.01624512	-0.00248606
0.09296000	-0.01782410	-0.00379723
0.09296000	-0.01941110	-0.00515106
0.09296000	-0.02099046	-0.00655169
0.09668000	-0.02224377	-0.00727603
0.09668000	-0.02041103	-0.00641032
0.09668000	-0.01862074	-0.00549555
0.09668000	-0.01686929	-0.00455636
0.09668000	-0.01515879	-0.00360827
0.09668000	-0.01349320	-0.00266365
0.09668000	-0.01188305	-0.00172434
0.09668000	-0.01033382	-0.00079955
0.09668000	-0.00885426	0.00010704
0.09668000	-0.00745275	0.00099170
0.09668000	-0.00613735	0.00185071
0.09668000	-0.00491557	0.00268013
0.09668000	-0.00379429	0.00347572
0.09668000	-0.00277938	0.00423252
0.09668000	-0.00186816	0.00493528
0.09668000	-0.00105355	0.00556489
0.09668000	-0.00033609	0.00611347
0.09668000	0.00027709	0.00658273
0.09668000	0.00077376	0.00698180
0.09668000	0.00113628	0.00732415
0.09668000	0.00133313	0.00762096
0.09668000	0.00134135	0.00783220
0.09668000	0.00130948	0.00789657
0.09668000	0.00126321	0.00795297
0.09668000	0.00108061	0.00807130
0.09668000	0.00073070	0.00816602
0.09668000	0.00022588	0.00819555
0.09668000	-0.00041754	0.00813738
0.09668000	-0.00118262	0.00797083
0.09668000	-0.00205074	0.00767864
0.09668000	-0.00300405	0.00725226
0.09668000	-0.00403068	0.00669654
0.09668000	-0.00512957	0.00603137
0.09668000	-0.00630322	0.00527735
0.09668000	-0.00754607	0.00444048
0.09668000	-0.00885177	0.00352606
0.09668000	-0.01021392	0.00253994
0.09668000	-0.01162619	0.00148856
0.09668000	-0.01308205	0.00037865
0.09668000	-0.01457487	-0.00078276
0.09668000	-0.01609439	-0.00199372
0.09668000	-0.01763471	-0.00324512
0.09668000	-0.01918323	-0.00453769
0.09668000	-0.02072486	-0.00587558
0.10040000	-0.02193114	-0.00655494
0.10040000	-0.02015249	-0.00573698
0.10040000	-0.01841431	-0.00487126
0.10040000	-0.01671340	-0.00398158
0.10040000	-0.01505193	-0.00308294
0.10040000	-0.01343385	-0.00218722
0.10040000	-0.01186937	-0.00129609
0.10040000	-0.01036385	-0.00041840
0.10040000	-0.00892579	0.00044240
0.10040000	-0.00756334	0.00128278
0.10040000	-0.00628430	0.00209925
0.10040000	-0.00509597	0.00288807
0.10040000	-0.00400504	0.00364522
0.10040000	-0.00301723	0.00436596
0.10040000	-0.00213011	0.00503556
0.10040000	-0.00133702	0.00563546
0.10040000	-0.00063857	0.00615808
0.10040000	-0.00004164	0.00660513
0.10040000	0.00044205	0.00698558
0.10040000	0.00079562	0.00731260
0.10040000	0.00098868	0.00759731
0.10040000	0.00099870	0.00780125
0.10040000	0.00096856	0.00786374
0.10040000	0.00092444	0.00791867
0.10040000	0.00074927	0.00803481
0.10040000	0.00041228	0.00812983
0.10040000	-0.00007499	0.00816346
0.10040000	-0.00069701	0.00811379
0.10040000	-0.00143763	0.00796065
0.10040000	-0.00227902	0.00768720
0.10040000	-0.00320405	0.00728498
0.10040000	-0.00420118	0.00675856
0.10040000	-0.00526918	0.00612712
0.10040000	-0.00641027	0.00541060
0.10040000	-0.00761901	0.00461474
0.10040000	-0.00888922	0.00374460
0.10040000	-0.01021467	0.00280577
0.10040000	-0.01158916	0.00180439
0.10040000	-0.01300633	0.00074692
0.10040000	-0.01445971	-0.00035994
0.10040000	-0.01593936	-0.00151440
0.10040000	-0.01743951	-0.00270771
0.10040000	-0.01894799	-0.00394070
0.10040000	-0.02045026	-0.00521752
0.10412000	-0.02161662	-0.00585715
0.10412000	-0.01989201	-0.00508451
0.10412000	-0.01820600	-0.00426540
0.10412000	-0.01655572	-0.00342285
0.10412000	-0.01494341	-0.00257129
0.10412000	-0.01337299	-0.00172217
0.10412000	-0.01185435	-0.00087698
0.10412000	-0.01039274	-0.00004422
0.10412000	-0.00899639	0.00077287
0.10412000	-0.00767321	0.00157096
0.10412000	-0.00643077	0.00234677
0.10412000	-0.00527615	0.00309674
0.10412000	-0.00421584	0.00381708
0.10412000	-0.00325542	0.00450327
0.10412000	-0.00239267	0.00514104
0.10412000	-0.00162136	0.00571245
0.10412000	-0.00094214	0.00621017
0.10412000	-0.00036164	0.00663594
0.10412000	0.00010890	0.00699851
0.10412000	0.00045333	0.00731076
0.10412000	0.00064240	0.00758373
0.10412000	0.00065404	0.00778049
0.10412000	0.00062555	0.00784109
0.10412000	0.00058351	0.00789455
0.10412000	0.00041556	0.00800838
0.10412000	0.00009121	0.00810339
0.10412000	-0.00037881	0.00814060
0.10412000	-0.00097971	0.00809869
0.10412000	-0.00169609	0.00795804
0.10412000	-0.00251090	0.00770220
0.10412000	-0.00340767	0.00732286
0.10412000	-0.00437523	0.00682430
0.10412000	-0.00541219	0.00622505
0.10412000	-0.00652053	0.00554436
0.10412000	-0.00769491	0.00478772
0.10412000	-0.00892934	0.00395997
0.10412000	-0.01021773	0.00306643
0.10412000	-0.01155407	0.00211298
0.10412000	-0.01293213	0.00110579
0.10412000	-0.01434561	0.00005126
0.10412000	-0.01578490	-0.00104896
0.10412000	-0.01724435	-0.00218649
0.10412000	-0.01871221	-0.00336225
0.10412000	-0.02017450	-0.00458038
0.10784000	-0.02131564	-0.00519471
0.10784000	-0.01964337	-0.00446429
0.10784000	-0.01800792	-0.00368871
0.10784000	-0.01640673	-0.00289019
0.10784000	-0.01484210	-0.00208267
0.10784000	-0.01331794	-0.00127714
0.10784000	-0.01184379	-0.00047496
0.10784000	-0.01042481	0.00031572
0.10784000	-0.00906898	0.00109185
0.10784000	-0.00778396	0.00185028
0.10784000	-0.00657711	0.00258793
0.10784000	-0.00545528	0.00330143
0.10784000	-0.00442478	0.00398718
0.10784000	-0.00349105	0.00464087
0.10784000	-0.00265209	0.00524872
0.10784000	-0.00190203	0.00579334
0.10784000	-0.00124158	0.00626766
0.10784000	-0.00067711	0.00667340
0.10784000	-0.00021939	0.00701914
0.10784000	0.00011608	0.00731745
0.10784000	0.00030119	0.00757927
0.10784000	0.00031428	0.00776915
0.10784000	0.00028735	0.00782794
0.10784000	0.00024725	0.00787996
0.10784000	0.00008616	0.00799145
0.10784000	-0.00022616	0.00808623
0.10784000	-0.00067968	0.00812652
0.10784000	-0.00126030	0.00809160
0.10784000	-0.00195334	0.00796238
0.10784000	-0.00274249	0.00772283
0.10784000	-0.00361191	0.00736476
0.10784000	-0.00455079	0.00689222
0.10784000	-0.00555761	0.00632311
0.10784000	-0.00663410	0.00567601
0.10784000	-0.00777506	0.00495618
0.10784000	-0.00897466	0.00416823
0.10784000	-0.01022697	0.00331725
0.10784000	-0.01152612	0.00240886
0.10784000	-0.01286606	0.00144894
0.10784000	-0.01424062	0.00044365
0.10784000	-0.01564053	-0.00060553
0.10784000	-0.01706025	-0.00169056
0.10784000	-0.01848844	-0.00281242
0.10784000	-0.01991164	-0.00397525
0.11156000	-0.02105177	-0.00458214
0.11156000	-0.01942778	-0.00389018
0.11156000	-0.01783897	-0.00315425
0.11156000	-0.01628308	-0.00239588
0.11156000	-0.01476245	-0.00162853
0.11156000	-0.01328097	-0.00086277
0.11156000	-0.01184789	-0.00009983
0.11156000	-0.01046825	0.00065243
0.11156000	-0.00914982	0.00139116
0.11156000	-0.00790004	0.00211338
0.11156000	-0.00672604	0.00281617
0.11156000	-0.00563449	0.00349635
0.11156000	-0.00463153	0.00415049
0.11156000	-0.00372246	0.00477447
0.11156000	-0.00290548	0.00535497
0.11156000	-0.00217507	0.00587512
0.11156000	-0.00153198	0.00632806
0.11156000	-0.00098233	0.00671551
0.11156000	-0.00053647	0.00704586
0.11156000	-0.00020928	0.00733141
0.11156000	-0.00002785	0.00758300
0.11156000	-0.00001343	0.00776656
0.11156000	-0.00003893	0.00782368
0.11156000	-0.00007724	0.00787437
0.11156000	-0.00023206	0.00798369
0.11156000	-0.00053332	0.00807819
0.11156000	-0.00097168	0.00812123
0.11156000	-0.00153366	0.00809261
0.11156000	-0.00220523	0.00797374
0.11156000	-0.00297074	0.00774897
0.11156000	-0.00381494	0.00741024
0.11156000	-0.00472734	0.00696141
0.11156000	-0.00570635	0.00641978
0.11156000	-0.00675344	0.00580335
0.11156000	-0.00786354	0.00511711
0.11156000	-0.00903097	0.00436551
0.11156000	-0.01024996	0.00355340
0.11156000	-0.01151476	0.00268616
0.11156000	-0.01281947	0.00176945
0.11156000	-0.01415809	0.00080914
0.11156000	-0.01552161	-0.00019339
0.11156000	-0.01690460	-0.00123043
0.11156000	-0.01829613	-0.00230301
0.11156000	-0.01968320	-0.00341526
0.11528000	-0.02084854	-0.00402130
0.11528000	-0.01926648	-0.00336346
0.11528000	-0.01771817	-0.00266268
0.11528000	-0.01620160	-0.00193988
0.11528000	-0.01471916	-0.00120809
0.11528000	-0.01327471	-0.00047755
0.11528000	-0.01187725	0.00025065
0.11528000	-0.01053174	0.00096892
0.11528000	-0.00924574	0.00167455
0.11528000	-0.00802650	0.00236474
0.11528000	-0.00688097	0.00303670
0.11528000	-0.00581565	0.00368742
0.11528000	-0.00483654	0.00431362
0.11528000	-0.00394880	0.00491136
0.11528000	-0.00315085	0.00546773
0.11528000	-0.00243746	0.00596629
0.11528000	-0.00180938	0.00640036
0.11528000	-0.00127256	0.00677166
0.11528000	-0.00083696	0.00708843
0.11528000	-0.00051692	0.00736274
0.11528000	-0.00033863	0.00760534
0.11528000	-0.00032298	0.00778337
0.11528000	-0.00034722	0.00783905
0.11528000	-0.00038393	0.00788860
0.11528000	-0.00053321	0.00799612
0.11528000	-0.00082477	0.00809055
0.11528000	-0.00124987	0.00813619
0.11528000	-0.00179559	0.00811333
0.11528000	-0.00244846	0.00800375
0.11528000	-0.00319340	0.00779214
0.11528000	-0.00401570	0.00747057
0.11528000	-0.00490513	0.00704273
0.11528000	-0.00586002	0.00652541
0.11528000	-0.00688165	0.00593609
0.11528000	-0.00796503	0.00527954
0.11528000	-0.00910462	0.00456005
0.11528000	-0.01029477	0.00378226
0.11528000	-0.01152985	0.00295136
0.11528000	-0.01280410	0.00207277
0.11528000	-0.01411163	0.00115216
0.11528000	-0.01544370	0.00019078
0.11528000	-0.01679496	-0.00080393
0.11528000	-0.01815481	-0.00183307
0.11528000	-0.01951067	-0.00290075
0.11900000	-0.02072755	-0.00351368
0.11900000	-0.01917893	-0.00288484
0.11900000	-0.01766289	-0.00221385
0.11900000	-0.01617763	-0.00152114
0.11900000	-0.01472558	-0.00081941
0.11900000	-0.01331058	-0.00011861
0.11900000	-0.01194142	0.00058027
0.11900000	-0.01062300	0.00126984
0.11900000	-0.00936273	0.00194756
0.11900000	-0.00816768	0.00261074
0.11900000	-0.00704468	0.00325672
0.11900000	-0.00600008	0.00388263
0.11900000	-0.00503978	0.00448532
0.11900000	-0.00416885	0.00506101
0.11900000	-0.00338587	0.00559713
0.11900000	-0.00268586	0.00607758
0.11900000	-0.00206961	0.00649583
0.11900000	-0.00154289	0.00685358
0.11900000	-0.00111534	0.00715896
0.11900000	-0.00080085	0.00742386
0.11900000	-0.00062489	0.00765901
0.11900000	-0.00060807	0.00783254
0.11900000	-0.00063120	0.00788707
0.11900000	-0.00066657	0.00793574
0.11900000	-0.00081123	0.00804196
0.11900000	-0.00109484	0.00813660
0.11900000	-0.00150913	0.00818474
0.11900000	-0.00204169	0.00816701
0.11900000	-0.00267948	0.00806551
0.11900000	-0.00340791	0.00786517
0.11900000	-0.00421269	0.00755816
0.11900000	-0.00508384	0.00714804
0.11900000	-0.00601961	0.00665124
0.11900000	-0.00702109	0.00608476
0.11900000	-0.00808335	0.00545320
0.11900000	-0.00920097	0.00476072
0.11900000	-0.01036839	0.00401177
0.11900000	-0.01158008	0.00321139
0.11900000	-0.01283038	0.00236481
0.11900000	-0.01411349	0.00147751
0.11900000	-0.01542087	0.00055064
0.11900000	-0.01674724	-0.00040860
0.11900000	-0.01808227	-0.00140135
0.11900000	-0.01941370	-0.00243177
0.12272000	-0.02071196	-0.00308971
0.12272000	-0.01918588	-0.00248374
0.12272000	-0.01769145	-0.00183617
0.12272000	-0.01622706	-0.00116707
0.12272000	-0.01479520	-0.00048890
0.12272000	-0.01339974	0.00018860
0.12272000	-0.01204930	0.00086453
0.12272000	-0.01074876	0.00153168
0.12272000	-0.00950541	0.00218759
0.12272000	-0.00832623	0.00282970
0.12272000	-0.00721794	0.00345545
0.12272000	-0.00618683	0.00406207
0.12272000	-0.00523868	0.00464652
0.12272000	-0.00437853	0.00520514
0.12272000	-0.00360514	0.00572565
0.12272000	-0.00291371	0.00619214
0.12272000	-0.00230505	0.00659819
0.12272000	-0.00178480	0.00694549
0.12272000	-0.00136237	0.00724209
0.12272000	-0.00105127	0.00749976
0.12272000	-0.00087643	0.00772929
0.12272000	-0.00085835	0.00789961
0.12272000	-0.00088059	0.00795338
0.12272000	-0.00091491	0.00800150
0.12272000	-0.00105616	0.00810703
0.12272000	-0.00133404	0.00820223
0.12272000	-0.00174067	0.00825273
0.12272000	-0.00226400	0.00823936
0.12272000	-0.00289134	0.00814445
0.12272000	-0.00360847	0.00795309
0.12272000	-0.00440140	0.00765753
0.12272000	-0.00526035	0.00726124
0.12272000	-0.00618351	0.00678042
0.12272000	-0.00717178	0.00623169
0.12272000	-0.00822029	0.00561952
0.12272000	-0.00932367	0.00494795
0.12272000	-0.01047642	0.00422132
0.12272000	-0.01167308	0.00344452
0.12272000	-0.01290804	0.00262265
0.12272000	-0.01417556	0.00176105
0.12272000	-0.01546725	0.00086077
0.12272000	-0.01677786	-0.00007113
0.12272000	-0.01809724	-0.00103589
0.12272000	-0.01941339	-0.00203767
0.12557154	-0.02078464	-0.00283592
0.12557154	-0.01926698	-0.00224338
0.12557154	-0.01778044	-0.00160947
0.12557154	-0.01632355	-0.00095408
0.12557154	-0.01489886	-0.00028954
0.12557154	-0.01351027	0.00037453
0.12557154	-0.01216636	0.00103727
0.12557154	-0.01087198	0.00169156
0.12557154	-0.00963441	0.00233502
0.12557154	-0.00846059	0.00296513
0.12557154	-0.00735718	0.00357941
0.12557154	-0.00633045	0.00417516
0.12557154	-0.00538617	0.00474938
0.12557154	-0.00452936	0.00529850
0.12557154	-0.00375888	0.00581037
0.12557154	-0.00307008	0.00626917
0.12557154	-0.00246377	0.00666848
0.12557154	-0.00194550	0.00701000
0.12557154	-0.00152457	0.00730176
0.12557154	-0.00121432	0.00755554
0.12557154	-0.00103939	0.00778218
0.12557154	-0.00102031	0.00795105
0.12557154	-0.00104202	0.00800455
0.12557154	-0.00107577	0.00805252
0.12557154	-0.00121527	0.00815810
0.12557154	-0.00149043	0.00825421
0.12557154	-0.00189364	0.00830667
0.12557154	-0.00241299	0.00829640
0.12557154	-0.00303602	0.00820578
0.12557154	-0.00374869	0.00801994
0.12557154	-0.00453717	0.00773115
0.12557154	-0.00539175	0.00734284
0.12557154	-0.00631058	0.00687111
0.12557154	-0.00729443	0.00633243
0.12557154	-0.00833843	0.00573116
0.12557154	-0.00943725	0.00507128
0.12557154	-0.01058538	0.00435707
0.12557154	-0.01177739	0.00359335
0.12557154	-0.01300768	0.00278516
0.12557154	-0.01427052	0.00193774
0.12557154	-0.01555757	0.00105211
0.12557154	-0.01686360	0.00013521
0.12557154	-0.01817854	-0.00081421
0.12557154	-0.01949053	-0.00180035
0.12839183	-0.02093282	-0.00261967
0.12839183	-0.01941562	-0.00203745
0.12839183	-0.01792921	-0.00141379
0.12839183	-0.01647224	-0.00076855
0.12839183	-0.01504732	-0.00011402
0.12839183	-0.01365841	0.00054022
0.12839183	-0.01231406	0.00119339
0.12839183	-0.01101916	0.00183841
0.12839183	-0.00978097	0.00247293
0.12839183	-0.00860644	0.00309451
0.12839183	-0.00750224	0.00370070
0.12839183	-0.00647462	0.00428885
0.12839183	-0.00552935	0.00485601
0.12839183	-0.00467149	0.00539866
0.12839183	-0.00390000	0.00590472
0.12839183	-0.00321031	0.00635835
0.12839183	-0.00260324	0.00675312
0.12839183	-0.00208431	0.00709075
0.12839183	-0.00166275	0.00737930
0.12839183	-0.00135180	0.00763059
0.12839183	-0.00117598	0.00785562
0.12839183	-0.00115592	0.00802395
0.12839183	-0.00117722	0.00807746
0.12839183	-0.00121057	0.00812553
0.12839183	-0.00134901	0.00823178
0.12839183	-0.00162286	0.00832944
0.12839183	-0.00202472	0.00838433
0.12839183	-0.00254284	0.00837729
0.12839183	-0.00316485	0.00829063
0.12839183	-0.00387683	0.00810945
0.12839183	-0.00466501	0.00782595
0.12839183	-0.00551970	0.00744356
0.12839183	-0.00643898	0.00697838
0.12839183	-0.00742353	0.00644680
0.12839183	-0.00846843	0.00585313
0.12839183	-0.00956834	0.00520132
0.12839183	-0.01071777	0.00449560
0.12839183	-0.01191125	0.00374074
0.12839183	-0.01314317	0.00294174
0.12839183	-0.01440779	0.00210381
0.12839183	-0.01569679	0.00122789
0.12839183	-0.01700489	0.00032090
0.12839183	-0.01832207	-0.00061850
0.12839183	-0.01963651	-0.00159454
0.13114998	-0.02114481	-0.00242037
0.13114998	-0.01962126	-0.00184504
0.13114998	-0.01812840	-0.00122794
0.13114998	-0.01666493	-0.00058904
0.13114998	-0.01523354	0.00005932
0.13114998	-0.01383822	0.00070757
0.13114998	-0.01248756	0.00135497
0.13114998	-0.01118648	0.00199442
0.13114998	-0.00994228	0.00262364
0.13114998	-0.00876192	0.00324020
0.13114998	-0.00765211	0.00384171
0.13114998	-0.00661914	0.00442553
0.13114998	-0.00566881	0.00498877
0.13114998	-0.00480619	0.00552791
0.13114998	-0.00403036	0.00603089
0.13114998	-0.00333679	0.00648180
0.13114998	-0.00272632	0.00687416
0.13114998	-0.00220449	0.00720971
0.13114998	-0.00178048	0.00749659
0.13114998	-0.00146751	0.00774673
0.13114998	-0.00129012	0.00797130
0.13114998	-0.00126907	0.00813987
0.13114998	-0.00129010	0.00819362
0.13114998	-0.00132321	0.00824201
0.13114998	-0.00146129	0.00834936
0.13114998	-0.00173512	0.00844891
0.13114998	-0.00213752	0.00850629
0.13114998	-0.00265680	0.00850220
0.13114998	-0.00328063	0.00841881
0.13114998	-0.00399512	0.00824110
0.13114998	-0.00478651	0.00796120
0.13114998	-0.00564508	0.00758253
0.13114998	-0.00656885	0.00712129
0.13114998	-0.00755837	0.00659386
0.13114998	-0.00860871	0.00600451
0.13114998	-0.00971449	0.00535719
0.13114998	-0.01087018	0.00465611
0.13114998	-0.01207027	0.00390601
0.13114998	-0.01330912	0.00311187
0.13114998	-0.01458094	0.00227889
0.13114998	-0.01587739	0.00140796
0.13114998	-0.01719314	0.00050596
0.13114998	-0.01851814	-0.00042849
0.13114998	-0.01984054	-0.00139976
0.13381578	-0.02139229	-0.00228915
0.13381578	-0.01985792	-0.00171649
0.13381578	-0.01835419	-0.00110182
0.13381578	-0.01687989	-0.00046518
0.13381578	-0.01543777	0.00018103
0.13381578	-0.01403190	0.00082721
0.13381578	-0.01267091	0.00147266
0.13381578	-0.01135980	0.00211027
0.13381578	-0.01010589	0.00273777
0.13381578	-0.00891622	0.00335277
0.13381578	-0.00779753	0.00395287
0.13381578	-0.00675616	0.00453547
0.13381578	-0.00579796	0.00509768
0.13381578	-0.00492806	0.00563600
0.13381578	-0.00414558	0.00613834
0.13381578	-0.00344607	0.00658869
0.13381578	-0.00283040	0.00698053
0.13381578	-0.00230410	0.00731564
0.13381578	-0.00187638	0.00760220
0.13381578	-0.00156044	0.00785225
0.13381578	-0.00138083	0.00807713
0.13381578	-0.00135864	0.00824652
0.13381578	-0.00137951	0.00830068
0.13381578	-0.00141260	0.00834949
0.13381578	-0.00155105	0.00845795
0.13381578	-0.00182611	0.00855897
0.13381578	-0.00223058	0.00861804
0.13381578	-0.00275280	0.00861572
0.13381578	-0.00338045	0.00853407
0.13381578	-0.00409963	0.00835800
0.13381578	-0.00489658	0.00807957
0.13381578	-0.00576152	0.00770224
0.13381578	-0.00669242	0.00724226
0.13381578	-0.00768977	0.00671605
0.13381578	-0.00874855	0.00612787
0.13381578	-0.00986336	0.00548167
0.13381578	-0.01102861	0.00478165
0.13381578	-0.01223875	0.00403256
0.13381578	-0.01348806	0.00323937
0.13381578	-0.01477072	0.00240728
0.13381578	-0.01607832	0.00153715
0.13381578	-0.01740548	0.00063589
0.13381578	-0.01874210	-0.00029795
0.13381578	-0.02007629	-0.00126879
0.13636000	-0.02161166	-0.00230782
0.13636000	-0.02006679	-0.00173502
0.13636000	-0.01855236	-0.00112033
0.13636000	-0.01706734	-0.00048373
0.13636000	-0.01561457	0.00016240
0.13636000	-0.01419823	0.00080852
0.13636000	-0.01282699	0.00145392
0.13636000	-0.01150592	0.00209151
0.13636000	-0.01024242	0.00271904
0.13636000	-0.00904354	0.00333410
0.13636000	-0.00791608	0.00393432
0.13636000	-0.00686642	0.00451710
0.13636000	-0.00590046	0.00507954
0.13636000	-0.00502335	0.00561814
0.13636000	-0.00423422	0.00612068
0.13636000	-0.00352874	0.00657116
0.13636000	-0.00290783	0.00696312
0.13636000	-0.00237708	0.00729834
0.13636000	-0.00194567	0.00758507
0.13636000	-0.00162678	0.00783538
0.13636000	-0.00144490	0.00806072
0.13636000	-0.00142156	0.00823101
0.13636000	-0.00144234	0.00828558
0.13636000	-0.00147551	0.00833476
0.13636000	-0.00161470	0.00844400
0.13636000	-0.00189138	0.00854576
0.13636000	-0.00229827	0.00860546
0.13636000	-0.00282366	0.00860371
0.13636000	-0.00345525	0.00852255
0.13636000	-0.00417916	0.00834690
0.13636000	-0.00498164	0.00806880
0.13636000	-0.00585290	0.00769164
0.13636000	-0.00679081	0.00723162
0.13636000	-0.00779579	0.00670522
0.13636000	-0.00886280	0.00611674
0.13636000	-0.00998642	0.00547016
0.13636000	-0.01116098	0.00476963
0.13636000	-0.01238089	0.00401994
0.13636000	-0.01364038	0.00322604
0.13636000	-0.01493357	0.00239315
0.13636000	-0.01625201	0.00152214
0.13636000	-0.01759027	0.00061994
0.13636000	-0.01893823	-0.00031488
0.13636000	-0.02028399	-0.00128670
0.13875478	-0.02169147	-0.00247362
0.13875478	-0.02014527	-0.00190280
0.13875478	-0.01862925	-0.00129042
0.13875478	-0.01714249	-0.00065628
0.13875478	-0.01568792	-0.00001267
0.13875478	-0.01426975	0.00063093
0.13875478	-0.01289666	0.00127382
0.13875478	-0.01157376	0.00190896
0.13875478	-0.01030844	0.00253412
0.13875478	-0.00910778	0.00314690
0.13875478	-0.00797857	0.00374491
0.13875478	-0.00692719	0.00432556
0.13875478	-0.00595954	0.00488599
0.13875478	-0.00508073	0.00542260
0.13875478	-0.00428980	0.00592300
0.13875478	-0.00358260	0.00637142
0.13875478	-0.00296022	0.00676159
0.13875478	-0.00242825	0.00709536
0.13875478	-0.00199587	0.00738098
0.13875478	-0.00167614	0.00763048
0.13875478	-0.00149339	0.00785529
0.13875478	-0.00146938	0.00802553
0.13875478	-0.00149007	0.00808016
0.13875478	-0.00152322	0.00812938
0.13875478	-0.00166250	0.00823856
0.13875478	-0.00193933	0.00834012
0.13875478	-0.00234635	0.00839970
0.13875478	-0.00287188	0.00839809
0.13875478	-0.00350371	0.00831754
0.13875478	-0.00422810	0.00814306
0.13875478	-0.00503139	0.00786665
0.13875478	-0.00590377	0.00749149
0.13875478	-0.00684292	0.00703341
0.13875478	-0.00784927	0.00650903
0.13875478	-0.00891786	0.00592277
0.13875478	-0.01004321	0.00527856
0.13875478	-0.01121967	0.00458056
0.13875478	-0.01244161	0.00383350
0.13875478	-0.01370326	0.00304233
0.13875478	-0.01499871	0.00221224
0.13875478	-0.01631953	0.00134413
0.13875478	-0.01766027	0.00044491
0.13875478	-0.01901085	-0.00048681
0.13875478	-0.02035943	-0.00145535
0.14097388	-0.02152618	-0.00269667
0.14097388	-0.01999794	-0.00213539
0.14097388	-0.01849949	-0.00153292
0.14097388	-0.01702994	-0.00090887
0.14097388	-0.01559219	-0.00027538
0.14097388	-0.01419040	0.00035818
0.14097388	-0.01283317	0.00099115
0.14097388	-0.01152554	0.00161660
0.14097388	-0.01027482	0.00223229
0.14097388	-0.00908800	0.00283587
0.14097388	-0.00797177	0.00342496
0.14097388	-0.00693244	0.00399701
0.14097388	-0.00597581	0.00454915
0.14097388	-0.00510687	0.00507775
0.14097388	-0.00432444	0.00557014
0.14097388	-0.00362467	0.00601113
0.14097388	-0.00300886	0.00639484
0.14097388	-0.00248260	0.00672324
0.14097388	-0.00205494	0.00700450
0.14097388	-0.00173874	0.00725045
0.14097388	-0.00155791	0.00747224
0.14097388	-0.00153405	0.00764037
0.14097388	-0.00155449	0.00769433
0.14097388	-0.00158725	0.00774291
0.14097388	-0.00172489	0.00785061
0.14097388	-0.00199834	0.00795072
0.14097388	-0.00240029	0.00800949
0.14097388	-0.00291927	0.00800819
0.14097388	-0.00354333	0.00792948
0.14097388	-0.00425904	0.00775865
0.14097388	-0.00505299	0.00748768
0.14097388	-0.00591541	0.00711934
0.14097388	-0.00684370	0.00666876
0.14097388	-0.00783838	0.00615262
0.14097388	-0.00889463	0.00557550
0.14097388	-0.01000705	0.00494126
0.14097388	-0.01117004	0.00425401
0.14097388	-0.01237802	0.00351836
0.14097388	-0.01362526	0.00273920
0.14097388	-0.01490593	0.00192163
0.14097388	-0.01621171	0.00106654
0.14097388	-0.01753720	0.00018074
0.14097388	-0.01887246	-0.00073714
0.14097388	-0.02020582	-0.00169138
0.14299299	-0.02105484	-0.00288266
0.14299299	-0.01957224	-0.00234073
0.14299299	-0.01811841	-0.00175889
0.14299299	-0.01669258	-0.00115607
0.14299299	-0.01529757	-0.00054401
0.14299299	-0.01393747	0.00006825
0.14299299	-0.01262062	0.00068009
0.14299299	-0.01135192	0.00128480
0.14299299	-0.01013846	0.00188023
0.14299299	-0.00898701	0.00246408
0.14299299	-0.00790406	0.00303404
0.14299299	-0.00689571	0.00358758
0.14299299	-0.00596758	0.00412194
0.14299299	-0.00512440	0.00463338
0.14299299	-0.00436471	0.00510915
0.14299299	-0.00368508	0.00553493
0.14299299	-0.00308703	0.00590543
0.14299299	-0.00257607	0.00622272
0.14299299	-0.00216099	0.00649479
0.14299299	-0.00185423	0.00673304
0.14299299	-0.00167896	0.00694813
0.14299299	-0.00165618	0.00711119
0.14299299	-0.00167613	0.00716345
0.14299299	-0.00170801	0.00721046
0.14299299	-0.00184164	0.00731459
0.14299299	-0.00210681	0.00741135
0.14299299	-0.00249645	0.00746826
0.14299299	-0.00299952	0.00746739
0.14299299	-0.00360458	0.00739216
0.14299299	-0.00429877	0.00722838
0.14299299	-0.00506917	0.00696806
0.14299299	-0.00590614	0.00661337
0.14299299	-0.00680680	0.00617834
0.14299299	-0.00777174	0.00567951
0.14299299	-0.00879644	0.00512163
0.14299299	-0.00987565	0.00450843
0.14299299	-0.01100393	0.00384387
0.14299299	-0.01217583	0.00313239
0.14299299	-0.01338581	0.00237871
0.14299299	-0.01462820	0.00158778
0.14299299	-0.01589495	0.00076046
0.14299299	-0.01718083	-0.00009661
0.14299299	-0.01847624	-0.00098474
0.14299299	-0.01976990	-0.00190803
0.14478998	-0.02024432	-0.00296641
0.14478998	-0.01884038	-0.00245395
0.14478998	-0.01746320	-0.00190445
0.14478998	-0.01611230	-0.00133540
0.14478998	-0.01479051	-0.00075768
0.14478998	-0.01350180	-0.00017967
0.14478998	-0.01225402	0.00039800
0.14478998	-0.01105193	0.00096913
0.14478998	-0.00990221	0.00153166
0.14478998	-0.00881129	0.00208340
0.14478998	-0.00778528	0.00262214
0.14478998	-0.00682996	0.00314545
0.14478998	-0.00595064	0.00365069
0.14478998	-0.00515165	0.00413410
0.14478998	-0.00443126	0.00458302
0.14478998	-0.00378656	0.00498439
0.14478998	-0.00321928	0.00533368
0.14478998	-0.00273475	0.00563303
0.14478998	-0.00234132	0.00589010
0.14478998	-0.00205076	0.00611560
0.14478998	-0.00188508	0.00631948
0.14478998	-0.00186420	0.00647396
0.14478998	-0.00188335	0.00652336
0.14478998	-0.00191372	0.00656773
0.14478998	-0.00204050	0.00666599
0.14478998	-0.00229165	0.00675732
0.14478998	-0.00266054	0.00681117
0.14478998	-0.00313681	0.00681084
0.14478998	-0.00370979	0.00674085
0.14478998	-0.00436747	0.00658780
0.14478998	-0.00509767	0.00634385
0.14478998	-0.00589106	0.00601048
0.14478998	-0.00674448	0.00560018
0.14478998	-0.00765859	0.00512905
0.14478998	-0.00862930	0.00460200
0.14478998	-0.00965161	0.00402253
0.14478998	-0.01072037	0.00339438
0.14478998	-0.01183038	0.00272170
0.14478998	-0.01297641	0.00200899
0.14478998	-0.01415306	0.00126091
0.14478998	-0.01535281	0.00047844
0.14478998	-0.01657068	-0.00033219
0.14478998	-0.01779771	-0.00117201
0.14478998	-0.01902337	-0.00204462
0.14634517	-0.01913074	-0.00292459
0.14634517	-0.01783464	-0.00245187
0.14634517	-0.01656295	-0.00194545
0.14634517	-0.01531539	-0.00142118
0.14634517	-0.01409463	-0.00088896
0.14634517	-0.01290443	-0.00035640
0.14634517	-0.01175204	0.00017592
0.14634517	-0.01064187	0.00070234
0.14634517	-0.00958012	0.00122097
0.14634517	-0.00857270	0.00172977
0.14634517	-0.00762527	0.00222667
0.14634517	-0.00674311	0.00270941
0.14634517	-0.00593115	0.00317554
0.14634517	-0.00519321	0.00362130
0.14634517	-0.00452736	0.00403446
0.14634517	-0.00393126	0.00440353
0.14634517	-0.00340677	0.00472472
0.14634517	-0.00295893	0.00500023
0.14634517	-0.00259549	0.00523719
0.14634517	-0.00232730	0.00544544
0.14634517	-0.00217481	0.00563401
0.14634517	-0.00215641	0.00577672
0.14634517	-0.00217441	0.00582219
0.14634517	-0.00220265	0.00586300
0.14634517	-0.00231996	0.00595331
0.14634517	-0.00255187	0.00603728
0.14634517	-0.00289234	0.00608692
0.14634517	-0.00333190	0.00608702
0.14634517	-0.00386085	0.00602354
0.14634517	-0.00446827	0.00588413
0.14634517	-0.00514293	0.00566126
0.14634517	-0.00587605	0.00535573
0.14634517	-0.00666429	0.00497832
0.14634517	-0.00750831	0.00454424
0.14634517	-0.00840455	0.00405850
0.14634517	-0.00934838	0.00352427
0.14634517	-0.01033504	0.00294503
0.14634517	-0.01135970	0.00232457
0.14634517	-0.01241753	0.00166704
0.14634517	-0.01350355	0.00097674
0.14634517	-0.01461087	0.00025469
0.14634517	-0.01573492	-0.00049336
0.14634517	-0.01686748	-0.00126821
0.14634517	-0.01799899	-0.00207299
0.14764152	-0.01786268	-0.00278319
0.14764152	-0.01668779	-0.00235978
0.14764152	-0.01553610	-0.00190376
0.14764152	-0.01440683	-0.00143045
0.14764152	-0.01330211	-0.00094937
0.14764152	-0.01222515	-0.00046777
0.14764152	-0.01118257	0.00001395
0.14764152	-0.01017824	0.00049042
0.14764152	-0.00921774	0.00095989
0.14764152	-0.00830643	0.00142055
0.14764152	-0.00744942	0.00187046
0.14764152	-0.00665148	0.00230758
0.14764152	-0.00591706	0.00272966
0.14764152	-0.00524944	0.00313302
0.14764152	-0.00464663	0.00350620
0.14764152	-0.00410678	0.00383926
0.14764152	-0.00363181	0.00412915
0.14764152	-0.00322638	0.00437802
0.14764152	-0.00289753	0.00459236
0.14764152	-0.00265510	0.00478104
0.14764152	-0.00251767	0.00495205
0.14764152	-0.00250189	0.00508126
0.14764152	-0.00251846	0.00512229
0.14764152	-0.00254420	0.00515905
0.14764152	-0.00265055	0.00524039
0.14764152	-0.00286036	0.00531606
0.14764152	-0.00316825	0.00536093
0.14764152	-0.00356575	0.00536145
0.14764152	-0.00404420	0.00530509
0.14764152	-0.00459386	0.00518070
0.14764152	-0.00520464	0.00498125
0.14764152	-0.00586843	0.00470699
0.14764152	-0.00658184	0.00436701
0.14764152	-0.00734551	0.00397531
0.14764152	-0.00815641	0.00353686
0.14764152	-0.00901033	0.00305452
0.14764152	-0.00990296	0.00253143
0.14764152	-0.01082994	0.00197100
0.14764152	-0.01178688	0.00137697
0.14764152	-0.01276929	0.00075327
0.14764152	-0.01377081	0.00010055
0.14764152	-0.01478737	-0.00057582
0.14764152	-0.01581139	-0.00127692
0.14764152	-0.01683394	-0.00200611
0.14866482	-0.01664641	-0.00260027
0.14866482	-0.01558683	-0.00222878
0.14866482	-0.01455059	-0.00182331
0.14866482	-0.01353579	-0.00139983
0.14866482	-0.01254371	-0.00096814
0.14866482	-0.01157674	-0.00053563
0.14866482	-0.01064099	-0.00010233
0.14866482	-0.00973962	0.00032629
0.14866482	-0.00887763	0.00074866
0.14866482	-0.00805984	0.00116312
0.14866482	-0.00729081	0.00156795
0.14866482	-0.00657483	0.00196126
0.14866482	-0.00591588	0.00234104
0.14866482	-0.00531676	0.00270372
0.14866482	-0.00477550	0.00303876
0.14866482	-0.00429065	0.00333759
0.14866482	-0.00386410	0.00359772
0.14866482	-0.00350010	0.00382120
0.14866482	-0.00320498	0.00401389
0.14866482	-0.00298761	0.00418367
0.14866482	-0.00286474	0.00433762
0.14866482	-0.00285129	0.00445371
0.14866482	-0.00286634	0.00449048
0.14866482	-0.00288960	0.00452336
0.14866482	-0.00298523	0.00459607
0.14866482	-0.00317357	0.00466377
0.14866482	-0.00344982	0.00470407
0.14866482	-0.00380648	0.00470497
0.14866482	-0.00423589	0.00465537
0.14866482	-0.00472943	0.00454531
0.14866482	-0.00527809	0.00436832
0.14866482	-0.00587450	0.00412424
0.14866482	-0.00651535	0.00382074
0.14866482	-0.00720117	0.00347050
0.14866482	-0.00792944	0.00307837
0.14866482	-0.00869636	0.00264689
0.14866482	-0.00949807	0.00217888
0.14866482	-0.01033061	0.00167738
0.14866482	-0.01119006	0.00114573
0.14866482	-0.01207239	0.00058746
0.14866482	-0.01297158	0.00000259
0.14866482	-0.01388413	-0.00060382
0.14866482	-0.01480277	-0.00123357
0.14866482	-0.01571886	-0.00189088
0.14940387	-0.01565532	-0.00243103
0.14940387	-0.01469019	-0.00210308
0.14940387	-0.01374873	-0.00173960
0.14940387	-0.01282807	-0.00135729
0.14940387	-0.01192865	-0.00096628
0.14940387	-0.01105220	-0.00057416
0.14940387	-0.01020442	-0.00018066
0.14940387	-0.00938782	0.00020864
0.14940387	-0.00860694	0.00059230
0.14940387	-0.00786615	0.00096882
0.14940387	-0.00716956	0.00133660
0.14940387	-0.00652107	0.00169393
0.14940387	-0.00592428	0.00203895
0.14940387	-0.00538160	0.00236827
0.14940387	-0.00489115	0.00267216
0.14940387	-0.00445174	0.00294309
0.14940387	-0.00406518	0.00317897
0.14940387	-0.00373538	0.00338173
0.14940387	-0.00346809	0.00355668
0.14940387	-0.00327137	0.00371093
0.14940387	-0.00316042	0.00385080
0.14940387	-0.00314875	0.00395607
0.14940387	-0.00316256	0.00398931
0.14940387	-0.00318373	0.00401901
0.14940387	-0.00327051	0.00408469
0.14940387	-0.00344115	0.00414591
0.14940387	-0.00369138	0.00418249
0.14940387	-0.00401445	0.00418369
0.14940387	-0.00440352	0.00413957
0.14940387	-0.00485086	0.00404113
0.14940387	-0.00534836	0.00388240
0.14940387	-0.00588928	0.00366298
0.14940387	-0.00647044	0.00338949
0.14940387	-0.00709230	0.00307346
0.14940387	-0.00775268	0.00271955
0.14940387	-0.00844812	0.00233005
0.14940387	-0.00917514	0.00190751
0.14940387	-0.00993014	0.00145466
0.14940387	-0.01070954	0.00097453
0.14940387	-0.01150969	0.00047030
0.14940387	-0.01232484	-0.00005861
0.14940387	-0.01315192	-0.00060735
0.14940387	-0.01398391	-0.00117840
0.14940387	-0.01481233	-0.00177684
0.15000000	-0.01478889	-0.00227359
0.15000000	-0.01390762	-0.00198254
0.15000000	-0.01304991	-0.00165540
0.15000000	-0.01221216	-0.00130914
0.15000000	-0.01139428	-0.00095396
0.15000000	-0.01059744	-0.00059747
0.15000000	-0.00982697	-0.00023916
0.15000000	-0.00908486	0.00011537
0.15000000	-0.00837526	0.00046481
0.15000000	-0.00770213	0.00080778
0.15000000	-0.00706920	0.00114282
0.15000000	-0.00648002	0.00146835
0.15000000	-0.00593784	0.00178268
0.15000000	-0.00544479	0.00208257
0.15000000	-0.00499904	0.00235908
0.15000000	-0.00459964	0.00260551
0.15000000	-0.00424830	0.00282010
0.15000000	-0.00394860	0.00300464
0.15000000	-0.00370579	0.00316397
0.15000000	-0.00352718	0.00330452
0.15000000	-0.00342666	0.00343193
0.15000000	-0.00341643	0.00352768
0.15000000	-0.00342909	0.00355786
0.15000000	-0.00344842	0.00358479
0.15000000	-0.00352737	0.00364433
0.15000000	-0.00368246	0.00369988
0.15000000	-0.00390983	0.00373320
0.15000000	-0.00420340	0.00373461
0.15000000	-0.00455701	0.00369518
0.15000000	-0.00496372	0.00360674
0.15000000	-0.00541618	0.00346377
0.15000000	-0.00590825	0.00326575
0.15000000	-0.00643689	0.00301841
0.15000000	-0.00700248	0.00273227
0.15000000	-0.00760313	0.00241177
0.15000000	-0.00823569	0.00205897
0.15000000	-0.00889699	0.00167618
0.15000000	-0.00958374	0.00126587
0.15000000	-0.01029269	0.00083078
0.15000000	-0.01102051	0.00037377
0.15000000	-0.01176172	-0.00010611
0.15000000	-0.01251364	-0.00060430
0.15000000	-0.01326953	-0.00112372
0.15000000	-0.01402114	-0.00166993
