0.02600000	-0.01947321	-0.01473076
0.02600000	-0.01736674	-0.01335822
0.02600000	-0.01523444	-0.01208454
0.02600000	-0.01307147	-0.01091637
0.02600000	-0.01091789	-0.00981156
0.02600000	-0.00880141	-0.00874460
0.02600000	-0.00674572	-0.00769558
0.02600000	-0.00477363	-0.00664649
0.02600000	-0.00291081	-0.00557665
0.02600000	-0.00119004	-0.00445948
0.02600000	0.00036622	-0.00329338
0.02600000	0.00174566	-0.00209410
0.02600000	0.00293363	-0.00087566
0.02600000	0.00392477	0.00033793
0.02600000	0.00471779	0.00152082
0.02600000	0.00531336	0.00264710
0.02600000	0.00571690	0.00368897
0.02600000	0.00590639	0.00462429
0.02600000	0.00588060	0.00541056
0.02600000	0.00570995	0.00600294
0.02600000	0.00550613	0.00639622
0.02600000	0.00535025	0.00661286
0.02600000	0.00529302	0.00668124
0.02600000	0.00523267	0.00674893
0.02600000	0.00503697	0.00693707
0.02600000	0.00467282	0.00720285
0.02600000	0.00411449	0.00748966
0.02600000	0.00334485	0.00771096
0.02600000	0.00237596	0.00777114
0.02600000	0.00124656	0.00764532
0.02600000	-0.00001073	0.00733177
0.02600000	-0.00136580	0.00682002
0.02600000	-0.00278648	0.00609782
0.02600000	-0.00424520	0.00516606
0.02600000	-0.00572011	0.00403418
0.02600000	-0.00718940	0.00270967
0.02600000	-0.00864088	0.00121018
0.02600000	-0.01006270	-0.00044901
0.02600000	-0.01145471	-0.00224481
0.02600000	-0.01282820	-0.00414860
0.02600000	-0.01418922	-0.00613873
0.02600000	-0.01555968	-0.00818421
0.02600000	-0.01693938	-0.01026985
0.02600000	-0.01831781	-0.01238815
0.02972000	-0.02103987	-0.01391728
0.02972000	-0.01882396	-0.01267624
0.02972000	-0.01661673	-0.01148849
0.02972000	-0.01439751	-0.01037986
0.02972000	-0.01220575	-0.00930188
0.02972000	-0.01006836	-0.00822849
0.02972000	-0.00800260	-0.00715312
0.02972000	-0.00602102	-0.00607864
0.02972000	-0.00413748	-0.00500544
0.02972000	-0.00238714	-0.00389958
0.02972000	-0.00078371	-0.00276786
0.02972000	0.00066801	-0.00162957
0.02972000	0.00196340	-0.00050184
0.02972000	0.00308981	0.00060818
0.02972000	0.00403909	0.00168742
0.02972000	0.00480529	0.00272006
0.02972000	0.00538212	0.00368912
0.02972000	0.00575808	0.00457635
0.02972000	0.00591887	0.00535419
0.02972000	0.00589108	0.00597526
0.02972000	0.00576875	0.00640487
0.02972000	0.00563856	0.00664022
0.02972000	0.00558570	0.00671301
0.02972000	0.00552707	0.00678437
0.02972000	0.00532603	0.00697380
0.02972000	0.00493376	0.00721162
0.02972000	0.00433667	0.00743985
0.02972000	0.00353551	0.00759630
0.02972000	0.00254667	0.00763426
0.02972000	0.00139351	0.00753084
0.02972000	0.00009964	0.00726962
0.02972000	-0.00130971	0.00683312
0.02972000	-0.00280603	0.00620389
0.02972000	-0.00435701	0.00536602
0.02972000	-0.00593720	0.00432251
0.02972000	-0.00752820	0.00308659
0.02972000	-0.00910487	0.00166137
0.02972000	-0.01064360	0.00005385
0.02972000	-0.01213966	-0.00171151
0.02972000	-0.01362726	-0.00358330
0.02972000	-0.01510853	-0.00554173
0.02972000	-0.01660731	-0.00755215
0.02972000	-0.01813625	-0.00958903
0.02972000	-0.01968115	-0.01164771
0.03344000	-0.02255643	-0.01336012
0.03344000	-0.02024780	-0.01217476
0.03344000	-0.01796525	-0.01100913
0.03344000	-0.01568345	-0.00990125
0.03344000	-0.01343713	-0.00880981
0.03344000	-0.01124773	-0.00772014
0.03344000	-0.00913024	-0.00663075
0.03344000	-0.00709892	-0.00554173
0.03344000	-0.00516882	-0.00445172
0.03344000	-0.00336263	-0.00334731
0.03344000	-0.00169183	-0.00223565
0.03344000	-0.00016057	-0.00113400
0.03344000	0.00122810	-0.00005880
0.03344000	0.00246714	0.00098045
0.03344000	0.00354701	0.00197759
0.03344000	0.00445635	0.00292742
0.03344000	0.00518223	0.00382363
0.03344000	0.00570943	0.00465632
0.03344000	0.00602057	0.00540688
0.03344000	0.00611607	0.00603509
0.03344000	0.00605587	0.00648715
0.03344000	0.00594619	0.00673912
0.03344000	0.00589626	0.00681636
0.03344000	0.00583838	0.00689124
0.03344000	0.00563145	0.00708414
0.03344000	0.00522179	0.00731445
0.03344000	0.00459890	0.00751716
0.03344000	0.00377122	0.00764036
0.03344000	0.00275691	0.00765366
0.03344000	0.00157627	0.00753377
0.03344000	0.00025082	0.00726249
0.03344000	-0.00119691	0.00682553
0.03344000	-0.00274288	0.00621051
0.03344000	-0.00436147	0.00540734
0.03344000	-0.00602878	0.00441389
0.03344000	-0.00772167	0.00323169
0.03344000	-0.00941260	0.00185854
0.03344000	-0.01107293	0.00029505
0.03344000	-0.01269355	-0.00143640
0.03344000	-0.01430148	-0.00328551
0.03344000	-0.01592350	-0.00520973
0.03344000	-0.01758285	-0.00717225
0.03344000	-0.01928309	-0.00915281
0.03344000	-0.02100348	-0.01115239
0.03716000	-0.02407944	-0.01302282
0.03716000	-0.02167101	-0.01185741
0.03716000	-0.01930626	-0.01067410
0.03716000	-0.01695199	-0.00953118
0.03716000	-0.01463758	-0.00839859
0.03716000	-0.01237831	-0.00727510
0.03716000	-0.01018647	-0.00616517
0.03716000	-0.00808021	-0.00506135
0.03716000	-0.00608480	-0.00394405
0.03716000	-0.00420705	-0.00282806
0.03716000	-0.00245519	-0.00172433
0.03716000	-0.00083709	-0.00064281
0.03716000	0.00064247	0.00040331
0.03716000	0.00198160	0.00139874
0.03716000	0.00317206	0.00233833
0.03716000	0.00420086	0.00322291
0.03716000	0.00505212	0.00405451
0.03716000	0.00570796	0.00483187
0.03716000	0.00614953	0.00554486
0.03716000	0.00636191	0.00616506
0.03716000	0.00636023	0.00663451
0.03716000	0.00627045	0.00690330
0.03716000	0.00622273	0.00698529
0.03716000	0.00616472	0.00706360
0.03716000	0.00595014	0.00726048
0.03716000	0.00552407	0.00748989
0.03716000	0.00487653	0.00767886
0.03716000	0.00402035	0.00777738
0.03716000	0.00297587	0.00775508
0.03716000	0.00176507	0.00758862
0.03716000	0.00041011	0.00726347
0.03716000	-0.00106859	0.00677409
0.03716000	-0.00265330	0.00612165
0.03716000	-0.00432837	0.00531036
0.03716000	-0.00607165	0.00433217
0.03716000	-0.00785496	0.00317350
0.03716000	-0.00965310	0.00183189
0.03716000	-0.01143967	0.00030690
0.03716000	-0.01320128	-0.00138494
0.03716000	-0.01493675	-0.00321723
0.03716000	-0.01671606	-0.00510193
0.03716000	-0.01855291	-0.00700767
0.03716000	-0.02043505	-0.00892719
0.03716000	-0.02233562	-0.01086826
0.04088000	-0.02559653	-0.01279360
0.04088000	-0.02307042	-0.01165414
0.04088000	-0.02061199	-0.01044863
0.04088000	-0.01817239	-0.00926895
0.04088000	-0.01577605	-0.00809589
0.04088000	-0.01343583	-0.00693420
0.04088000	-0.01116235	-0.00579263
0.04088000	-0.00897212	-0.00466749
0.04088000	-0.00689917	-0.00352281
0.04088000	-0.00494183	-0.00238933
0.04088000	-0.00310532	-0.00128295
0.04088000	-0.00140099	-0.00020742
0.04088000	0.00016436	0.00082711
0.04088000	0.00159051	0.00180246
0.04088000	0.00287131	0.00271118
0.04088000	0.00399507	0.00355451
0.04088000	0.00494646	0.00433786
0.04088000	0.00570783	0.00506580
0.04088000	0.00626075	0.00573592
0.04088000	0.00658342	0.00633349
0.04088000	0.00665101	0.00681387
0.04088000	0.00658570	0.00709951
0.04088000	0.00653980	0.00718632
0.04088000	0.00648103	0.00726782
0.04088000	0.00625656	0.00746706
0.04088000	0.00580974	0.00768900
0.04088000	0.00513449	0.00785613
0.04088000	0.00424803	0.00792033
0.04088000	0.00317289	0.00785088
0.04088000	0.00193286	0.00762507
0.04088000	0.00055059	0.00723204
0.04088000	-0.00095577	0.00667403
0.04088000	-0.00257472	0.00596472
0.04088000	-0.00429954	0.00512226
0.04088000	-0.00610807	0.00413261
0.04088000	-0.00797154	0.00297585
0.04088000	-0.00986941	0.00165231
0.04088000	-0.01178089	0.00016401
0.04088000	-0.01368998	-0.00147919
0.04088000	-0.01556901	-0.00328005
0.04088000	-0.01751741	-0.00510995
0.04088000	-0.01953408	-0.00694953
0.04088000	-0.02159525	-0.00880367
0.04088000	-0.02367156	-0.01068447
0.04460000	-0.02701437	-0.01259508
0.04460000	-0.02436662	-0.01149606
0.04460000	-0.02181353	-0.01027586
0.04460000	-0.01928669	-0.00906846
0.04460000	-0.01680600	-0.00786476
0.04460000	-0.01438369	-0.00667195
0.04460000	-0.01203013	-0.00550027
0.04460000	-0.00975980	-0.00435090
0.04460000	-0.00760737	-0.00318645
0.04460000	-0.00557092	-0.00203892
0.04460000	-0.00365476	-0.00092630
0.04460000	-0.00187215	0.00015075
0.04460000	-0.00023150	0.00118435
0.04460000	0.00126591	0.00215700
0.04460000	0.00261639	0.00305711
0.04460000	0.00381192	0.00388123
0.04460000	0.00483980	0.00463342
0.04460000	0.00568429	0.00532066
0.04460000	0.00632821	0.00594684
0.04460000	0.00674779	0.00651005
0.04460000	0.00689643	0.00698854
0.04460000	0.00686101	0.00728837
0.04460000	0.00681705	0.00737978
0.04460000	0.00675735	0.00746423
0.04460000	0.00652217	0.00766434
0.04460000	0.00605362	0.00787455
0.04460000	0.00535173	0.00801708
0.04460000	0.00443711	0.00804669
0.04460000	0.00333377	0.00793238
0.04460000	0.00206679	0.00765168
0.04460000	0.00065916	0.00719589
0.04460000	-0.00087280	0.00657251
0.04460000	-0.00252273	0.00580466
0.04460000	-0.00429003	0.00491991
0.04460000	-0.00615265	0.00390190
0.04460000	-0.00808578	0.00273453
0.04460000	-0.01007330	0.00142100
0.04460000	-0.01209931	-0.00003394
0.04460000	-0.01414680	-0.00162567
0.04460000	-0.01618175	-0.00336908
0.04460000	-0.01829544	-0.00513144
0.04460000	-0.02047562	-0.00690485
0.04460000	-0.02269587	-0.00869873
0.04460000	-0.02492846	-0.01052485
0.04832000	-0.02822211	-0.01233951
0.04832000	-0.02546560	-0.01129485
0.04832000	-0.02282794	-0.01007572
0.04832000	-0.02022272	-0.00885795
0.04832000	-0.01766604	-0.00764121
0.04832000	-0.01517024	-0.00643344
0.04832000	-0.01274652	-0.00524417
0.04832000	-0.01040870	-0.00407672
0.04832000	-0.00818510	-0.00290577
0.04832000	-0.00607849	-0.00175516
0.04832000	-0.00409499	-0.00064031
0.04832000	-0.00224793	0.00043790
0.04832000	-0.00054691	0.00147303
0.04832000	0.00100422	0.00245081
0.04832000	0.00240406	0.00335525
0.04832000	0.00364987	0.00417462
0.04832000	0.00473263	0.00490847
0.04832000	0.00563888	0.00556351
0.04832000	0.00635226	0.00614850
0.04832000	0.00684869	0.00667228
0.04832000	0.00707725	0.00713372
0.04832000	0.00707341	0.00744240
0.04832000	0.00703162	0.00753776
0.04832000	0.00697124	0.00762476
0.04832000	0.00672667	0.00782497
0.04832000	0.00623961	0.00802358
0.04832000	0.00551624	0.00814626
0.04832000	0.00457883	0.00815133
0.04832000	0.00345174	0.00800728
0.04832000	0.00216071	0.00769069
0.04832000	0.00072928	0.00719266
0.04832000	-0.00082688	0.00652282
0.04832000	-0.00250442	0.00570983
0.04832000	-0.00430533	0.00478500
0.04832000	-0.00621054	0.00373708
0.04832000	-0.00820097	0.00255831
0.04832000	-0.01026351	0.00125391
0.04832000	-0.01238528	-0.00016963
0.04832000	-0.01455060	-0.00170882
0.04832000	-0.01673324	-0.00337327
0.04832000	-0.01898838	-0.00506473
0.04832000	-0.02130062	-0.00677961
0.04832000	-0.02364727	-0.00852376
0.04832000	-0.02600477	-0.01030447
0.05204000	-0.02914604	-0.01195943
0.05204000	-0.02630631	-0.01097660
0.05204000	-0.02360170	-0.00977749
0.05204000	-0.02093389	-0.00857096
0.05204000	-0.01831630	-0.00736315
0.05204000	-0.01576177	-0.00616166
0.05204000	-0.01328273	-0.00497423
0.05204000	-0.01089324	-0.00380433
0.05204000	-0.00861321	-0.00264310
0.05204000	-0.00645104	-0.00150393
0.05204000	-0.00441613	-0.00039674
0.05204000	-0.00252098	0.00067566
0.05204000	-0.00077588	0.00170752
0.05204000	0.00081239	0.00268858
0.05204000	0.00224413	0.00359930
0.05204000	0.00352214	0.00441878
0.05204000	0.00464113	0.00514089
0.05204000	0.00558955	0.00577081
0.05204000	0.00635104	0.00632096
0.05204000	0.00690138	0.00680826
0.05204000	0.00719272	0.00724482
0.05204000	0.00721589	0.00755688
0.05204000	0.00717630	0.00765515
0.05204000	0.00711577	0.00774418
0.05204000	0.00686502	0.00794489
0.05204000	0.00636569	0.00813660
0.05204000	0.00562824	0.00825012
0.05204000	0.00467498	0.00824707
0.05204000	0.00352961	0.00809511
0.05204000	0.00221794	0.00776876
0.05204000	0.00076435	0.00725688
0.05204000	-0.00081478	0.00656836
0.05204000	-0.00251672	0.00573380
0.05204000	-0.00434336	0.00478458
0.05204000	-0.00628081	0.00371925
0.05204000	-0.00831498	0.00253803
0.05204000	-0.01043450	0.00124749
0.05204000	-0.01262799	-0.00014491
0.05204000	-0.01488264	-0.00163298
0.05204000	-0.01718193	-0.00321517
0.05204000	-0.01954150	-0.00484271
0.05204000	-0.02194775	-0.00650959
0.05204000	-0.02438354	-0.00821425
0.05204000	-0.02682992	-0.00995785
0.05576000	-0.02979216	-0.01143732
0.05576000	-0.02689917	-0.01051423
0.05576000	-0.02414723	-0.00935134
0.05576000	-0.02143421	-0.00817592
0.05576000	-0.01877224	-0.00699759
0.05576000	-0.01617483	-0.00582292
0.05576000	-0.01365546	-0.00465780
0.05576000	-0.01122819	-0.00350611
0.05576000	-0.00890747	-0.00237011
0.05576000	-0.00670549	-0.00125575
0.05576000	-0.00463420	-0.00016840
0.05576000	-0.00270544	0.00088756
0.05576000	-0.00092985	0.00190663
0.05576000	0.00068354	0.00288171
0.05576000	0.00213595	0.00379086
0.05576000	0.00343419	0.00460628
0.05576000	0.00457562	0.00531742
0.05576000	0.00554983	0.00592803
0.05576000	0.00634014	0.00645288
0.05576000	0.00692231	0.00691366
0.05576000	0.00725123	0.00732966
0.05576000	0.00729246	0.00764201
0.05576000	0.00725490	0.00774216
0.05576000	0.00719494	0.00783277
0.05576000	0.00694231	0.00803581
0.05576000	0.00643784	0.00822828
0.05576000	0.00569372	0.00834510
0.05576000	0.00473143	0.00834985
0.05576000	0.00357360	0.00820942
0.05576000	0.00224564	0.00789620
0.05576000	0.00077259	0.00739623
0.05576000	-0.00082792	0.00671635
0.05576000	-0.00255213	0.00588679
0.05576000	-0.00440087	0.00493809
0.05576000	-0.00636409	0.00387645
0.05576000	-0.00843081	0.00270741
0.05576000	-0.01059054	0.00143851
0.05576000	-0.01283268	0.00007803
0.05576000	-0.01514626	-0.00136540
0.05576000	-0.01751984	-0.00288319
0.05576000	-0.01994568	-0.00446033
0.05576000	-0.02241176	-0.00608797
0.05576000	-0.02490465	-0.00775884
0.05576000	-0.02740859	-0.00946942
0.05948000	-0.03028266	-0.01082990
0.05948000	-0.02735843	-0.00995611
0.05948000	-0.02457303	-0.00883593
0.05948000	-0.02182683	-0.00770174
0.05948000	-0.01913195	-0.00656356
0.05948000	-0.01650221	-0.00542745
0.05948000	-0.01395154	-0.00429851
0.05948000	-0.01149389	-0.00318096
0.05948000	-0.00914279	-0.00207903
0.05948000	-0.00691137	-0.00099686
0.05948000	-0.00481222	0.00006142
0.05948000	-0.00285712	0.00109113
0.05948000	-0.00105704	0.00208718
0.05948000	0.00057842	0.00304319
0.05948000	0.00205043	0.00393657
0.05948000	0.00336652	0.00473741
0.05948000	0.00452465	0.00543390
0.05948000	0.00551463	0.00602960
0.05948000	0.00631988	0.00653999
0.05948000	0.00691639	0.00698819
0.05948000	0.00725966	0.00739591
0.05948000	0.00730902	0.00770844
0.05948000	0.00727309	0.00780973
0.05948000	0.00721424	0.00790169
0.05948000	0.00696319	0.00810915
0.05948000	0.00645886	0.00830926
0.05948000	0.00571293	0.00843778
0.05948000	0.00474614	0.00845835
0.05948000	0.00358039	0.00833726
0.05948000	0.00224067	0.00804585
0.05948000	0.00075203	0.00756891
0.05948000	-0.00086731	0.00691229
0.05948000	-0.00261278	0.00610593
0.05948000	-0.00448448	0.00518028
0.05948000	-0.00647303	0.00414312
0.05948000	-0.00856800	0.00300109
0.05948000	-0.01075899	0.00176192
0.05948000	-0.01303542	0.00043406
0.05948000	-0.01538646	-0.00097362
0.05948000	-0.01780102	-0.00245183
0.05948000	-0.02026748	-0.00399148
0.05948000	-0.02277379	-0.00558349
0.05948000	-0.02530708	-0.00721961
0.05948000	-0.02785219	-0.00889538
0.06320000	-0.03075904	-0.01021452
0.06320000	-0.02781021	-0.00938700
0.06320000	-0.02499664	-0.00830981
0.06320000	-0.02222219	-0.00721783
0.06320000	-0.01949919	-0.00612093
0.06320000	-0.01684159	-0.00502499
0.06320000	-0.01426348	-0.00393486
0.06320000	-0.01177890	-0.00285458
0.06320000	-0.00940151	-0.00178816
0.06320000	-0.00714454	-0.00073952
0.06320000	-0.00502070	0.00028736
0.06320000	-0.00304190	0.00128802
0.06320000	-0.00121920	0.00225750
0.06320000	0.00043764	0.00318959
0.06320000	0.00192940	0.00406160
0.06320000	0.00326315	0.00484339
0.06320000	0.00443669	0.00552310
0.06320000	0.00543984	0.00610445
0.06320000	0.00625624	0.00660326
0.06320000	0.00686218	0.00704310
0.06320000	0.00721329	0.00744656
0.06320000	0.00726775	0.00775934
0.06320000	0.00723325	0.00786152
0.06320000	0.00717561	0.00795469
0.06320000	0.00692693	0.00816673
0.06320000	0.00642410	0.00837554
0.06320000	0.00567777	0.00851657
0.06320000	0.00470810	0.00855306
0.06320000	0.00353648	0.00845084
0.06320000	0.00218746	0.00818076
0.06320000	0.00068592	0.00772708
0.06320000	-0.00094973	0.00709527
0.06320000	-0.00271441	0.00631527
0.06320000	-0.00460770	0.00541766
0.06320000	-0.00662010	0.00441013
0.06320000	-0.00874103	0.00329917
0.06320000	-0.01095992	0.00209237
0.06320000	-0.01326603	0.00079804
0.06320000	-0.01564834	-0.00057510
0.06320000	-0.01809559	-0.00201791
0.06320000	-0.02059598	-0.00352143
0.06320000	-0.02313725	-0.00507677
0.06320000	-0.02570637	-0.00667584
0.06320000	-0.02828807	-0.00831441
0.06692000	-0.03116412	-0.00957896
0.06692000	-0.02820045	-0.00879863
0.06692000	-0.02536816	-0.00776616
0.06692000	-0.02257478	-0.00671825
0.06692000	-0.01983280	-0.00566457
0.06692000	-0.01715629	-0.00461078
0.06692000	-0.01455940	-0.00356150
0.06692000	-0.01205625	-0.00252058
0.06692000	-0.00966057	-0.00149177
0.06692000	-0.00738567	-0.00047880
0.06692000	-0.00524432	0.00051455
0.06692000	-0.00324852	0.00148402
0.06692000	-0.00140940	0.00242481
0.06692000	0.00026316	0.00333087
0.06692000	0.00176961	0.00417945
0.06692000	0.00311652	0.00494031
0.06692000	0.00430150	0.00560161
0.06692000	0.00531443	0.00616723
0.06692000	0.00613917	0.00665329
0.06692000	0.00675239	0.00708373
0.06692000	0.00710997	0.00748191
0.06692000	0.00716909	0.00779403
0.06692000	0.00713604	0.00789676
0.06692000	0.00707973	0.00799081
0.06692000	0.00683410	0.00820665
0.06692000	0.00633427	0.00842328
0.06692000	0.00558985	0.00857608
0.06692000	0.00462037	0.00862798
0.06692000	0.00344664	0.00854453
0.06692000	0.00209271	0.00829613
0.06692000	0.00058323	0.00786657
0.06692000	-0.00106327	0.00726091
0.06692000	-0.00284116	0.00650890
0.06692000	-0.00474959	0.00564123
0.06692000	-0.00677892	0.00466549
0.06692000	-0.00891847	0.00358801
0.06692000	-0.01115755	0.00241622
0.06692000	-0.01348530	0.00115826
0.06692000	-0.01589054	-0.00017732
0.06692000	-0.01836188	-0.00158152
0.06692000	-0.02088736	-0.00304557
0.06692000	-0.02345460	-0.00456077
0.06692000	-0.02605044	-0.00611920
0.06692000	-0.02865956	-0.00771686
0.07064000	-0.03121954	-0.00884572
0.07064000	-0.02827165	-0.00811531
0.07064000	-0.02545020	-0.00713339
0.07064000	-0.02266709	-0.00613559
0.07064000	-0.01993482	-0.00513132
0.07064000	-0.01726742	-0.00412599
0.07064000	-0.01467899	-0.00312394
0.07064000	-0.01218358	-0.00212881
0.07064000	-0.00979485	-0.00114408
0.07064000	-0.00752603	-0.00017328
0.07064000	-0.00538985	0.00078005
0.07064000	-0.00339824	0.00171185
0.07064000	-0.00156232	0.00261752
0.07064000	0.00010807	0.00349119
0.07064000	0.00161308	0.00431019
0.07064000	0.00295877	0.00504451
0.07064000	0.00414256	0.00568254
0.07064000	0.00515446	0.00622831
0.07064000	0.00597869	0.00669805
0.07064000	0.00659247	0.00711580
0.07064000	0.00695235	0.00750535
0.07064000	0.00701513	0.00781383
0.07064000	0.00698377	0.00791607
0.07064000	0.00692927	0.00801002
0.07064000	0.00668893	0.00822734
0.07064000	0.00619681	0.00844916
0.07064000	0.00546144	0.00861133
0.07064000	0.00450163	0.00867688
0.07064000	0.00333748	0.00861137
0.07064000	0.00199237	0.00838510
0.07064000	0.00049050	0.00798158
0.07064000	-0.00114968	0.00740547
0.07064000	-0.00292209	0.00668608
0.07064000	-0.00482548	0.00585393
0.07064000	-0.00685021	0.00491641
0.07064000	-0.00898561	0.00387968
0.07064000	-0.01122099	0.00275093
0.07064000	-0.01354545	0.00153809
0.07064000	-0.01594783	0.00024947
0.07064000	-0.01841669	-0.00110617
0.07064000	-0.02094007	-0.00252030
0.07064000	-0.02350560	-0.00398447
0.07064000	-0.02610010	-0.00549102
0.07064000	-0.02870836	-0.00703618
0.07436000	-0.03103946	-0.00805545
0.07436000	-0.02812875	-0.00737632
0.07436000	-0.02533893	-0.00644827
0.07436000	-0.02258662	-0.00550408
0.07436000	-0.01988427	-0.00455281
0.07436000	-0.01724574	-0.00359961
0.07436000	-0.01468497	-0.00264855
0.07436000	-0.01221584	-0.00170303
0.07436000	-0.00985184	-0.00076627
0.07436000	-0.00760605	0.00015843
0.07436000	-0.00549103	0.00106777
0.07436000	-0.00351858	0.00195788
0.07436000	-0.00169970	0.00282441
0.07436000	-0.00004416	0.00366168
0.07436000	0.00144796	0.00444730
0.07436000	0.00278216	0.00515170
0.07436000	0.00395574	0.00576353
0.07436000	0.00495890	0.00628693
0.07436000	0.00577632	0.00673811
0.07436000	0.00638592	0.00714099
0.07436000	0.00674520	0.00751958
0.07436000	0.00681096	0.00782233
0.07436000	0.00678142	0.00792335
0.07436000	0.00672899	0.00801652
0.07436000	0.00649536	0.00823354
0.07436000	0.00601406	0.00845841
0.07436000	0.00529263	0.00862793
0.07436000	0.00434903	0.00870544
0.07436000	0.00320257	0.00865679
0.07436000	0.00187586	0.00845244
0.07436000	0.00039248	0.00807577
0.07436000	-0.00122932	0.00753106
0.07436000	-0.00298313	0.00684704
0.07436000	-0.00486734	0.00605378
0.07436000	-0.00687235	0.00515846
0.07436000	-0.00898762	0.00416701
0.07436000	-0.01120250	0.00308635
0.07436000	-0.01350619	0.00192415
0.07436000	-0.01588757	0.00068846
0.07436000	-0.01833529	-0.00061227
0.07436000	-0.02083746	-0.00196980
0.07436000	-0.02338179	-0.00337598
0.07436000	-0.02595523	-0.00482344
0.07436000	-0.02854275	-0.00630866
0.07808000	-0.03077177	-0.00725956
0.07808000	-0.02790782	-0.00663100
0.07808000	-0.02515914	-0.00575692
0.07808000	-0.02244704	-0.00486652
0.07808000	-0.01978385	-0.00396853
0.07808000	-0.01718325	-0.00306781
0.07808000	-0.01465896	-0.00216816
0.07808000	-0.01222462	-0.00127276
0.07808000	-0.00989355	-0.00038457
0.07808000	-0.00767858	0.00049335
0.07808000	-0.00559209	0.00135790
0.07808000	-0.00364571	0.00220546
0.07808000	-0.00185029	0.00303189
0.07808000	-0.00021547	0.00383175
0.07808000	0.00125839	0.00458302
0.07808000	0.00257630	0.00525665
0.07808000	0.00373545	0.00584157
0.07808000	0.00472627	0.00634197
0.07808000	0.00553394	0.00677396
0.07808000	0.00613712	0.00716129
0.07808000	0.00649440	0.00752806
0.07808000	0.00656270	0.00782421
0.07808000	0.00653496	0.00792367
0.07808000	0.00648470	0.00801571
0.07808000	0.00625827	0.00823154
0.07808000	0.00578904	0.00845830
0.07808000	0.00508356	0.00863390
0.07808000	0.00415898	0.00872217
0.07808000	0.00303377	0.00868937
0.07808000	0.00172971	0.00850622
0.07808000	0.00026974	0.00815607
0.07808000	-0.00132819	0.00764286
0.07808000	-0.00305739	0.00699462
0.07808000	-0.00491590	0.00624089
0.07808000	-0.00689423	0.00538859
0.07808000	-0.00898196	0.00444345
0.07808000	-0.01116856	0.00341209
0.07808000	-0.01344332	0.00230190
0.07808000	-0.01579526	0.00112064
0.07808000	-0.01821311	-0.00012355
0.07808000	-0.02068513	-0.00142272
0.07808000	-0.02319915	-0.00276905
0.07808000	-0.02574227	-0.00415546
0.07808000	-0.02829970	-0.00557870
0.08180000	-0.03045395	-0.00647356
0.08180000	-0.02764300	-0.00589409
0.08180000	-0.02494177	-0.00507291
0.08180000	-0.02227613	-0.00423531
0.08180000	-0.01965828	-0.00338970
0.08180000	-0.01710163	-0.00254063
0.08180000	-0.01461970	-0.00169166
0.08180000	-0.01222586	-0.00084572
0.08180000	-0.00993318	-0.00000555
0.08180000	-0.00775427	0.00082602
0.08180000	-0.00570128	0.00164612
0.08180000	-0.00378564	0.00245135
0.08180000	-0.00201802	0.00323780
0.08180000	-0.00040793	0.00400024
0.08180000	0.00104403	0.00471712
0.08180000	0.00234239	0.00535994
0.08180000	0.00348425	0.00591792
0.08180000	0.00446029	0.00639530
0.08180000	0.00525619	0.00680804
0.08180000	0.00585138	0.00717964
0.08180000	0.00620558	0.00753422
0.08180000	0.00627597	0.00782326
0.08180000	0.00625001	0.00792094
0.08180000	0.00620191	0.00801162
0.08180000	0.00598291	0.00822561
0.08180000	0.00552646	0.00845333
0.08180000	0.00483817	0.00863398
0.08180000	0.00393435	0.00873195
0.08180000	0.00283267	0.00871399
0.08180000	0.00155404	0.00855117
0.08180000	0.00012071	0.00822687
0.08180000	-0.00144968	0.00774466
0.08180000	-0.00315021	0.00713185
0.08180000	-0.00497860	0.00641736
0.08180000	-0.00692549	0.00560788
0.08180000	-0.00898061	0.00470889
0.08180000	-0.01113356	0.00372673
0.08180000	-0.01337378	0.00266853
0.08180000	-0.01569042	0.00154172
0.08180000	-0.01807237	0.00035415
0.08180000	-0.02050801	-0.00088655
0.08180000	-0.02298536	-0.00217287
0.08180000	-0.02549169	-0.00349804
0.08180000	-0.02801251	-0.00485905
0.08552000	-0.03004836	-0.00568832
0.08552000	-0.02729911	-0.00515636
0.08552000	-0.02465399	-0.00438739
0.08552000	-0.02204340	-0.00360199
0.08552000	-0.01947932	-0.00280821
0.08552000	-0.01697491	-0.00201035
0.08552000	-0.01454340	-0.00121169
0.08552000	-0.01219785	-0.00041495
0.08552000	-0.00995107	0.00037737
0.08552000	-0.00781540	0.00116267
0.08552000	-0.00580271	0.00193828
0.08552000	-0.00392419	0.00270104
0.08552000	-0.00219032	0.00344724
0.08552000	-0.00061041	0.00417190
0.08552000	0.00081469	0.00485393
0.08552000	0.00208908	0.00546552
0.08552000	0.00320977	0.00599622
0.08552000	0.00416770	0.00645028
0.08552000	0.00494911	0.00684348
0.08552000	0.00553418	0.00719895
0.08552000	0.00588388	0.00754076
0.08552000	0.00595584	0.00782194
0.08552000	0.00593162	0.00791753
0.08552000	0.00588574	0.00800656
0.08552000	0.00567459	0.00821789
0.08552000	0.00523197	0.00844548
0.08552000	0.00456263	0.00862994
0.08552000	0.00368205	0.00873637
0.08552000	0.00260703	0.00873212
0.08552000	0.00135764	0.00858870
0.08552000	-0.00004463	0.00828959
0.08552000	-0.00158249	0.00783801
0.08552000	-0.00324884	0.00726045
0.08552000	-0.00504114	0.00658519
0.08552000	-0.00695016	0.00581863
0.08552000	-0.00896583	0.00496603
0.08552000	-0.01107793	0.00403344
0.08552000	-0.01327607	0.00302768
0.08552000	-0.01554958	0.00195589
0.08552000	-0.01788752	0.00082560
0.08552000	-0.02027847	-0.00035590
0.08552000	-0.02271066	-0.00158139
0.08552000	-0.02517159	-0.00284444
0.08552000	-0.02764709	-0.00414227
0.08924000	-0.02953439	-0.00489945
0.08924000	-0.02685667	-0.00441348
0.08924000	-0.02427741	-0.00369614
0.08924000	-0.02173152	-0.00296245
0.08924000	-0.01923072	-0.00222011
0.08924000	-0.01678786	-0.00147315
0.08924000	-0.01441584	-0.00072458
0.08924000	-0.01212737	0.00002308
0.08924000	-0.00993494	0.00076758
0.08924000	-0.00785056	0.00150650
0.08924000	-0.00588581	0.00223742
0.08924000	-0.00405160	0.00295737
0.08924000	-0.00235815	0.00366288
0.08924000	-0.00081457	0.00434920
0.08924000	0.00057813	0.00499578
0.08924000	0.00182357	0.00557560
0.08924000	0.00291871	0.00607855
0.08924000	0.00385481	0.00650891
0.08924000	0.00461865	0.00688216
0.08924000	0.00519124	0.00722102
0.08924000	0.00553487	0.00754930
0.08924000	0.00560787	0.00782177
0.08924000	0.00558537	0.00791494
0.08924000	0.00554177	0.00800196
0.08924000	0.00533895	0.00820971
0.08924000	0.00491141	0.00843591
0.08924000	0.00426306	0.00862281
0.08924000	0.00340853	0.00873632
0.08924000	0.00236378	0.00874453
0.08924000	0.00114798	0.00861951
0.08924000	-0.00021816	0.00834492
0.08924000	-0.00171780	0.00792364
0.08924000	-0.00334372	0.00738131
0.08924000	-0.00509312	0.00674540
0.08924000	-0.00695698	0.00602208
0.08924000	-0.00892545	0.00521634
0.08924000	-0.01098853	0.00433394
0.08924000	-0.01313604	0.00338139
0.08924000	-0.01535753	0.00236551
0.08924000	-0.01764229	0.00129350
0.08924000	-0.01997916	0.00017233
0.08924000	-0.02235659	-0.00099113
0.08924000	-0.02476238	-0.00219076
0.08924000	-0.02718272	-0.00342402
0.09296000	-0.02894335	-0.00411874
0.09296000	-0.02634413	-0.00367671
0.09296000	-0.02383774	-0.00300964
0.09296000	-0.02136348	-0.00232641
0.09296000	-0.01893280	-0.00163434
0.09296000	-0.01655820	-0.00093718
0.09296000	-0.01425220	-0.00023770
0.09296000	-0.01202715	0.00046178
0.09296000	-0.00989517	0.00115922
0.09296000	-0.00786791	0.00185244
0.09296000	-0.00595664	0.00253919
0.09296000	-0.00417195	0.00321674
0.09296000	-0.00252376	0.00388181
0.09296000	-0.00102097	0.00452993
0.09296000	0.00033523	0.00514115
0.09296000	0.00154806	0.00568927
0.09296000	0.00261446	0.00616456
0.09296000	0.00352600	0.00657128
0.09296000	0.00427001	0.00692457
0.09296000	0.00482837	0.00724665
0.09296000	0.00516477	0.00756099
0.09296000	0.00523835	0.00782418
0.09296000	0.00521754	0.00791467
0.09296000	0.00517623	0.00799944
0.09296000	0.00498199	0.00820288
0.09296000	0.00457026	0.00842666
0.09296000	0.00394422	0.00861479
0.09296000	0.00311764	0.00873408
0.09296000	0.00210563	0.00875346
0.09296000	0.00092647	0.00864566
0.09296000	-0.00039997	0.00839459
0.09296000	-0.00185734	0.00800284
0.09296000	-0.00343832	0.00749511
0.09296000	-0.00513993	0.00689803
0.09296000	-0.00695336	0.00621749
0.09296000	-0.00886902	0.00545824
0.09296000	-0.01087716	0.00462572
0.09296000	-0.01296784	0.00372615
0.09296000	-0.01513087	0.00276602
0.09296000	-0.01735580	0.00175219
0.09296000	-0.01963173	0.00069129
0.09296000	-0.02194740	-0.00041014
0.09296000	-0.02429095	-0.00154630
0.09296000	-0.02664896	-0.00271488
0.09668000	-0.02832014	-0.00336028
0.09668000	-0.02580245	-0.00295963
0.09668000	-0.02337212	-0.00234058
0.09668000	-0.02097268	-0.00170561
0.09668000	-0.01861528	-0.00106168
0.09668000	-0.01631204	-0.00041226
0.09668000	-0.01407510	0.00024009
0.09668000	-0.01191643	0.00089325
0.09668000	-0.00984775	0.00154541
0.09668000	-0.00788038	0.00219455
0.09668000	-0.00602521	0.00283865
0.09668000	-0.00429253	0.00347516
0.09668000	-0.00269197	0.00410103
0.09668000	-0.00123216	0.00471201
0.09668000	0.00008554	0.00528882
0.09668000	0.00126396	0.00580611
0.09668000	0.00230003	0.00625450
0.09668000	0.00318564	0.00663822
0.09668000	0.00390872	0.00697205
0.09668000	0.00445194	0.00727765
0.09668000	0.00478045	0.00757812
0.09668000	0.00485430	0.00783184
0.09668000	0.00483511	0.00791955
0.09668000	0.00479605	0.00800194
0.09668000	0.00461036	0.00820069
0.09668000	0.00421461	0.00842138
0.09668000	0.00361125	0.00860985
0.09668000	0.00281328	0.00873387
0.09668000	0.00183497	0.00876323
0.09668000	0.00069370	0.00867137
0.09668000	-0.00059148	0.00844251
0.09668000	-0.00200470	0.00807894
0.09668000	-0.00353866	0.00760448
0.09668000	-0.00519017	0.00704487
0.09668000	-0.00695066	0.00640570
0.09668000	-0.00881081	0.00569147
0.09668000	-0.01076114	0.00490735
0.09668000	-0.01279197	0.00405924
0.09668000	-0.01489338	0.00315333
0.09668000	-0.01705519	0.00219612
0.09668000	-0.01926681	0.00119392
0.09668000	-0.02151727	0.00015294
0.09668000	-0.02379504	-0.00092133
0.09668000	-0.02608713	-0.00202679
0.10040000	-0.02768903	-0.00262905
0.10040000	-0.02525346	-0.00226702
0.10040000	-0.02290005	-0.00169326
0.10040000	-0.02057632	-0.00110386
0.10040000	-0.01829309	-0.00050542
0.10040000	-0.01606211	0.00009883
0.10040000	-0.01389512	0.00070655
0.10040000	-0.01180371	0.00131580
0.10040000	-0.00979922	0.00192497
0.10040000	-0.00789261	0.00253223
0.10040000	-0.00609440	0.00313572
0.10040000	-0.00441457	0.00373310
0.10040000	-0.00286245	0.00432153
0.10040000	-0.00144641	0.00489698
0.10040000	-0.00016797	0.00544084
0.10040000	0.00097537	0.00592861
0.10040000	0.00198053	0.00635126
0.10040000	0.00283972	0.00671297
0.10040000	0.00354143	0.00702814
0.10040000	0.00406914	0.00731785
0.10040000	0.00438940	0.00760478
0.10040000	0.00446323	0.00784911
0.10040000	0.00444557	0.00793401
0.10040000	0.00440867	0.00801397
0.10040000	0.00423133	0.00820781
0.10040000	0.00385134	0.00842496
0.10040000	0.00327051	0.00861310
0.10040000	0.00250106	0.00874095
0.10040000	0.00155648	0.00877919
0.10040000	0.00045328	0.00870197
0.10040000	-0.00079028	0.00849386
0.10040000	-0.00215887	0.00815691
0.10040000	-0.00364516	0.00771402
0.10040000	-0.00524583	0.00719005
0.10040000	-0.00695255	0.00659030
0.10040000	-0.00875627	0.00591905
0.10040000	-0.01064778	0.00518118
0.10040000	-0.01261767	0.00438230
0.10040000	-0.01465630	0.00352827
0.10040000	-0.01675378	0.00262530
0.10040000	-0.01889980	0.00167937
0.10040000	-0.02108372	0.00069636
0.10040000	-0.02329435	-0.00031854
0.10040000	-0.02551912	-0.00136342
0.10412000	-0.02706252	-0.00192715
0.10412000	-0.02470817	-0.00160083
0.10412000	-0.02243108	-0.00106940
0.10412000	-0.02018248	-0.00052262
0.10412000	-0.01797288	0.00003324
0.10412000	-0.01581365	0.00059516
0.10412000	-0.01371615	0.00116102
0.10412000	-0.01169157	0.00172905
0.10412000	-0.00975090	0.00229782
0.10412000	-0.00790470	0.00286567
0.10412000	-0.00616319	0.00343090
0.10412000	-0.00453598	0.00399136
0.10412000	-0.00303213	0.00454440
0.10412000	-0.00165976	0.00508622
0.10412000	-0.00042050	0.00559886
0.10412000	0.00068780	0.00605866
0.10412000	0.00166211	0.00645693
0.10412000	0.00249493	0.00679779
0.10412000	0.00317529	0.00709524
0.10412000	0.00368745	0.00736981
0.10412000	0.00399933	0.00764371
0.10412000	0.00407294	0.00787883
0.10412000	0.00405672	0.00796095
0.10412000	0.00402188	0.00803850
0.10412000	0.00385261	0.00822735
0.10412000	0.00348794	0.00844068
0.10412000	0.00292912	0.00862794
0.10412000	0.00218764	0.00875882
0.10412000	0.00127623	0.00880486
0.10412000	0.00021061	0.00874097
0.10412000	-0.00099177	0.00855206
0.10412000	-0.00231606	0.00823997
0.10412000	-0.00375498	0.00782673
0.10412000	-0.00530508	0.00733631
0.10412000	-0.00695827	0.00677373
0.10412000	-0.00870578	0.00614308
0.10412000	-0.01053865	0.00544894
0.10412000	-0.01244777	0.00469665
0.10412000	-0.01442376	0.00389178
0.10412000	-0.01645702	0.00304022
0.10412000	-0.01853755	0.00214764
0.10412000	-0.02065501	0.00121964
0.10412000	-0.02279856	0.00026110
0.10412000	-0.02495604	-0.00072624
0.10784000	-0.02646310	-0.00126358
0.10784000	-0.02418681	-0.00096982
0.10784000	-0.02198323	-0.00047741
0.10784000	-0.01980700	0.00003005
0.10784000	-0.01766833	0.00054658
0.10784000	-0.01557824	0.00106939
0.10784000	-0.01354771	0.00159655
0.10784000	-0.01158756	0.00212643
0.10784000	-0.00970842	0.00265777
0.10784000	-0.00792051	0.00318906
0.10784000	-0.00623369	0.00371877
0.10784000	-0.00465729	0.00424492
0.10784000	-0.00320006	0.00476502
0.10784000	-0.00186989	0.00527549
0.10784000	-0.00066852	0.00575903
0.10784000	0.00040590	0.00619276
0.10784000	0.00135037	0.00656832
0.10784000	0.00215770	0.00688974
0.10784000	0.00281740	0.00717066
0.10784000	0.00331450	0.00743103
0.10784000	0.00361819	0.00769261
0.10784000	0.00369148	0.00791895
0.10784000	0.00367660	0.00799840
0.10784000	0.00364370	0.00807361
0.10784000	0.00348202	0.00825755
0.10784000	0.00313188	0.00846695
0.10784000	0.00259401	0.00865296
0.10784000	0.00187923	0.00878619
0.10784000	0.00099958	0.00883904
0.10784000	-0.00002999	0.00878714
0.10784000	-0.00119277	0.00861576
0.10784000	-0.00247439	0.00832656
0.10784000	-0.00386764	0.00794076
0.10784000	-0.00536897	0.00748145
0.10784000	-0.00697049	0.00695341
0.10784000	-0.00866372	0.00636050
0.10784000	-0.01043995	0.00570707
0.10784000	-0.01229034	0.00499817
0.10784000	-0.01420579	0.00423912
0.10784000	-0.01617697	0.00343550
0.10784000	-0.01819416	0.00259271
0.10784000	-0.02024735	0.00171605
0.10784000	-0.02232599	0.00081014
0.10784000	-0.02441836	-0.00012346
0.11156000	-0.02592334	-0.00064789
0.11156000	-0.02371892	-0.00038351
0.11156000	-0.02158300	0.00007349
0.11156000	-0.01947340	0.00054524
0.11156000	-0.01740005	0.00102605
0.11156000	-0.01537362	0.00151332
0.11156000	-0.01340477	0.00200529
0.11156000	-0.01150396	0.00250048
0.11156000	-0.00968149	0.00299777
0.11156000	-0.00794726	0.00349580
0.11156000	-0.00631083	0.00399317
0.11156000	-0.00478123	0.00448805
0.11156000	-0.00336696	0.00497814
0.11156000	-0.00207569	0.00546004
0.11156000	-0.00090925	0.00591706
0.11156000	0.00013393	0.00632705
0.11156000	0.00105090	0.00668193
0.11156000	0.00183471	0.00698564
0.11156000	0.00247538	0.00725148
0.11156000	0.00295857	0.00749888
0.11156000	0.00325471	0.00774916
0.11156000	0.00332770	0.00796743
0.11156000	0.00331404	0.00804442
0.11156000	0.00328291	0.00811748
0.11156000	0.00312820	0.00829690
0.11156000	0.00279138	0.00850262
0.11156000	0.00227273	0.00868738
0.11156000	0.00158246	0.00882262
0.11156000	0.00073198	0.00888153
0.11156000	-0.00026445	0.00884039
0.11156000	-0.00139079	0.00868485
0.11156000	-0.00263314	0.00841639
0.11156000	-0.00398434	0.00805552
0.11156000	-0.00544073	0.00762451
0.11156000	-0.00699466	0.00712789
0.11156000	-0.00863789	0.00656933
0.11156000	-0.01036195	0.00595297
0.11156000	-0.01215823	0.00528360
0.11156000	-0.01401790	0.00456630
0.11156000	-0.01593186	0.00380637
0.11156000	-0.01789069	0.00300896
0.11156000	-0.01988463	0.00217909
0.11156000	-0.02190347	0.00132116
0.11156000	-0.02393582	0.00043657
0.11528000	-0.02547251	-0.00007708
0.11528000	-0.02333073	0.00016085
0.11528000	-0.02125377	0.00058625
0.11528000	-0.01920223	0.00102615
0.11528000	-0.01718578	0.00147510
0.11528000	-0.01521480	0.00193068
0.11528000	-0.01329965	0.00239130
0.11528000	-0.01145052	0.00285558
0.11528000	-0.00967738	0.00332253
0.11528000	-0.00798989	0.00379094
0.11528000	-0.00639730	0.00425953
0.11528000	-0.00490843	0.00472661
0.11528000	-0.00353153	0.00519002
0.11528000	-0.00227407	0.00564655
0.11528000	-0.00113801	0.00608005
0.11528000	-0.00012199	0.00646900
0.11528000	0.00077105	0.00680554
0.11528000	0.00153442	0.00709355
0.11528000	0.00215854	0.00734603
0.11528000	0.00262967	0.00758194
0.11528000	0.00291927	0.00782228
0.11528000	0.00299208	0.00803347
0.11528000	0.00297952	0.00810832
0.11528000	0.00294998	0.00817953
0.11528000	0.00280145	0.00835508
0.11528000	0.00247637	0.00855778
0.11528000	0.00197459	0.00874169
0.11528000	0.00130578	0.00887898
0.11528000	0.00048080	0.00894351
0.11528000	-0.00048671	0.00891213
0.11528000	-0.00158129	0.00877077
0.11528000	-0.00278944	0.00852082
0.11528000	-0.00410404	0.00818215
0.11528000	-0.00552135	0.00777631
0.11528000	-0.00703389	0.00730762
0.11528000	-0.00863364	0.00677959
0.11528000	-0.01031234	0.00619613
0.11528000	-0.01206160	0.00556185
0.11528000	-0.01387279	0.00488158
0.11528000	-0.01573705	0.00416040
0.11528000	-0.01764517	0.00340322
0.11528000	-0.01958766	0.00261484
0.11528000	-0.02155455	0.00179943
0.11528000	-0.02353478	0.00095825
0.11900000	-0.02513764	0.00045125
0.11900000	-0.02304643	0.00066580
0.11900000	-0.02101697	0.00106393
0.11900000	-0.01901216	0.00147636
0.11900000	-0.01704151	0.00189784
0.11900000	-0.01511515	0.00232612
0.11900000	-0.01324320	0.00275973
0.11900000	-0.01143560	0.00319740
0.11900000	-0.00970210	0.00363827
0.11900000	-0.00805212	0.00408124
0.11900000	-0.00649472	0.00452513
0.11900000	-0.00503849	0.00496839
0.11900000	-0.00369151	0.00540898
0.11900000	-0.00246109	0.00584384
0.11900000	-0.00134931	0.00625732
0.11900000	-0.00035501	0.00662835
0.11900000	0.00051890	0.00694927
0.11900000	0.00126593	0.00722390
0.11900000	0.00187684	0.00746500
0.11900000	0.00233838	0.00769118
0.11900000	0.00262291	0.00792318
0.11900000	0.00269579	0.00812856
0.11900000	0.00268422	0.00820169
0.11900000	0.00265604	0.00827142
0.11900000	0.00251271	0.00844399
0.11900000	0.00219735	0.00864454
0.11900000	0.00170942	0.00882822
0.11900000	0.00105814	0.00896776
0.11900000	0.00025389	0.00903752
0.11900000	-0.00069019	0.00901482
0.11900000	-0.00175912	0.00888582
0.11900000	-0.00293974	0.00865184
0.11900000	-0.00422494	0.00833227
0.11900000	-0.00561090	0.00794804
0.11900000	-0.00709028	0.00750328
0.11900000	-0.00865521	0.00700135
0.11900000	-0.01029762	0.00644601
0.11900000	-0.01200929	0.00584167
0.11900000	-0.01378174	0.00519297
0.11900000	-0.01560630	0.00450481
0.11900000	-0.01747396	0.00378189
0.11900000	-0.01937539	0.00302882
0.11900000	-0.02130085	0.00224959
0.11900000	-0.02323954	0.00144532
0.12272000	-0.02495540	0.00091177
0.12272000	-0.02289947	0.00110666
0.12272000	-0.02090275	0.00148225
0.12272000	-0.01893013	0.00187200
0.12272000	-0.01699097	0.00227087
0.12272000	-0.01509526	0.00267670
0.12272000	-0.01325296	0.00308814
0.12272000	-0.01147382	0.00350402
0.12272000	-0.00976745	0.00392356
0.12272000	-0.00814309	0.00434577
0.12272000	-0.00660965	0.00476957
0.12272000	-0.00517560	0.00519351
0.12272000	-0.00384888	0.00561565
0.12272000	-0.00263670	0.00603308
0.12272000	-0.00154127	0.00643050
0.12272000	-0.00056160	0.00678721
0.12272000	0.00029941	0.00709563
0.12272000	0.00103544	0.00735954
0.12272000	0.00163748	0.00759153
0.12272000	0.00209272	0.00780998
0.12272000	0.00237419	0.00803550
0.12272000	0.00244763	0.00823660
0.12272000	0.00243692	0.00830854
0.12272000	0.00240984	0.00837729
0.12272000	0.00227044	0.00854799
0.12272000	0.00196220	0.00874750
0.12272000	0.00148427	0.00893171
0.12272000	0.00084550	0.00907375
0.12272000	0.00005592	0.00914834
0.12272000	-0.00087173	0.00913311
0.12272000	-0.00192284	0.00901442
0.12272000	-0.00308447	0.00879352
0.12272000	-0.00434954	0.00848951
0.12272000	-0.00571412	0.00812283
0.12272000	-0.00717094	0.00769742
0.12272000	-0.00871228	0.00721656
0.12272000	-0.01033016	0.00668384
0.12272000	-0.01201646	0.00610356
0.12272000	-0.01376284	0.00548019
0.12272000	-0.01556073	0.00481849
0.12272000	-0.01740123	0.00412300
0.12272000	-0.01927516	0.00339816
0.12272000	-0.02117290	0.00264783
0.12272000	-0.02308385	0.00187301
0.12557154	-0.02493912	0.00120837
0.12557154	-0.02289815	0.00139015
0.12557154	-0.02091476	0.00175122
0.12557154	-0.01895519	0.00212645
0.12557154	-0.01702877	0.00251087
0.12557154	-0.01514541	0.00290244
0.12557154	-0.01331501	0.00329985
0.12557154	-0.01154724	0.00370200
0.12557154	-0.00985165	0.00410819
0.12557154	-0.00823740	0.00451747
0.12557154	-0.00671335	0.00492884
0.12557154	-0.00528791	0.00534092
0.12557154	-0.00396897	0.00575182
0.12557154	-0.00276371	0.00615873
0.12557154	-0.00167444	0.00654656
0.12557154	-0.00070027	0.00689473
0.12557154	0.00015586	0.00719569
0.12557154	0.00088773	0.00745319
0.12557154	0.00148649	0.00767977
0.12557154	0.00193952	0.00789374
0.12557154	0.00222023	0.00811573
0.12557154	0.00229444	0.00831478
0.12557154	0.00228429	0.00838623
0.12557154	0.00225786	0.00845462
0.12557154	0.00212060	0.00862486
0.12557154	0.00181592	0.00882464
0.12557154	0.00134275	0.00901020
0.12557154	0.00070973	0.00915480
0.12557154	-0.00007332	0.00923329
0.12557154	-0.00099389	0.00922341
0.12557154	-0.00203755	0.00911158
0.12557154	-0.00319147	0.00889903
0.12557154	-0.00444854	0.00860475
0.12557154	-0.00580473	0.00824891
0.12557154	-0.00725279	0.00783536
0.12557154	-0.00878505	0.00736730
0.12557154	-0.01039357	0.00684826
0.12557154	-0.01207028	0.00628243
0.12557154	-0.01380685	0.00567423
0.12557154	-0.01559477	0.00502831
0.12557154	-0.01742518	0.00434914
0.12557154	-0.01928894	0.00364105
0.12557154	-0.02117649	0.00290782
0.12557154	-0.02307728	0.00215038
0.12839183	-0.02502638	0.00148070
0.12839183	-0.02298959	0.00165016
0.12839183	-0.02100918	0.00199881
0.12839183	-0.01905246	0.00236168
0.12839183	-0.01712873	0.00273389
0.12839183	-0.01524792	0.00311345
0.12839183	-0.01341987	0.00349912
0.12839183	-0.01165428	0.00388986
0.12839183	-0.00996064	0.00428503
0.12839183	-0.00834811	0.00468374
0.12839183	-0.00682555	0.00508506
0.12839183	-0.00540132	0.00548764
0.12839183	-0.00408333	0.00588969
0.12839183	-0.00287875	0.00628843
0.12839183	-0.00179001	0.00666892
0.12839183	-0.00081632	0.00701055
0.12839183	0.00003936	0.00730577
0.12839183	0.00077086	0.00755835
0.12839183	0.00136941	0.00778083
0.12839183	0.00182255	0.00799159
0.12839183	0.00210384	0.00821136
0.12839183	0.00217907	0.00840945
0.12839183	0.00216941	0.00848079
0.12839183	0.00214351	0.00854918
0.12839183	0.00200772	0.00871992
0.12839183	0.00170511	0.00892118
0.12839183	0.00123430	0.00910927
0.12839183	0.00060376	0.00925741
0.12839183	-0.00017686	0.00934040
0.12839183	-0.00109518	0.00933596
0.12839183	-0.00213687	0.00923046
0.12839183	-0.00328914	0.00902513
0.12839183	-0.00454478	0.00873892
0.12839183	-0.00589965	0.00839191
0.12839183	-0.00734651	0.00798785
0.12839183	-0.00887767	0.00752991
0.12839183	-0.01048519	0.00702155
0.12839183	-0.01216100	0.00646692
0.12839183	-0.01389678	0.00587037
0.12839183	-0.01568399	0.00523649
0.12839183	-0.01751378	0.00456968
0.12839183	-0.01937700	0.00387422
0.12839183	-0.02126409	0.00315383
0.12839183	-0.02316454	0.00240935
0.13114998	-0.02519809	0.00174506
0.13114998	-0.02315597	0.00190365
0.13114998	-0.02116957	0.00224269
0.13114998	-0.01920681	0.00259608
0.13114998	-0.01727706	0.00295892
0.13114998	-0.01539026	0.00332931
0.13114998	-0.01355631	0.00370607
0.13114998	-0.01178490	0.00408819
0.13114998	-0.01008556	0.00447511
0.13114998	-0.00846749	0.00486598
0.13114998	-0.00693954	0.00525991
0.13114998	-0.00551013	0.00565564
0.13114998	-0.00418718	0.00605139
0.13114998	-0.00297791	0.00644445
0.13114998	-0.00188482	0.00681989
0.13114998	-0.00090725	0.00715705
0.13114998	-0.00004819	0.00744832
0.13114998	0.00068621	0.00769749
0.13114998	0.00128723	0.00791722
0.13114998	0.00174246	0.00812597
0.13114998	0.00202552	0.00834469
0.13114998	0.00210203	0.00854278
0.13114998	0.00209278	0.00861433
0.13114998	0.00206725	0.00868303
0.13114998	0.00193225	0.00885499
0.13114998	0.00163022	0.00905854
0.13114998	0.00115951	0.00924982
0.13114998	0.00052847	0.00940190
0.13114998	-0.00025338	0.00948941
0.13114998	-0.00117370	0.00948993
0.13114998	-0.00221820	0.00938976
0.13114998	-0.00337404	0.00919012
0.13114998	-0.00463393	0.00891004
0.13114998	-0.00599359	0.00856957
0.13114998	-0.00744573	0.00817239
0.13114998	-0.00898265	0.00772167
0.13114998	-0.01059636	0.00722083
0.13114998	-0.01227875	0.00667397
0.13114998	-0.01402146	0.00608542
0.13114998	-0.01581591	0.00545972
0.13114998	-0.01765321	0.00480125
0.13114998	-0.01952415	0.00411424
0.13114998	-0.02141916	0.00340236
0.13114998	-0.02332767	0.00266640
0.13381578	-0.02543411	0.00194387
0.13381578	-0.02337991	0.00209548
0.13381578	-0.02138093	0.00242855
0.13381578	-0.01940565	0.00277603
0.13381578	-0.01746352	0.00313308
0.13381578	-0.01556453	0.00349781
0.13381578	-0.01371864	0.00386909
0.13381578	-0.01193561	0.00424594
0.13381578	-0.01022503	0.00462784
0.13381578	-0.00859614	0.00501399
0.13381578	-0.00705784	0.00540353
0.13381578	-0.00561862	0.00579524
0.13381578	-0.00428643	0.00618736
0.13381578	-0.00306856	0.00657721
0.13381578	-0.00196761	0.00694986
0.13381578	-0.00098301	0.00728455
0.13381578	-0.00011778	0.00757362
0.13381578	0.00062188	0.00782091
0.13381578	0.00122730	0.00803912
0.13381578	0.00168611	0.00824686
0.13381578	0.00197197	0.00846530
0.13381578	0.00205010	0.00866404
0.13381578	0.00204117	0.00873604
0.13381578	0.00201579	0.00880524
0.13381578	0.00188067	0.00897866
0.13381578	0.00157761	0.00918437
0.13381578	0.00110490	0.00937832
0.13381578	0.00047081	0.00953342
0.13381578	-0.00031513	0.00962420
0.13381578	-0.00124065	0.00962813
0.13381578	-0.00229144	0.00953143
0.13381578	-0.00345461	0.00933534
0.13381578	-0.00472277	0.00905895
0.13381578	-0.00609155	0.00872232
0.13381578	-0.00755358	0.00832912
0.13381578	-0.00910111	0.00788249
0.13381578	-0.01072610	0.00738582
0.13381578	-0.01242036	0.00684322
0.13381578	-0.01417548	0.00625898
0.13381578	-0.01598281	0.00563765
0.13381578	-0.01783337	0.00498356
0.13381578	-0.01971791	0.00430095
0.13381578	-0.02162676	0.00359346
0.13381578	-0.02354931	0.00286183
0.13636000	-0.02568009	0.00198523
0.13636000	-0.02361344	0.00213417
0.13636000	-0.02160130	0.00246386
0.13636000	-0.01961294	0.00280796
0.13636000	-0.01765787	0.00316165
0.13636000	-0.01574618	0.00352312
0.13636000	-0.01388787	0.00389123
0.13636000	-0.01209278	0.00426505
0.13636000	-0.01037054	0.00464407
0.13636000	-0.00873046	0.00502753
0.13636000	-0.00718149	0.00541457
0.13636000	-0.00573217	0.00580398
0.13636000	-0.00439050	0.00619405
0.13636000	-0.00316380	0.00658205
0.13636000	-0.00205472	0.00695293
0.13636000	-0.00106283	0.00728597
0.13636000	-0.00019122	0.00757360
0.13636000	0.00055388	0.00781968
0.13636000	0.00116383	0.00803698
0.13636000	0.00162629	0.00824414
0.13636000	0.00191503	0.00846245
0.13636000	0.00199484	0.00866193
0.13636000	0.00198613	0.00873440
0.13636000	0.00196078	0.00880408
0.13636000	0.00182499	0.00897867
0.13636000	0.00152019	0.00918576
0.13636000	0.00104474	0.00938121
0.13636000	0.00040698	0.00953796
0.13636000	-0.00038360	0.00963053
0.13636000	-0.00131473	0.00963639
0.13636000	-0.00237213	0.00954177
0.13636000	-0.00354291	0.00934780
0.13636000	-0.00481958	0.00907348
0.13636000	-0.00619767	0.00873893
0.13636000	-0.00766978	0.00834785
0.13636000	-0.00922811	0.00790341
0.13636000	-0.01086454	0.00740896
0.13636000	-0.01257084	0.00686858
0.13636000	-0.01433851	0.00628656
0.13636000	-0.01615885	0.00566743
0.13636000	-0.01802280	0.00501554
0.13636000	-0.01992105	0.00433510
0.13636000	-0.02184386	0.00362977
0.13636000	-0.02378057	0.00290029
0.13875478	-0.02580164	0.00185227
0.13875478	-0.02373432	0.00199895
0.13875478	-0.02172077	0.00232506
0.13875478	-0.01973095	0.00266551
0.13875478	-0.01777441	0.00301553
0.13875478	-0.01586124	0.00337334
0.13875478	-0.01400145	0.00373785
0.13875478	-0.01220488	0.00410816
0.13875478	-0.01048116	0.00448375
0.13875478	-0.00883961	0.00486389
0.13875478	-0.00728919	0.00524772
0.13875478	-0.00583841	0.00563404
0.13875478	-0.00449530	0.00602114
0.13875478	-0.00326714	0.00640623
0.13875478	-0.00215653	0.00677397
0.13875478	-0.00116318	0.00710399
0.13875478	-0.00029033	0.00738900
0.13875478	0.00045581	0.00763295
0.13875478	0.00106661	0.00784862
0.13875478	0.00152985	0.00805455
0.13875478	0.00181948	0.00827194
0.13875478	0.00190009	0.00847117
0.13875478	0.00189151	0.00854369
0.13875478	0.00186619	0.00861340
0.13875478	0.00173028	0.00878794
0.13875478	0.00142523	0.00899484
0.13875478	0.00094959	0.00919018
0.13875478	0.00031170	0.00934716
0.13875478	-0.00047898	0.00944053
0.13875478	-0.00141034	0.00944795
0.13875478	-0.00246821	0.00935563
0.13875478	-0.00363975	0.00916441
0.13875478	-0.00491734	0.00889283
0.13875478	-0.00629649	0.00856115
0.13875478	-0.00776983	0.00817323
0.13875478	-0.00932954	0.00773219
0.13875478	-0.01096751	0.00724138
0.13875478	-0.01267549	0.00670481
0.13875478	-0.01444495	0.00612675
0.13875478	-0.01626718	0.00551170
0.13875478	-0.01813312	0.00486401
0.13875478	-0.02003344	0.00418786
0.13875478	-0.02195840	0.00348692
0.13875478	-0.02389734	0.00276195
0.14097388	-0.02564602	0.00161499
0.14097388	-0.02360364	0.00175611
0.14097388	-0.02161425	0.00207519
0.14097388	-0.01964828	0.00240847
0.14097388	-0.01771517	0.00275123
0.14097388	-0.01582488	0.00310177
0.14097388	-0.01398732	0.00345906
0.14097388	-0.01221221	0.00382221
0.14097388	-0.01050906	0.00419074
0.14097388	-0.00888707	0.00456390
0.14097388	-0.00735509	0.00494085
0.14097388	-0.00592153	0.00532037
0.14097388	-0.00459429	0.00570076
0.14097388	-0.00338054	0.00607911
0.14097388	-0.00228265	0.00643972
0.14097388	-0.00130056	0.00676297
0.14097388	-0.00043763	0.00704213
0.14097388	0.00029996	0.00728129
0.14097388	0.00090371	0.00749310
0.14097388	0.00136160	0.00769578
0.14097388	0.00164799	0.00791011
0.14097388	0.00172778	0.00810681
0.14097388	0.00171930	0.00817844
0.14097388	0.00169426	0.00824727
0.14097388	0.00155988	0.00841951
0.14097388	0.00125850	0.00862362
0.14097388	0.00078876	0.00881646
0.14097388	0.00015891	0.00897182
0.14097388	-0.00062179	0.00906507
0.14097388	-0.00154151	0.00907431
0.14097388	-0.00258642	0.00898575
0.14097388	-0.00374380	0.00879980
0.14097388	-0.00500596	0.00853402
0.14097388	-0.00636846	0.00820881
0.14097388	-0.00782408	0.00782825
0.14097388	-0.00936509	0.00739540
0.14097388	-0.01098347	0.00691354
0.14097388	-0.01267105	0.00638659
0.14097388	-0.01441941	0.00581873
0.14097388	-0.01621993	0.00521441
0.14097388	-0.01806366	0.00457790
0.14097388	-0.01994140	0.00391335
0.14097388	-0.02184351	0.00322438
0.14097388	-0.02375951	0.00251179
0.14299299	-0.02511007	0.00135608
0.14299299	-0.02312963	0.00149005
0.14299299	-0.02120020	0.00179626
0.14299299	-0.01929348	0.00211632
0.14299299	-0.01741861	0.00244572
0.14299299	-0.01558527	0.00278284
0.14299299	-0.01380307	0.00312670
0.14299299	-0.01208144	0.00347648
0.14299299	-0.01042961	0.00383170
0.14299299	-0.00885650	0.00419164
0.14299299	-0.00737067	0.00455543
0.14299299	-0.00598027	0.00492188
0.14299299	-0.00469298	0.00528932
0.14299299	-0.00351565	0.00565466
0.14299299	-0.00245037	0.00600197
0.14299299	-0.00149731	0.00631286
0.14299299	-0.00065991	0.00658137
0.14299299	0.00005577	0.00681169
0.14299299	0.00064148	0.00701616
0.14299299	0.00108559	0.00721235
0.14299299	0.00136320	0.00742023
0.14299299	0.00144015	0.00761111
0.14299299	0.00143174	0.00768053
0.14299299	0.00140729	0.00774718
0.14299299	0.00127671	0.00791390
0.14299299	0.00098436	0.00811144
0.14299299	0.00052898	0.00829829
0.14299299	-0.00008144	0.00844936
0.14299299	-0.00083804	0.00854109
0.14299299	-0.00172954	0.00855237
0.14299299	-0.00274265	0.00846960
0.14299299	-0.00386504	0.00829252
0.14299299	-0.00508898	0.00803724
0.14299299	-0.00641018	0.00772403
0.14299299	-0.00782171	0.00735726
0.14299299	-0.00931608	0.00693989
0.14299299	-0.01088550	0.00647507
0.14299299	-0.01252202	0.00596651
0.14299299	-0.01421748	0.00541830
0.14299299	-0.01596352	0.00483470
0.14299299	-0.01775146	0.00421989
0.14299299	-0.01957237	0.00357789
0.14299299	-0.02141695	0.00291224
0.14299299	-0.02327503	0.00222379
0.14478998	-0.02413332	0.00113312
0.14478998	-0.02225877	0.00126118
0.14478998	-0.02043125	0.00154811
0.14478998	-0.01862521	0.00184826
0.14478998	-0.01684933	0.00215742
0.14478998	-0.01511280	0.00247412
0.14478998	-0.01342472	0.00279743
0.14478998	-0.01179403	0.00312663
0.14478998	-0.01022946	0.00346122
0.14478998	-0.00873946	0.00380052
0.14478998	-0.00733214	0.00414366
0.14478998	-0.00601521	0.00448948
0.14478998	-0.00479592	0.00483637
0.14478998	-0.00368067	0.00518107
0.14478998	-0.00267118	0.00550769
0.14478998	-0.00176786	0.00579955
0.14478998	-0.00097420	0.00605164
0.14478998	-0.00029600	0.00626819
0.14478998	0.00025891	0.00646101
0.14478998	0.00067952	0.00664664
0.14478998	0.00094212	0.00684383
0.14478998	0.00101416	0.00702488
0.14478998	0.00100587	0.00709058
0.14478998	0.00098246	0.00715358
0.14478998	0.00085841	0.00731109
0.14478998	0.00058141	0.00749781
0.14478998	0.00015028	0.00767468
0.14478998	-0.00042747	0.00781830
0.14478998	-0.00114359	0.00790669
0.14478998	-0.00198756	0.00791995
0.14478998	-0.00294696	0.00784488
0.14478998	-0.00401005	0.00768046
0.14478998	-0.00516922	0.00744090
0.14478998	-0.00642039	0.00714591
0.14478998	-0.00775711	0.00680021
0.14478998	-0.00917227	0.00640653
0.14478998	-0.01065849	0.00596787
0.14478998	-0.01220821	0.00548767
0.14478998	-0.01381371	0.00496981
0.14478998	-0.01546706	0.00441831
0.14478998	-0.01716006	0.00383716
0.14478998	-0.01888426	0.00323022
0.14478998	-0.02063086	0.00260087
0.14478998	-0.02239029	0.00195005
0.14634517	-0.02275327	0.00097504
0.14634517	-0.02102321	0.00109409
0.14634517	-0.01933577	0.00135715
0.14634517	-0.01766814	0.00163247
0.14634517	-0.01602838	0.00191622
0.14634517	-0.01442495	0.00220708
0.14634517	-0.01286627	0.00250422
0.14634517	-0.01136059	0.00280699
0.14634517	-0.00991599	0.00311494
0.14634517	-0.00854026	0.00342740
0.14634517	-0.00724088	0.00374357
0.14634517	-0.00602496	0.00406231
0.14634517	-0.00489920	0.00438213
0.14634517	-0.00386937	0.00469961
0.14634517	-0.00293684	0.00499937
0.14634517	-0.00210224	0.00526674
0.14634517	-0.00136897	0.00549769
0.14634517	-0.00074249	0.00569643
0.14634517	-0.00023002	0.00587393
0.14634517	0.00015822	0.00604541
0.14634517	0.00040021	0.00622800
0.14634517	0.00046568	0.00639553
0.14634517	0.00045760	0.00645612
0.14634517	0.00043568	0.00651415
0.14634517	0.00032071	0.00665916
0.14634517	0.00006483	0.00683114
0.14634517	-0.00033311	0.00699430
0.14634517	-0.00086621	0.00712735
0.14634517	-0.00152695	0.00721031
0.14634517	-0.00230583	0.00722491
0.14634517	-0.00319150	0.00715861
0.14634517	-0.00417308	0.00700975
0.14634517	-0.00524323	0.00679036
0.14634517	-0.00639819	0.00651912
0.14634517	-0.00763210	0.00620100
0.14634517	-0.00893840	0.00583847
0.14634517	-0.01031024	0.00543429
0.14634517	-0.01174066	0.00499161
0.14634517	-0.01322250	0.00451400
0.14634517	-0.01474845	0.00400518
0.14634517	-0.01631095	0.00346887
0.14634517	-0.01790223	0.00290868
0.14634517	-0.01951417	0.00232779
0.14634517	-0.02113798	0.00172718
0.14764152	-0.02115719	0.00088532
0.14764152	-0.01958924	0.00098200
0.14764152	-0.01806248	0.00121980
0.14764152	-0.01655369	0.00146887
0.14764152	-0.01507011	0.00172560
0.14764152	-0.01361942	0.00198882
0.14764152	-0.01220923	0.00225780
0.14764152	-0.01084702	0.00253199
0.14764152	-0.00954009	0.00281094
0.14764152	-0.00829549	0.00309407
0.14764152	-0.00711999	0.00338060
0.14764152	-0.00602002	0.00366947
0.14764152	-0.00500162	0.00395931
0.14764152	-0.00406991	0.00424664
0.14764152	-0.00322592	0.00451697
0.14764152	-0.00247043	0.00475768
0.14764152	-0.00180670	0.00496565
0.14764152	-0.00123971	0.00514489
0.14764152	-0.00077603	0.00530541
0.14764152	-0.00042494	0.00546093
0.14764152	-0.00020654	0.00562679
0.14764152	-0.00014833	0.00577874
0.14764152	-0.00015602	0.00583351
0.14764152	-0.00017613	0.00588588
0.14764152	-0.00028051	0.00601669
0.14764152	-0.00051211	0.00617192
0.14764152	-0.00087197	0.00631945
0.14764152	-0.00135392	0.00644028
0.14764152	-0.00195126	0.00651660
0.14764152	-0.00265555	0.00653196
0.14764152	-0.00345665	0.00647475
0.14764152	-0.00434469	0.00634285
0.14764152	-0.00531277	0.00614624
0.14764152	-0.00635745	0.00590209
0.14764152	-0.00747355	0.00561552
0.14764152	-0.00865511	0.00528873
0.14764152	-0.00989594	0.00492423
0.14764152	-0.01118973	0.00452481
0.14764152	-0.01253000	0.00409372
0.14764152	-0.01391014	0.00363433
0.14764152	-0.01532333	0.00315005
0.14764152	-0.01676254	0.00264417
0.14764152	-0.01822047	0.00211961
0.14764152	-0.01968914	0.00157722
0.14866482	-0.01961142	0.00084639
0.14866482	-0.01819773	0.00090987
0.14866482	-0.01682697	0.00112401
0.14866482	-0.01547244	0.00134863
0.14866482	-0.01414056	0.00158011
0.14866482	-0.01283821	0.00181746
0.14866482	-0.01157225	0.00206001
0.14866482	-0.01034939	0.00230729
0.14866482	-0.00917618	0.00255891
0.14866482	-0.00805897	0.00281430
0.14866482	-0.00700381	0.00307274
0.14866482	-0.00601649	0.00333327
0.14866482	-0.00510242	0.00359462
0.14866482	-0.00426609	0.00385333
0.14866482	-0.00350829	0.00409601
0.14866482	-0.00282987	0.00431184
0.14866482	-0.00223385	0.00449835
0.14866482	-0.00172478	0.00465933
0.14866482	-0.00130858	0.00480378
0.14866482	-0.00099360	0.00494398
0.14866482	-0.00079801	0.00509354
0.14866482	-0.00074659	0.00523027
0.14866482	-0.00075373	0.00527943
0.14866482	-0.00077200	0.00532633
0.14866482	-0.00086600	0.00544344
0.14866482	-0.00107396	0.00558251
0.14866482	-0.00139683	0.00571493
0.14866482	-0.00182914	0.00582387
0.14866482	-0.00236496	0.00589357
0.14866482	-0.00299684	0.00590933
0.14866482	-0.00371581	0.00586057
0.14866482	-0.00451299	0.00574489
0.14866482	-0.00538203	0.00557058
0.14866482	-0.00631976	0.00535319
0.14866482	-0.00732164	0.00509782
0.14866482	-0.00838229	0.00480641
0.14866482	-0.00949618	0.00448121
0.14866482	-0.01065761	0.00412471
0.14866482	-0.01186078	0.00373979
0.14866482	-0.01309975	0.00332950
0.14866482	-0.01436840	0.00289690
0.14866482	-0.01566043	0.00244496
0.14866482	-0.01696928	0.00197631
0.14866482	-0.01828775	0.00149146
0.14940387	-0.01834436	0.00083498
0.14940387	-0.01705706	0.00086902
0.14940387	-0.01581468	0.00106368
0.14940387	-0.01458712	0.00126822
0.14940387	-0.01338009	0.00147900
0.14940387	-0.01219986	0.00169512
0.14940387	-0.01105262	0.00191602
0.14940387	-0.00994446	0.00214124
0.14940387	-0.00888134	0.00237044
0.14940387	-0.00786898	0.00260309
0.14940387	-0.00691290	0.00283851
0.14940387	-0.00601831	0.00307580
0.14940387	-0.00519014	0.00331380
0.14940387	-0.00443236	0.00354911
0.14940387	-0.00374560	0.00376938
0.14940387	-0.00313073	0.00396510
0.14940387	-0.00259056	0.00413429
0.14940387	-0.00212924	0.00428048
0.14940387	-0.00175215	0.00441184
0.14940387	-0.00146689	0.00453944
0.14940387	-0.00129004	0.00467553
0.14940387	-0.00124404	0.00479968
0.14940387	-0.00125074	0.00484418
0.14940387	-0.00126744	0.00488660
0.14940387	-0.00135283	0.00499250
0.14940387	-0.00154129	0.00511835
0.14940387	-0.00183372	0.00523839
0.14940387	-0.00222520	0.00533754
0.14940387	-0.00271043	0.00540168
0.14940387	-0.00328276	0.00541757
0.14940387	-0.00393416	0.00537549
0.14940387	-0.00465659	0.00527295
0.14940387	-0.00544416	0.00511698
0.14940387	-0.00629397	0.00492173
0.14940387	-0.00720194	0.00469218
0.14940387	-0.00816321	0.00443008
0.14940387	-0.00917276	0.00413744
0.14940387	-0.01022542	0.00381651
0.14940387	-0.01131592	0.00346986
0.14940387	-0.01243888	0.00310026
0.14940387	-0.01358876	0.00271047
0.14940387	-0.01475983	0.00230316
0.14940387	-0.01594616	0.00188074
0.14940387	-0.01714116	0.00144340
0.15000000	-0.01723281	0.00083415
0.15000000	-0.01605772	0.00084630
0.15000000	-0.01492826	0.00102354
0.15000000	-0.01381235	0.00121010
0.15000000	-0.01271513	0.00140238
0.15000000	-0.01164228	0.00159957
0.15000000	-0.01059944	0.00180115
0.15000000	-0.00959215	0.00200673
0.15000000	-0.00862583	0.00221598
0.15000000	-0.00770569	0.00242840
0.15000000	-0.00683672	0.00264336
0.15000000	-0.00602367	0.00286002
0.15000000	-0.00527103	0.00307730
0.15000000	-0.00458233	0.00329193
0.15000000	-0.00395808	0.00349250
0.15000000	-0.00339914	0.00367062
0.15000000	-0.00290812	0.00382463
0.15000000	-0.00248881	0.00395783
0.15000000	-0.00214613	0.00407764
0.15000000	-0.00188700	0.00419410
0.15000000	-0.00172655	0.00431824
0.15000000	-0.00168519	0.00443128
0.15000000	-0.00169142	0.00447171
0.15000000	-0.00170671	0.00451022
0.15000000	-0.00178447	0.00460631
0.15000000	-0.00195578	0.00472058
0.15000000	-0.00222147	0.00482975
0.15000000	-0.00257710	0.00492024
0.15000000	-0.00301791	0.00497935
0.15000000	-0.00353794	0.00499507
0.15000000	-0.00412996	0.00495849
0.15000000	-0.00478666	0.00486712
0.15000000	-0.00550262	0.00472700
0.15000000	-0.00627514	0.00455098
0.15000000	-0.00710056	0.00434389
0.15000000	-0.00797447	0.00410728
0.15000000	-0.00889229	0.00384299
0.15000000	-0.00984931	0.00355301
0.15000000	-0.01084075	0.00323968
0.15000000	-0.01186170	0.00290549
0.15000000	-0.01290712	0.00255295
0.15000000	-0.01397180	0.00218447
0.15000000	-0.01505036	0.00180222
0.15000000	-0.01613675	0.00140619
