0.02400000	-0.00541906	-0.00959267
0.02400000	-0.00435388	-0.00864919
0.02400000	-0.00333696	-0.00767890
0.02400000	-0.00235115	-0.00670493
0.02400000	-0.00139072	-0.00574116
0.02400000	-0.00045630	-0.00479633
0.02400000	0.00044804	-0.00387625
0.02400000	0.00131636	-0.00298497
0.02400000	0.00214173	-0.00212541
0.02400000	0.00291658	-0.00129967
0.02400000	0.00363306	-0.00050936
0.02400000	0.00428322	0.00024401
0.02400000	0.00485948	0.00095856
0.02400000	0.00535520	0.00163129
0.02400000	0.00576572	0.00225736
0.02400000	0.00608970	0.00282948
0.02400000	0.00633055	0.00333799
0.02400000	0.00648739	0.00377487
0.02400000	0.00645625	0.00413191
0.02400000	0.00631414	0.00435013
0.02400000	0.00619907	0.00445749
0.02400000	0.00615652	0.00448844
0.02400000	0.00611043	0.00451867
0.02400000	0.00595867	0.00458177
0.02400000	0.00568675	0.00461082
0.02400000	0.00530598	0.00459069
0.02400000	0.00482590	0.00451241
0.02400000	0.00426465	0.00433320
0.02400000	0.00363167	0.00406180
0.02400000	0.00294374	0.00368577
0.02400000	0.00221507	0.00320115
0.02400000	0.00145859	0.00260796
0.02400000	0.00068642	0.00190809
0.02400000	-0.00008951	0.00110440
0.02400000	-0.00085706	0.00020044
0.02400000	-0.00160394	-0.00079935
0.02400000	-0.00231838	-0.00188919
0.02400000	-0.00299042	-0.00306142
0.02400000	-0.00361308	-0.00430678
0.02400000	-0.00418223	-0.00561579
0.02400000	-0.00469380	-0.00698153
0.02400000	-0.00513835	-0.00840373
0.02665366	-0.00620841	-0.01004235
0.02665366	-0.00508814	-0.00900122
0.02665366	-0.00399955	-0.00794623
0.02665366	-0.00293341	-0.00689574
0.02665366	-0.00188828	-0.00586147
0.02665366	-0.00086719	-0.00485123
0.02665366	0.00012432	-0.00387047
0.02665366	0.00107931	-0.00292307
0.02665366	0.00198997	-0.00201184
0.02665366	0.00284805	-0.00113874
0.02665366	0.00364500	-0.00030519
0.02665366	0.00437215	0.00048767
0.02665366	0.00502097	0.00123859
0.02665366	0.00558338	0.00194558
0.02665366	0.00605250	0.00260510
0.02665366	0.00642391	0.00321110
0.02665366	0.00669769	0.00375423
0.02665366	0.00687743	0.00422309
0.02665366	0.00688528	0.00461159
0.02665366	0.00675061	0.00485814
0.02665366	0.00662893	0.00497698
0.02665366	0.00658361	0.00501136
0.02665366	0.00653444	0.00504364
0.02665366	0.00637491	0.00511754
0.02665366	0.00608772	0.00516823
0.02665366	0.00568122	0.00515358
0.02665366	0.00517163	0.00505599
0.02665366	0.00457679	0.00485133
0.02665366	0.00390461	0.00455421
0.02665366	0.00317669	0.00414144
0.02665366	0.00240847	0.00361013
0.02665366	0.00161326	0.00296166
0.02665366	0.00080270	0.00219983
0.02665366	-0.00001269	0.00132976
0.02665366	-0.00082315	0.00035742
0.02665366	-0.00161957	-0.00071040
0.02665366	-0.00239384	-0.00186599
0.02665366	-0.00313934	-0.00310058
0.02665366	-0.00385126	-0.00440460
0.02665366	-0.00452609	-0.00576861
0.02665366	-0.00515980	-0.00718495
0.02665366	-0.00574454	-0.00865026
0.02930732	-0.00694076	-0.01012036
0.02930732	-0.00574955	-0.00905477
0.02930732	-0.00458980	-0.00797436
0.02930732	-0.00345199	-0.00689927
0.02930732	-0.00233468	-0.00584231
0.02930732	-0.00124129	-0.00481169
0.02930732	-0.00017800	-0.00381277
0.02930732	0.00084756	-0.00284921
0.02930732	0.00182700	-0.00192351
0.02930732	0.00275162	-0.00103748
0.02930732	0.00361259	-0.00019242
0.02930732	0.00440103	0.00061066
0.02930732	0.00510807	0.00137082
0.02930732	0.00572484	0.00208688
0.02930732	0.00624254	0.00275682
0.02930732	0.00665289	0.00337681
0.02930732	0.00694957	0.00393951
0.02930732	0.00713060	0.00443245
0.02930732	0.00715000	0.00484013
0.02930732	0.00702801	0.00510724
0.02930732	0.00690804	0.00523848
0.02930732	0.00686206	0.00527625
0.02930732	0.00681232	0.00531187
0.02930732	0.00665077	0.00539767
0.02930732	0.00635643	0.00547070
0.02930732	0.00593367	0.00546819
0.02930732	0.00540199	0.00537390
0.02930732	0.00477937	0.00517358
0.02930732	0.00408092	0.00486313
0.02930732	0.00332376	0.00443397
0.02930732	0.00252393	0.00388256
0.02930732	0.00169501	0.00321040
0.02930732	0.00084823	0.00242205
0.02930732	-0.00000695	0.00152383
0.02930732	-0.00086237	0.00052304
0.02930732	-0.00171079	-0.00057231
0.02930732	-0.00254589	-0.00175370
0.02930732	-0.00336221	-0.00301210
0.02930732	-0.00415510	-0.00433824
0.02930732	-0.00492022	-0.00572326
0.02930732	-0.00565231	-0.00715996
0.02930732	-0.00634289	-0.00864477
0.03196098	-0.00758051	-0.00973611
0.03196098	-0.00633414	-0.00871395
0.03196098	-0.00512072	-0.00767293
0.03196098	-0.00392878	-0.00663701
0.03196098	-0.00275667	-0.00562020
0.03196098	-0.00160851	-0.00463033
0.03196098	-0.00049145	-0.00367182
0.03196098	0.00058610	-0.00274736
0.03196098	0.00161535	-0.00185887
0.03196098	0.00258759	-0.00100791
0.03196098	0.00349434	-0.00019594
0.03196098	0.00432734	0.00057568
0.03196098	0.00507847	0.00130569
0.03196098	0.00573947	0.00199289
0.03196098	0.00630152	0.00263618
0.03196098	0.00675424	0.00323428
0.03196098	0.00708402	0.00378472
0.03196098	0.00727165	0.00427958
0.03196098	0.00730233	0.00469196
0.03196098	0.00721497	0.00497555
0.03196098	0.00711023	0.00512108
0.03196098	0.00706749	0.00516323
0.03196098	0.00702017	0.00520276
0.03196098	0.00686226	0.00529779
0.03196098	0.00656919	0.00538472
0.03196098	0.00614344	0.00540083
0.03196098	0.00560397	0.00532812
0.03196098	0.00496755	0.00515640
0.03196098	0.00425179	0.00487158
0.03196098	0.00347324	0.00446735
0.03196098	0.00264653	0.00394258
0.03196098	0.00178442	0.00329926
0.03196098	0.00089804	0.00254150
0.03196098	-0.00000281	0.00167483
0.03196098	-0.00090950	0.00070591
0.03196098	-0.00181448	-0.00035769
0.03196098	-0.00271112	-0.00150767
0.03196098	-0.00359367	-0.00273519
0.03196098	-0.00445701	-0.00403128
0.03196098	-0.00529615	-0.00538737
0.03196098	-0.00610543	-0.00679634
0.03196098	-0.00687722	-0.00825417
0.03461463	-0.00814026	-0.00924392
0.03461463	-0.00684785	-0.00827698
0.03461463	-0.00558732	-0.00728965
0.03461463	-0.00434831	-0.00630656
0.03461463	-0.00312976	-0.00534191
0.03461463	-0.00193612	-0.00440346
0.03461463	-0.00077468	-0.00349539
0.03461463	0.00034603	-0.00262005
0.03461463	0.00141717	-0.00177898
0.03461463	0.00242995	-0.00097335
0.03461463	0.00337585	-0.00020424
0.03461463	0.00424659	0.00052736
0.03461463	0.00503409	0.00122053
0.03461463	0.00573020	0.00187440
0.03461463	0.00632635	0.00248816
0.03461463	0.00681274	0.00306083
0.03461463	0.00717695	0.00359044
0.03461463	0.00740196	0.00407060
0.03461463	0.00746997	0.00447928
0.03461463	0.00740980	0.00477032
0.03461463	0.00731818	0.00492474
0.03461463	0.00727897	0.00497032
0.03461463	0.00723471	0.00501362
0.03461463	0.00708337	0.00512007
0.03461463	0.00679496	0.00522491
0.03461463	0.00636893	0.00526333
0.03461463	0.00582433	0.00521690
0.03461463	0.00517795	0.00507446
0.03461463	0.00444676	0.00482202
0.03461463	0.00364679	0.00445327
0.03461463	0.00279235	0.00396674
0.03461463	0.00189611	0.00336390
0.03461463	0.00096938	0.00264814
0.03461463	0.00002235	0.00182429
0.03461463	-0.00093582	0.00089833
0.03461463	-0.00189693	-0.00012276
0.03461463	-0.00285371	-0.00123117
0.03461463	-0.00379974	-0.00241846
0.03461463	-0.00472931	-0.00367590
0.03461463	-0.00563702	-0.00499507
0.03461463	-0.00651707	-0.00636892
0.03461463	-0.00736212	-0.00779341
0.03726829	-0.00866209	-0.00876855
0.03726829	-0.00732662	-0.00785401
0.03726829	-0.00602198	-0.00691770
0.03726829	-0.00473890	-0.00598483
0.03726829	-0.00347687	-0.00506981
0.03726829	-0.00224066	-0.00418032
0.03726829	-0.00103771	-0.00332031
0.03726829	0.00012335	-0.00249181
0.03726829	0.00123358	-0.00169597
0.03726829	0.00228416	-0.00093362
0.03726829	0.00326650	-0.00020542
0.03726829	0.00417232	0.00048797
0.03726829	0.00499352	0.00114595
0.03726829	0.00572204	0.00176798
0.03726829	0.00634948	0.00235351
0.03726829	0.00686649	0.00290185
0.03726829	0.00726153	0.00341141
0.03726829	0.00751932	0.00387676
0.03726829	0.00762185	0.00427965
0.03726829	0.00758924	0.00457597
0.03726829	0.00751179	0.00473854
0.03726829	0.00747647	0.00478742
0.03726829	0.00743562	0.00483439
0.03726829	0.00729158	0.00495205
0.03726829	0.00700828	0.00507404
0.03726829	0.00658233	0.00513338
0.03726829	0.00603320	0.00511215
0.03726829	0.00537761	0.00499776
0.03726829	0.00463207	0.00477621
0.03726829	0.00381220	0.00444117
0.03726829	0.00293207	0.00399090
0.03726829	0.00200427	0.00342640
0.03726829	0.00104025	0.00275051
0.03726829	0.00005048	0.00196743
0.03726829	-0.00095547	0.00108256
0.03726829	-0.00196888	0.00010230
0.03726829	-0.00298190	-0.00096601
0.03726829	-0.00398752	-0.00211431
0.03726829	-0.00497950	-0.00333415
0.03726829	-0.00595199	-0.00461729
0.03726829	-0.00689899	-0.00595678
0.03726829	-0.00781332	-0.00734860
0.03992195	-0.00914525	-0.00831036
0.03992195	-0.00776974	-0.00744554
0.03992195	-0.00642409	-0.00655769
0.03992195	-0.00510000	-0.00567256
0.03992195	-0.00379754	-0.00480475
0.03992195	-0.00252175	-0.00396186
0.03992195	-0.00128025	-0.00314760
0.03992195	-0.00008176	-0.00236369
0.03992195	0.00106472	-0.00161094
0.03992195	0.00215028	-0.00088979
0.03992195	0.00316632	-0.00020059
0.03992195	0.00410451	0.00045638
0.03992195	0.00495675	0.00108083
0.03992195	0.00571504	0.00167249
0.03992195	0.00637112	0.00223110
0.03992195	0.00691594	0.00275623
0.03992195	0.00733861	0.00324659
0.03992195	0.00762515	0.00369750
0.03992195	0.00775869	0.00409318
0.03992195	0.00775278	0.00439250
0.03992195	0.00769001	0.00456203
0.03992195	0.00765884	0.00461393
0.03992195	0.00762167	0.00466435
0.03992195	0.00748554	0.00479270
0.03992195	0.00720777	0.00493091
0.03992195	0.00678230	0.00500979
0.03992195	0.00622933	0.00501244
0.03992195	0.00556545	0.00492465
0.03992195	0.00480681	0.00473235
0.03992195	0.00396873	0.00442917
0.03992195	0.00306508	0.00401312
0.03992195	0.00210841	0.00348484
0.03992195	0.00111023	0.00284670
0.03992195	0.00008121	0.00210238
0.03992195	-0.00096875	0.00125674
0.03992195	-0.00203051	0.00031571
0.03992195	-0.00309575	-0.00071386
0.03992195	-0.00415694	-0.00182427
0.03992195	-0.00520733	-0.00300739
0.03992195	-0.00624066	-0.00425517
0.03992195	-0.00725066	-0.00556081
0.03992195	-0.00823015	-0.00692037
0.04257561	-0.00958905	-0.00786966
0.04257561	-0.00817663	-0.00705200
0.04257561	-0.00679311	-0.00621017
0.04257561	-0.00543117	-0.00537041
0.04257561	-0.00409140	-0.00454747
0.04257561	-0.00277912	-0.00374887
0.04257561	-0.00150211	-0.00297809
0.04257561	-0.00026919	-0.00223655
0.04257561	0.00091058	-0.00152474
0.04257561	0.00202826	-0.00084276
0.04257561	0.00307519	-0.00019061
0.04257561	0.00404302	0.00043173
0.04257561	0.00492366	0.00102428
0.04257561	0.00570914	0.00158705
0.04257561	0.00639129	0.00212003
0.04257561	0.00696130	0.00262304
0.04257561	0.00740874	0.00309510
0.04257561	0.00772052	0.00353208
0.04257561	0.00788144	0.00391973
0.04257561	0.00790037	0.00422000
0.04257561	0.00785212	0.00439507
0.04257561	0.00782515	0.00444959
0.04257561	0.00779181	0.00450310
0.04257561	0.00766399	0.00464133
0.04257561	0.00739208	0.00479464
0.04257561	0.00696747	0.00489162
0.04257561	0.00641143	0.00491655
0.04257561	0.00574030	0.00485372
0.04257561	0.00496994	0.00468892
0.04257561	0.00411547	0.00441567
0.04257561	0.00319059	0.00403179
0.04257561	0.00220780	0.00353762
0.04257561	0.00117865	0.00293512
0.04257561	0.00011395	0.00222758
0.04257561	-0.00097616	0.00141938
0.04257561	-0.00208223	0.00051600
0.04257561	-0.00319553	-0.00047611
0.04257561	-0.00430811	-0.00154964
0.04257561	-0.00541277	-0.00269676
0.04257561	-0.00650281	-0.00390968
0.04257561	-0.00757166	-0.00518178
0.04257561	-0.00861204	-0.00650928
0.04522927	-0.00999289	-0.00744676
0.04522927	-0.00854674	-0.00667380
0.04522927	-0.00712860	-0.00587564
0.04522927	-0.00573206	-0.00507897
0.04522927	-0.00435820	-0.00429862
0.04522927	-0.00301263	-0.00354204
0.04522927	-0.00170326	-0.00281250
0.04522927	-0.00043900	-0.00211113
0.04522927	0.00077105	-0.00143811
0.04522927	0.00191790	-0.00079323
0.04522927	0.00299287	-0.00017619
0.04522927	0.00398759	0.00041332
0.04522927	0.00489398	0.00097561
0.04522927	0.00570408	0.00151094
0.04522927	0.00640983	0.00201956
0.04522927	0.00700255	0.00250152
0.04522927	0.00747217	0.00295614
0.04522927	0.00780614	0.00337979
0.04522927	0.00799099	0.00375907
0.04522927	0.00803229	0.00405867
0.04522927	0.00799773	0.00423786
0.04522927	0.00797485	0.00429453
0.04522927	0.00794527	0.00435066
0.04522927	0.00782577	0.00449764
0.04522927	0.00755983	0.00466463
0.04522927	0.00713643	0.00477808
0.04522927	0.00657810	0.00482348
0.04522927	0.00590085	0.00478380
0.04522927	0.00512028	0.00464463
0.04522927	0.00425134	0.00439933
0.04522927	0.00330761	0.00404556
0.04522927	0.00230154	0.00358339
0.04522927	0.00124467	0.00301449
0.04522927	0.00014793	0.00234177
0.04522927	-0.00097840	0.00156924
0.04522927	-0.00212462	0.00070200
0.04522927	-0.00328171	-0.00025389
0.04522927	-0.00444134	-0.00129148
0.04522927	-0.00559590	-0.00240323
0.04522927	-0.00673833	-0.00358166
0.04522927	-0.00786170	-0.00482036
0.04522927	-0.00895850	-0.00611585
0.04788293	-0.01035622	-0.00704191
0.04788293	-0.00887971	-0.00631131
0.04788293	-0.00743036	-0.00555462
0.04788293	-0.00600262	-0.00479884
0.04788293	-0.00459806	-0.00405890
0.04788293	-0.00322255	-0.00334214
0.04788293	-0.00188413	-0.00265162
0.04788293	-0.00059176	-0.00198823
0.04788293	0.00064540	-0.00135187
0.04788293	0.00181836	-0.00074205
0.04788293	0.00291842	-0.00015820
0.04788293	0.00393721	0.00040026
0.04788293	0.00486665	0.00093387
0.04788293	0.00569882	0.00144316
0.04788293	0.00642573	0.00192858
0.04788293	0.00703884	0.00239044
0.04788293	0.00752829	0.00282835
0.04788293	0.00788189	0.00323921
0.04788293	0.00808716	0.00361028
0.04788293	0.00814757	0.00390817
0.04788293	0.00812521	0.00409016
0.04788293	0.00810608	0.00414852
0.04788293	0.00808005	0.00420679
0.04788293	0.00796858	0.00436127
0.04788293	0.00770867	0.00454053
0.04788293	0.00728684	0.00466878
0.04788293	0.00672698	0.00473251
0.04788293	0.00604482	0.00471389
0.04788293	0.00525568	0.00459826
0.04788293	0.00437435	0.00437883
0.04788293	0.00341430	0.00405305
0.04788293	0.00238791	0.00362078
0.04788293	0.00130673	0.00308343
0.04788293	0.00018170	0.00244362
0.04788293	-0.00097677	0.00170505
0.04788293	-0.00215882	0.00087246
0.04788293	-0.00335520	-0.00004839
0.04788293	-0.00455730	-0.00105087
0.04788293	-0.00575718	-0.00212779
0.04788293	-0.00694740	-0.00327194
0.04788293	-0.00812068	-0.00447726
0.04788293	-0.00926922	-0.00574057
0.05053659	-0.01067859	-0.00665535
0.05053659	-0.00917528	-0.00596489
0.05053659	-0.00769832	-0.00524754
0.05053659	-0.00624298	-0.00453057
0.05053659	-0.00481132	-0.00382893
0.05053659	-0.00340941	-0.00314984
0.05053659	-0.00204542	-0.00249617
0.05053659	-0.00072835	-0.00186860
0.05053659	0.00053261	-0.00126678
0.05053659	0.00172848	-0.00068999
0.05053659	0.00285056	-0.00013742
0.05053659	0.00389049	0.00039173
0.05053659	0.00484022	0.00089821
0.05053659	0.00569187	0.00138275
0.05053659	0.00643753	0.00184602
0.05053659	0.00706877	0.00228856
0.05053659	0.00757593	0.00271029
0.05053659	0.00794701	0.00310866
0.05053659	0.00816916	0.00347208
0.05053659	0.00824465	0.00376793
0.05053659	0.00823224	0.00395167
0.05053659	0.00821631	0.00401125
0.05053659	0.00819339	0.00407116
0.05053659	0.00808944	0.00423187
0.05053659	0.00783578	0.00442227
0.05053659	0.00741596	0.00456376
0.05053659	0.00685532	0.00464326
0.05053659	0.00616952	0.00464326
0.05053659	0.00537358	0.00454887
0.05053659	0.00448209	0.00435306
0.05053659	0.00350841	0.00405309
0.05053659	0.00246484	0.00364860
0.05053659	0.00136290	0.00314076
0.05053659	0.00021353	0.00253197
0.05053659	-0.00097282	0.00182567
0.05053659	-0.00218618	0.00102632
0.05053659	-0.00341715	0.00013940
0.05053659	-0.00465690	-0.00082878
0.05053659	-0.00589722	-0.00187130
0.05053659	-0.00713035	-0.00298131
0.05053659	-0.00834865	-0.00415309
0.05053659	-0.00954396	-0.00538391
0.05319024	-0.01095963	-0.00628727
0.05319024	-0.00943314	-0.00563475
0.05319024	-0.00793222	-0.00495466
0.05319024	-0.00645296	-0.00427443
0.05319024	-0.00499781	-0.00360896
0.05319024	-0.00357310	-0.00296536
0.05319024	-0.00218708	-0.00234634
0.05319024	-0.00084877	-0.00175237
0.05319024	0.00043265	-0.00118291
0.05319024	0.00164819	-0.00063706
0.05319024	0.00278919	-0.00011381
0.05319024	0.00384733	0.00038780
0.05319024	0.00481460	0.00086872
0.05319024	0.00568316	0.00132983
0.05319024	0.00644518	0.00177200
0.05319024	0.00709237	0.00219598
0.05319024	0.00761520	0.00260202
0.05319024	0.00800175	0.00298822
0.05319024	0.00823784	0.00334457
0.05319024	0.00832479	0.00363843
0.05319024	0.00831987	0.00382319
0.05319024	0.00830640	0.00388361
0.05319024	0.00828595	0.00394465
0.05319024	0.00818830	0.00411008
0.05319024	0.00794060	0.00430991
0.05319024	0.00752313	0.00446283
0.05319024	0.00696236	0.00455544
0.05319024	0.00627419	0.00457158
0.05319024	0.00547324	0.00449607
0.05319024	0.00457386	0.00432164
0.05319024	0.00358927	0.00404530
0.05319024	0.00253167	0.00366649
0.05319024	0.00141254	0.00318618
0.05319024	0.00024278	0.00260655
0.05319024	-0.00096715	0.00193085
0.05319024	-0.00220726	0.00116332
0.05319024	-0.00346803	0.00030919
0.05319024	-0.00474051	-0.00062547
0.05319024	-0.00601627	-0.00163407
0.05319024	-0.00728726	-0.00271006
0.05319024	-0.00854551	-0.00384815
0.05319024	-0.00978248	-0.00504614
0.05584390	-0.01119907	-0.00593783
0.05584390	-0.00965294	-0.00532101
0.05584390	-0.00813167	-0.00467607
0.05584390	-0.00663207	-0.00403045
0.05584390	-0.00515703	-0.00339899
0.05584390	-0.00371305	-0.00278866
0.05584390	-0.00230845	-0.00220200
0.05584390	-0.00095229	-0.00163933
0.05584390	0.00034630	-0.00109997
0.05584390	0.00157837	-0.00058287
0.05584390	0.00273528	-0.00008690
0.05584390	0.00380876	0.00038906
0.05584390	0.00479086	0.00084606
0.05584390	0.00567382	0.00128514
0.05584390	0.00644988	0.00170733
0.05584390	0.00711086	0.00211359
0.05584390	0.00764735	0.00250456
0.05584390	0.00804734	0.00287905
0.05584390	0.00829525	0.00322871
0.05584390	0.00839115	0.00352065
0.05584390	0.00839148	0.00370599
0.05584390	0.00837966	0.00376692
0.05584390	0.00836084	0.00382864
0.05584390	0.00826743	0.00399701
0.05584390	0.00802429	0.00420348
0.05584390	0.00760921	0.00436548
0.05584390	0.00704892	0.00446870
0.05584390	0.00635961	0.00449858
0.05584390	0.00555537	0.00443972
0.05584390	0.00465030	0.00428452
0.05584390	0.00365745	0.00402975
0.05584390	0.00258891	0.00367462
0.05584390	0.00145608	0.00321991
0.05584390	0.00026980	0.00266765
0.05584390	-0.00095951	0.00202090
0.05584390	-0.00222185	0.00128377
0.05584390	-0.00350770	0.00046126
0.05584390	-0.00480800	-0.00044076
0.05584390	-0.00611418	-0.00141596
0.05584390	-0.00741796	-0.00245817
0.05584390	-0.00871106	-0.00356251
0.05584390	-0.00998453	-0.00472740
0.05849756	-0.01139755	-0.00560668
0.05849756	-0.00983525	-0.00502335
0.05849756	-0.00829711	-0.00441146
0.05849756	-0.00678065	-0.00379836
0.05849756	-0.00528915	-0.00319875
0.05849756	-0.00382930	-0.00261945
0.05849756	-0.00240947	-0.00206287
0.05849756	-0.00103869	-0.00152921
0.05849756	0.00027394	-0.00101770
0.05849756	0.00151950	-0.00052718
0.05849756	0.00268944	-0.00005643
0.05849756	0.00377553	0.00039574
0.05849756	0.00476989	0.00083048
0.05849756	0.00566484	0.00124893
0.05849756	0.00645272	0.00165226
0.05849756	0.00712544	0.00204168
0.05849756	0.00767365	0.00241824
0.05849756	0.00808513	0.00278162
0.05849756	0.00834336	0.00312471
0.05849756	0.00844673	0.00341465
0.05849756	0.00845052	0.00360027
0.05849756	0.00843956	0.00366148
0.05849756	0.00842151	0.00372349
0.05849756	0.00832985	0.00389300
0.05849756	0.00808906	0.00410270
0.05849756	0.00767611	0.00427106
0.05849756	0.00711689	0.00438264
0.05849756	0.00642756	0.00442414
0.05849756	0.00562167	0.00437992
0.05849756	0.00471298	0.00424206
0.05849756	0.00371435	0.00400700
0.05849756	0.00263775	0.00367373
0.05849756	0.00149448	0.00324287
0.05849756	0.00029532	0.00271629
0.05849756	-0.00094938	0.00209695
0.05849756	-0.00222968	0.00138880
0.05849756	-0.00353607	0.00059675
0.05849756	-0.00485947	-0.00027357
0.05849756	-0.00619119	-0.00121605
0.05849756	-0.00752281	-0.00222485
0.05849756	-0.00884573	-0.00329558
0.05849756	-0.01015063	-0.00442727
0.06115122	-0.01155695	-0.00529286
0.06115122	-0.00998173	-0.00474087
0.06115122	-0.00843002	-0.00415998
0.06115122	-0.00689999	-0.00357736
0.06115122	-0.00539530	-0.00300752
0.06115122	-0.00392277	-0.00245713
0.06115122	-0.00249081	-0.00192847
0.06115122	-0.00110844	-0.00142168
0.06115122	0.00021530	-0.00093590
0.06115122	0.00147157	-0.00046993
0.06115122	0.00265186	-0.00002250
0.06115122	0.00374803	0.00040761
0.06115122	0.00475227	0.00082164
0.06115122	0.00565699	0.00122079
0.06115122	0.00645461	0.00160637
0.06115122	0.00713715	0.00197981
0.06115122	0.00769528	0.00234264
0.06115122	0.00811641	0.00269556
0.06115122	0.00838409	0.00303186
0.06115122	0.00849439	0.00331945
0.06115122	0.00850043	0.00350513
0.06115122	0.00848969	0.00356643
0.06115122	0.00847164	0.00362840
0.06115122	0.00837933	0.00379743
0.06115122	0.00813843	0.00400691
0.06115122	0.00772712	0.00417883
0.06115122	0.00716954	0.00429697
0.06115122	0.00648120	0.00434838
0.06115122	0.00567510	0.00431718
0.06115122	0.00476461	0.00419509
0.06115122	0.00376239	0.00397823
0.06115122	0.00268028	0.00366531
0.06115122	0.00152948	0.00325679
0.06115122	0.00032068	0.00275443
0.06115122	-0.00093586	0.00216108
0.06115122	-0.00223027	0.00148062
0.06115122	-0.00355308	0.00071783
0.06115122	-0.00489523	-0.00012180
0.06115122	-0.00624798	-0.00103240
0.06115122	-0.00760277	-0.00200841
0.06115122	-0.00895077	-0.00304591
0.06115122	-0.01028233	-0.00414456
0.06380488	-0.01167910	-0.00499539
0.06380488	-0.01009411	-0.00447268
0.06380488	-0.00853198	-0.00392082
0.06380488	-0.00699154	-0.00336673
0.06380488	-0.00547675	-0.00282468
0.06380488	-0.00399457	-0.00230118
0.06380488	-0.00255344	-0.00179845
0.06380488	-0.00116233	-0.00131652
0.06380488	0.00016979	-0.00085453
0.06380488	0.00143413	-0.00041126
0.06380488	0.00262228	0.00001457
0.06380488	0.00372617	0.00042422
0.06380488	0.00473806	0.00081894
0.06380488	0.00565046	0.00120001
0.06380488	0.00645590	0.00156884
0.06380488	0.00714646	0.00192711
0.06380488	0.00771281	0.00227688
0.06380488	0.00814195	0.00261994
0.06380488	0.00841848	0.00294900
0.06380488	0.00853559	0.00323375
0.06380488	0.00854302	0.00341927
0.06380488	0.00853197	0.00348051
0.06380488	0.00851328	0.00354217
0.06380488	0.00841829	0.00370928
0.06380488	0.00817518	0.00391550
0.06380488	0.00776498	0.00408832
0.06380488	0.00720953	0.00421153
0.06380488	0.00652312	0.00427143
0.06380488	0.00571809	0.00425193
0.06380488	0.00480744	0.00414433
0.06380488	0.00380359	0.00394438
0.06380488	0.00271825	0.00365054
0.06380488	0.00156252	0.00326308
0.06380488	0.00034698	0.00278365
0.06380488	-0.00091820	0.00221503
0.06380488	-0.00222323	0.00156104
0.06380488	-0.00355872	0.00082635
0.06380488	-0.00491563	0.00001636
0.06380488	-0.00628522	-0.00086327
0.06380488	-0.00765881	-0.00180729
0.06380488	-0.00902744	-0.00281216
0.06380488	-0.01038116	-0.00387816
0.06645854	-0.01176578	-0.00471334
0.06645854	-0.01017420	-0.00421800
0.06645854	-0.00860489	-0.00369334
0.06645854	-0.00705723	-0.00316594
0.06645854	-0.00553549	-0.00264986
0.06645854	-0.00404673	-0.00215144
0.06645854	-0.00259939	-0.00167281
0.06645854	-0.00120238	-0.00121398
0.06645854	0.00013536	-0.00077408
0.06645854	0.00140517	-0.00035190
0.06645854	0.00259869	0.00005384
0.06645854	0.00370795	0.00044439
0.06645854	0.00472530	0.00082101
0.06645854	0.00564334	0.00118501
0.06645854	0.00645470	0.00153790
0.06645854	0.00715158	0.00188160
0.06645854	0.00772462	0.00221869
0.06645854	0.00816042	0.00255213
0.06645854	0.00844475	0.00287381
0.06645854	0.00856771	0.00315554
0.06645854	0.00857555	0.00334070
0.06645854	0.00856375	0.00340172
0.06645854	0.00854399	0.00346283
0.06645854	0.00844524	0.00362702
0.06645854	0.00819909	0.00382824
0.06645854	0.00778981	0.00399994
0.06645854	0.00723696	0.00412663
0.06645854	0.00655336	0.00419358
0.06645854	0.00575068	0.00418445
0.06645854	0.00484146	0.00409010
0.06645854	0.00383789	0.00390587
0.06645854	0.00275152	0.00362993
0.06645854	0.00159334	0.00326237
0.06645854	0.00037383	0.00280471
0.06645854	-0.00089693	0.00225968
0.06645854	-0.00220925	0.00163104
0.06645854	-0.00355383	0.00092339
0.06645854	-0.00492169	0.00014202
0.06645854	-0.00630408	-0.00070757
0.06645854	-0.00769229	-0.00162040
0.06645854	-0.00907723	-0.00259329
0.06645854	-0.01044876	-0.00362708
0.06911220	-0.01181867	-0.00444583
0.06911220	-0.01022373	-0.00397607
0.06911220	-0.00865049	-0.00347686
0.06911220	-0.00709885	-0.00297445
0.06911220	-0.00557332	-0.00248264
0.06911220	-0.00408105	-0.00200762
0.06911220	-0.00263048	-0.00155146
0.06911220	-0.00123044	-0.00111417
0.06911220	0.00011021	-0.00069486
0.06911220	0.00138288	-0.00029236
0.06911220	0.00257932	0.00009457
0.06911220	0.00369163	0.00046718
0.06911220	0.00471227	0.00082669
0.06911220	0.00563394	0.00117446
0.06911220	0.00644939	0.00151206
0.06911220	0.00715091	0.00184161
0.06911220	0.00772921	0.00216622
0.06911220	0.00817058	0.00248996
0.06911220	0.00846133	0.00280440
0.06911220	0.00858872	0.00308315
0.06911220	0.00859603	0.00326775
0.06911220	0.00858322	0.00332840
0.06911220	0.00856214	0.00338876
0.06911220	0.00845940	0.00354944
0.06911220	0.00821031	0.00374490
0.06911220	0.00780203	0.00391409
0.06911220	0.00725221	0.00404265
0.06911220	0.00657229	0.00411520
0.06911220	0.00577318	0.00411513
0.06911220	0.00486694	0.00403283
0.06911220	0.00386547	0.00386320
0.06911220	0.00278019	0.00360407
0.06911220	0.00162194	0.00325532
0.06911220	0.00040111	0.00281838
0.06911220	-0.00087232	0.00229590
0.06911220	-0.00218878	0.00169158
0.06911220	-0.00353906	0.00100998
0.06911220	-0.00491422	0.00025626
0.06911220	-0.00630557	-0.00056422
0.06911220	-0.00770438	-0.00144668
0.06911220	-0.00910149	-0.00238830
0.06911220	-0.01048664	-0.00339038
0.07176585	-0.01183937	-0.00419199
0.07176585	-0.01024432	-0.00374613
0.07176585	-0.00867044	-0.00327072
0.07176585	-0.00711807	-0.00279167
0.07176585	-0.00559193	-0.00232254
0.07176585	-0.00409925	-0.00186941
0.07176585	-0.00264840	-0.00143426
0.07176585	-0.00124818	-0.00101711
0.07176585	0.00009266	-0.00061710
0.07176585	0.00136561	-0.00023309
0.07176585	0.00256251	0.00013612
0.07176585	0.00367558	0.00049174
0.07176585	0.00469737	0.00083499
0.07176585	0.00562069	0.00116721
0.07176585	0.00643841	0.00149004
0.07176585	0.00714299	0.00180574
0.07176585	0.00772519	0.00211790
0.07176585	0.00817109	0.00243166
0.07176585	0.00846670	0.00273921
0.07176585	0.00859699	0.00301514
0.07176585	0.00860314	0.00319896
0.07176585	0.00858923	0.00325911
0.07176585	0.00856686	0.00331859
0.07176585	0.00846052	0.00347557
0.07176585	0.00820917	0.00366521
0.07176585	0.00780222	0.00383099
0.07176585	0.00725588	0.00395995
0.07176585	0.00658046	0.00403673
0.07176585	0.00578608	0.00404447
0.07176585	0.00488430	0.00397305
0.07176585	0.00388670	0.00381691
0.07176585	0.00280452	0.00357355
0.07176585	0.00164847	0.00324262
0.07176585	0.00042884	0.00282542
0.07176585	-0.00084452	0.00232453
0.07176585	-0.00216213	0.00174358
0.07176585	-0.00351486	0.00108707
0.07176585	-0.00489389	0.00036008
0.07176585	-0.00629056	-0.00043217
0.07176585	-0.00769615	-0.00128512
0.07176585	-0.00910148	-0.00219621
0.07176585	-0.01049625	-0.00316713
0.07441951	-0.01182942	-0.00395100
0.07441951	-0.01023773	-0.00352748
0.07441951	-0.00866669	-0.00307434
0.07441951	-0.00711704	-0.00261717
0.07441951	-0.00559366	-0.00216930
0.07441951	-0.00410381	-0.00173670
0.07441951	-0.00265583	-0.00132132
0.07441951	-0.00125843	-0.00092315
0.07441951	0.00007973	-0.00054139
0.07441951	0.00135025	-0.00017492
0.07441951	0.00254507	0.00017742
0.07441951	0.00365649	0.00051679
0.07441951	0.00467720	0.00084438
0.07441951	0.00560012	0.00116152
0.07441951	0.00641827	0.00146986
0.07441951	0.00712426	0.00177177
0.07441951	0.00770908	0.00207114
0.07441951	0.00815867	0.00237427
0.07441951	0.00845697	0.00267583
0.07441951	0.00858793	0.00294944
0.07441951	0.00859240	0.00313221
0.07441951	0.00857754	0.00319179
0.07441951	0.00855420	0.00325039
0.07441951	0.00844560	0.00340411
0.07441951	0.00819353	0.00358901
0.07441951	0.00778865	0.00375139
0.07441951	0.00724628	0.00387929
0.07441951	0.00657621	0.00395880
0.07441951	0.00578777	0.00397292
0.07441951	0.00489197	0.00391108
0.07441951	0.00390005	0.00376724
0.07441951	0.00282304	0.00353854
0.07441951	0.00167151	0.00322442
0.07441951	0.00045563	0.00282601
0.07441951	-0.00081488	0.00234579
0.07441951	-0.00213064	0.00178735
0.07441951	-0.00348263	0.00115508
0.07441951	-0.00486211	0.00045399
0.07441951	-0.00626047	-0.00031085
0.07441951	-0.00766906	-0.00113503
0.07441951	-0.00907871	-0.00201625
0.07441951	-0.01047912	-0.00295653
0.07707317	-0.01179031	-0.00372204
0.07707317	-0.01020538	-0.00331937
0.07707317	-0.00864062	-0.00288701
0.07707317	-0.00709707	-0.00245028
0.07707317	-0.00557976	-0.00202232
0.07707317	-0.00409593	-0.00160901
0.07707317	-0.00265388	-0.00121226
0.07707317	-0.00126223	-0.00083208
0.07707317	0.00007046	-0.00046767
0.07707317	0.00133590	-0.00011795
0.07707317	0.00252614	0.00021821
0.07707317	0.00363359	0.00054192
0.07707317	0.00465104	0.00085435
0.07707317	0.00557155	0.00115680
0.07707317	0.00638830	0.00145090
0.07707317	0.00709411	0.00173905
0.07707317	0.00768025	0.00202532
0.07707317	0.00813266	0.00231711
0.07707317	0.00843189	0.00261331
0.07707317	0.00856192	0.00288485
0.07707317	0.00856481	0.00306631
0.07707317	0.00854935	0.00312528
0.07707317	0.00852549	0.00318307
0.07707317	0.00841613	0.00333423
0.07707317	0.00816489	0.00351565
0.07707317	0.00776291	0.00367494
0.07707317	0.00722508	0.00380080
0.07707317	0.00656115	0.00388184
0.07707317	0.00577977	0.00390112
0.07707317	0.00489135	0.00384765
0.07707317	0.00390679	0.00371497
0.07707317	0.00283687	0.00349989
0.07707317	0.00169201	0.00320161
0.07707317	0.00048223	0.00282108
0.07707317	-0.00078286	0.00236070
0.07707317	-0.00209401	0.00182392
0.07707317	-0.00344229	0.00121509
0.07707317	-0.00481905	0.00053907
0.07707317	-0.00621576	-0.00019915
0.07707317	-0.00762384	-0.00099536
0.07707317	-0.00903417	-0.00184744
0.07707317	-0.01043652	-0.00275767
0.07972683	-0.01172346	-0.00350435
0.07972683	-0.01014842	-0.00312099
0.07972683	-0.00859308	-0.00270788
0.07972683	-0.00705874	-0.00229012
0.07972683	-0.00555050	-0.00188075
0.07972683	-0.00407560	-0.00148554
0.07972683	-0.00264226	-0.00110638
0.07972683	-0.00125900	-0.00074327
0.07972683	0.00006571	-0.00039542
0.07972683	0.00132368	-0.00006177
0.07972683	0.00250709	0.00025880
0.07972683	0.00360844	0.00056738
0.07972683	0.00462065	0.00086512
0.07972683	0.00553692	0.00115330
0.07972683	0.00635056	0.00143351
0.07972683	0.00705465	0.00170814
0.07972683	0.00764078	0.00198130
0.07972683	0.00809506	0.00226133
0.07972683	0.00839453	0.00255191
0.07972683	0.00852371	0.00282087
0.07972683	0.00852595	0.00300076
0.07972683	0.00851035	0.00305914
0.07972683	0.00848644	0.00311623
0.07972683	0.00837748	0.00326536
0.07972683	0.00812806	0.00344398
0.07972683	0.00772960	0.00360036
0.07972683	0.00719693	0.00372400
0.07972683	0.00653987	0.00380603
0.07972683	0.00576645	0.00382969
0.07972683	0.00488656	0.00378370
0.07972683	0.00391073	0.00366127
0.07972683	0.00284949	0.00345892
0.07972683	0.00171307	0.00317561
0.07972683	0.00051136	0.00281215
0.07972683	-0.00074617	0.00237079
0.07972683	-0.00205037	0.00185489
0.07972683	-0.00339243	0.00126866
0.07972683	-0.00476377	0.00061688
0.07972683	-0.00615598	-0.00009561
0.07972683	-0.00756052	-0.00086474
0.07972683	-0.00896838	-0.00168855
0.07972683	-0.01036944	-0.00256952
0.08238049	-0.01163021	-0.00329714
0.08238049	-0.01006786	-0.00293159
0.08238049	-0.00852476	-0.00253622
0.08238049	-0.00700240	-0.00213603
0.08238049	-0.00550592	-0.00174395
0.08238049	-0.00404253	-0.00136571
0.08238049	-0.00262037	-0.00100317
0.08238049	-0.00124788	-0.00065630
0.08238049	0.00006660	-0.00032430
0.08238049	0.00131499	-0.00000609
0.08238049	0.00248955	0.00029944
0.08238049	0.00358292	0.00059341
0.08238049	0.00458811	0.00087694
0.08238049	0.00549846	0.00115130
0.08238049	0.00630745	0.00141808
0.08238049	0.00700835	0.00167963
0.08238049	0.00759314	0.00193998
0.08238049	0.00804827	0.00220812
0.08238049	0.00834813	0.00249208
0.08238049	0.00847784	0.00275740
0.08238049	0.00848088	0.00293544
0.08238049	0.00846560	0.00299327
0.08238049	0.00844205	0.00304977
0.08238049	0.00833425	0.00319718
0.08238049	0.00808713	0.00337314
0.08238049	0.00769263	0.00352661
0.08238049	0.00716574	0.00364838
0.08238049	0.00651621	0.00373136
0.08238049	0.00575151	0.00375899
0.08238049	0.00488108	0.00371985
0.08238049	0.00391511	0.00360692
0.08238049	0.00286385	0.00341651
0.08238049	0.00173737	0.00314741
0.08238049	0.00054537	0.00280026
0.08238049	-0.00070279	0.00237716
0.08238049	-0.00199809	0.00188136
0.08238049	-0.00333181	0.00131694
0.08238049	-0.00469547	0.00068854
0.08238049	-0.00608074	0.00000088
0.08238049	-0.00747916	-0.00074208
0.08238049	-0.00888185	-0.00153855
0.08238049	-0.01027882	-0.00239114
0.08503415	-0.01151181	-0.00309964
0.08503415	-0.00996460	-0.00275050
0.08503415	-0.00843619	-0.00237150
0.08503415	-0.00692820	-0.00198758
0.08503415	-0.00544581	-0.00161161
0.08503415	-0.00399619	-0.00124930
0.08503415	-0.00258738	-0.00090245
0.08503415	-0.00122771	-0.00057102
0.08503415	0.00007458	-0.00025414
0.08503415	0.00131151	0.00004926
0.08503415	0.00247545	0.00034034
0.08503415	0.00355916	0.00062024
0.08503415	0.00455576	0.00089010
0.08503415	0.00545871	0.00115120
0.08503415	0.00626163	0.00140512
0.08503415	0.00695802	0.00165416
0.08503415	0.00754017	0.00190229
0.08503415	0.00799506	0.00215877
0.08503415	0.00829593	0.00243470
0.08503415	0.00842818	0.00269499
0.08503415	0.00843350	0.00287091
0.08503415	0.00841887	0.00292821
0.08503415	0.00839592	0.00298415
0.08503415	0.00828951	0.00312980
0.08503415	0.00804472	0.00330269
0.08503415	0.00765447	0.00345301
0.08503415	0.00713397	0.00357347
0.08503415	0.00649255	0.00365759
0.08503415	0.00573725	0.00368898
0.08503415	0.00487709	0.00365621
0.08503415	0.00392193	0.00355217
0.08503415	0.00288180	0.00337301
0.08503415	0.00176654	0.00311739
0.08503415	0.00058568	0.00278582
0.08503415	-0.00065153	0.00238026
0.08503415	-0.00193621	0.00190381
0.08503415	-0.00325974	0.00136044
0.08503415	-0.00461374	0.00075464
0.08503415	-0.00598995	0.00009099
0.08503415	-0.00738002	-0.00062666
0.08503415	-0.00877518	-0.00139666
0.08503415	-0.01016563	-0.00222173
0.08768780	-0.01136952	-0.00291109
0.08768780	-0.00983957	-0.00257711
0.08768780	-0.00832798	-0.00221326
0.08768780	-0.00683647	-0.00184445
0.08768780	-0.00537021	-0.00148355
0.08768780	-0.00393632	-0.00113620
0.08768780	-0.00254274	-0.00080420
0.08768780	-0.00119771	-0.00048742
0.08768780	0.00009064	-0.00018499
0.08768780	0.00131445	0.00010425
0.08768780	0.00246621	0.00038149
0.08768780	0.00353877	0.00064791
0.08768780	0.00452537	0.00090469
0.08768780	0.00541958	0.00115313
0.08768780	0.00621518	0.00139482
0.08768780	0.00690582	0.00163203
0.08768780	0.00748414	0.00186868
0.08768780	0.00793767	0.00211404
0.08768780	0.00824032	0.00238034
0.08768780	0.00837732	0.00263401
0.08768780	0.00838629	0.00280750
0.08768780	0.00837257	0.00286425
0.08768780	0.00835031	0.00291962
0.08768780	0.00824516	0.00306323
0.08768780	0.00800246	0.00323229
0.08768780	0.00761669	0.00337918
0.08768780	0.00710314	0.00349894
0.08768780	0.00647039	0.00358450
0.08768780	0.00572508	0.00361958
0.08768780	0.00487590	0.00359285
0.08768780	0.00393242	0.00349716
0.08768780	0.00290442	0.00332863
0.08768780	0.00180152	0.00308583
0.08768780	0.00063310	0.00276915
0.08768780	-0.00059177	0.00238043
0.08768780	-0.00186430	0.00192265
0.08768780	-0.00317599	0.00139960
0.08768780	-0.00451855	0.00081567
0.08768780	-0.00588383	0.00017529
0.08768780	-0.00726357	-0.00051784
0.08768780	-0.00864913	-0.00126216
0.08768780	-0.01003087	-0.00206052
0.09034146	-0.01120461	-0.00273070
0.09034146	-0.00969400	-0.00241086
0.09034146	-0.00820128	-0.00206116
0.09034146	-0.00672827	-0.00170652
0.09034146	-0.00528013	-0.00135980
0.09034146	-0.00386389	-0.00102663
0.09034146	-0.00248741	-0.00070872
0.09034146	-0.00115881	-0.00040593
0.09034146	0.00011389	-0.00011730
0.09034146	0.00132295	0.00015836
0.09034146	0.00246097	0.00042233
0.09034146	0.00352091	0.00067582
0.09034146	0.00449612	0.00092007
0.09034146	0.00538029	0.00115641
0.09034146	0.00616733	0.00138645
0.09034146	0.00685107	0.00161244
0.09034146	0.00742442	0.00183823
0.09034146	0.00787558	0.00207288
0.09034146	0.00818031	0.00232831
0.09034146	0.00832341	0.00257403
0.09034146	0.00833700	0.00274471
0.09034146	0.00832437	0.00280088
0.09034146	0.00830291	0.00285566
0.09034146	0.00819905	0.00299706
0.09034146	0.00795856	0.00316203
0.09034146	0.00757766	0.00330555
0.09034146	0.00707161	0.00342500
0.09034146	0.00644811	0.00351213
0.09034146	0.00571344	0.00355074
0.09034146	0.00487601	0.00352963
0.09034146	0.00394512	0.00344174
0.09034146	0.00293029	0.00328321
0.09034146	0.00184096	0.00305254
0.09034146	0.00068631	0.00275008
0.09034146	-0.00052475	0.00237754
0.09034146	-0.00178356	0.00193776
0.09034146	-0.00308173	0.00143441
0.09034146	-0.00441108	0.00087172
0.09034146	-0.00576355	0.00025398
0.09034146	-0.00713100	-0.00041525
0.09034146	-0.00850491	-0.00113454
0.09034146	-0.00987580	-0.00190683
0.09299512	-0.01101838	-0.00255769
0.09299512	-0.00952915	-0.00225120
0.09299512	-0.00805737	-0.00191489
0.09299512	-0.00660490	-0.00157371
0.09299512	-0.00517687	-0.00124049
0.09299512	-0.00378022	-0.00092083
0.09299512	-0.00242273	-0.00061641
0.09299512	-0.00111238	-0.00032702
0.09299512	0.00014293	-0.00005165
0.09299512	0.00133557	0.00021099
0.09299512	0.00245825	0.00046221
0.09299512	0.00350406	0.00070329
0.09299512	0.00446647	0.00093551
0.09299512	0.00533929	0.00116026
0.09299512	0.00611655	0.00137913
0.09299512	0.00679225	0.00159439
0.09299512	0.00735958	0.00180976
0.09299512	0.00780746	0.00203389
0.09299512	0.00811405	0.00227765
0.09299512	0.00826356	0.00251448
0.09299512	0.00828224	0.00268197
0.09299512	0.00827084	0.00273750
0.09299512	0.00825029	0.00279167
0.09299512	0.00814804	0.00293087
0.09299512	0.00791033	0.00309207
0.09299512	0.00753492	0.00323277
0.09299512	0.00703694	0.00335206
0.09299512	0.00642328	0.00344066
0.09299512	0.00569996	0.00348246
0.09299512	0.00487512	0.00346647
0.09299512	0.00395781	0.00338577
0.09299512	0.00295732	0.00323656
0.09299512	0.00188285	0.00301736
0.09299512	0.00074339	0.00272844
0.09299512	-0.00045229	0.00237144
0.09299512	-0.00169571	0.00194906
0.09299512	-0.00297860	0.00146485
0.09299512	-0.00429288	0.00092287
0.09299512	-0.00563060	0.00032726
0.09299512	-0.00698373	-0.00031855
0.09299512	-0.00834388	-0.00101327
0.09299512	-0.00970173	-0.00176001
0.09564878	-0.01081209	-0.00239129
0.09564878	-0.00934632	-0.00209758
0.09564878	-0.00789755	-0.00177415
0.09564878	-0.00646767	-0.00144591
0.09564878	-0.00506177	-0.00112570
0.09564878	-0.00368670	-0.00081906
0.09564878	-0.00235011	-0.00052764
0.09564878	-0.00105987	-0.00025116
0.09564878	0.00017625	0.00001147
0.09564878	0.00135075	0.00026156
0.09564878	0.00245647	0.00050051
0.09564878	0.00348662	0.00072966
0.09564878	0.00443479	0.00095032
0.09564878	0.00529491	0.00116391
0.09564878	0.00606116	0.00137204
0.09564878	0.00672772	0.00157692
0.09564878	0.00728803	0.00178215
0.09564878	0.00773182	0.00199574
0.09564878	0.00803961	0.00222742
0.09564878	0.00819493	0.00245491
0.09564878	0.00821861	0.00261884
0.09564878	0.00820852	0.00267366
0.09564878	0.00818902	0.00272719
0.09564878	0.00808893	0.00286439
0.09564878	0.00785497	0.00302270
0.09564878	0.00748590	0.00316154
0.09564878	0.00699653	0.00328059
0.09564878	0.00639335	0.00337030
0.09564878	0.00568215	0.00341479
0.09564878	0.00487082	0.00340333
0.09564878	0.00396817	0.00332917
0.09564878	0.00298326	0.00318859
0.09564878	0.00192504	0.00298017
0.09564878	0.00080232	0.00270414
0.09564878	-0.00037633	0.00236208
0.09564878	-0.00160260	0.00195657
0.09564878	-0.00286833	0.00149100
0.09564878	-0.00416559	0.00096929
0.09564878	-0.00548653	0.00039543
0.09564878	-0.00682324	-0.00022732
0.09564878	-0.00816745	-0.00089784
0.09564878	-0.00951001	-0.00161939
0.09830244	-0.01058704	-0.00223070
0.09830244	-0.00914672	-0.00194944
0.09830244	-0.00772293	-0.00163857
0.09830244	-0.00631759	-0.00132297
0.09830244	-0.00493576	-0.00101542
0.09830244	-0.00358417	-0.00072144
0.09830244	-0.00227034	-0.00044261
0.09830244	-0.00100202	-0.00017860
0.09830244	0.00021317	0.00007172
0.09830244	0.00136787	0.00030975
0.09830244	0.00245504	0.00053691
0.09830244	0.00346803	0.00075459
0.09830244	0.00440057	0.00096415
0.09830244	0.00524670	0.00116701
0.09830244	0.00600076	0.00136478
0.09830244	0.00665710	0.00155960
0.09830244	0.00720945	0.00175488
0.09830244	0.00764837	0.00195789
0.09830244	0.00795645	0.00217744
0.09830244	0.00811654	0.00239546
0.09830244	0.00814481	0.00255554
0.09830244	0.00813606	0.00260955
0.09830244	0.00811770	0.00266240
0.09830244	0.00802043	0.00279784
0.09830244	0.00779128	0.00295425
0.09830244	0.00742941	0.00309222
0.09830244	0.00694919	0.00321082
0.09830244	0.00635713	0.00330117
0.09830244	0.00565881	0.00334782
0.09830244	0.00486193	0.00334029
0.09830244	0.00397504	0.00327203
0.09830244	0.00300695	0.00313946
0.09830244	0.00196639	0.00294119
0.09830244	0.00086194	0.00267747
0.09830244	-0.00029804	0.00234979
0.09830244	-0.00150538	0.00196064
0.09830244	-0.00275210	0.00151328
0.09830244	-0.00403039	0.00101147
0.09830244	-0.00533254	0.00045902
0.09830244	-0.00665074	-0.00014097
0.09830244	-0.00797686	-0.00078757
0.09830244	-0.00930189	-0.00148424
0.10095610	-0.01034454	-0.00207514
0.10095610	-0.00893138	-0.00180615
0.10095610	-0.00753430	-0.00150769
0.10095610	-0.00615524	-0.00120458
0.10095610	-0.00479917	-0.00090950
0.10095610	-0.00347273	-0.00062791
0.10095610	-0.00218332	-0.00036135
0.10095610	-0.00093853	-0.00010942
0.10095610	0.00025418	0.00012904
0.10095610	0.00138758	0.00035548
0.10095610	0.00245477	0.00057135
0.10095610	0.00344926	0.00077808
0.10095610	0.00436489	0.00097703
0.10095610	0.00519587	0.00116963
0.10095610	0.00593666	0.00135746
0.10095610	0.00658181	0.00154258
0.10095610	0.00712533	0.00172818
0.10095610	0.00755859	0.00192076
0.10095610	0.00786598	0.00212838
0.10095610	0.00802979	0.00233695
0.10095610	0.00806226	0.00249290
0.10095610	0.00805485	0.00254603
0.10095610	0.00803774	0.00259817
0.10095610	0.00794378	0.00273198
0.10095610	0.00772022	0.00288709
0.10095610	0.00736622	0.00302471
0.10095610	0.00689565	0.00314262
0.10095610	0.00631527	0.00323320
0.10095610	0.00563057	0.00328157
0.10095610	0.00484900	0.00327750
0.10095610	0.00397887	0.00321465
0.10095610	0.00302873	0.00308958
0.10095610	0.00200710	0.00290097
0.10095610	0.00092231	0.00264906
0.10095610	-0.00021747	0.00233530
0.10095610	-0.00140427	0.00196208
0.10095610	-0.00263026	0.00153253
0.10095610	-0.00388779	0.00105024
0.10095610	-0.00516927	0.00051888
0.10095610	-0.00646703	-0.00005866
0.10095610	-0.00777306	-0.00068163
0.10095610	-0.00907850	-0.00135374
0.10360976	-0.01008588	-0.00192382
0.10360976	-0.00870137	-0.00166708
0.10360976	-0.00733246	-0.00138109
0.10360976	-0.00598113	-0.00109046
0.10360976	-0.00465229	-0.00080778
0.10360976	-0.00335247	-0.00053842
0.10360976	-0.00208891	-0.00028386
0.10360976	-0.00086904	-0.00004366
0.10360976	0.00029981	0.00018337
0.10360976	0.00141058	0.00039870
0.10360976	0.00245655	0.00060381
0.10360976	0.00343134	0.00080011
0.10360976	0.00432895	0.00098898
0.10360976	0.00514372	0.00117183
0.10360976	0.00587030	0.00135018
0.10360976	0.00650339	0.00152599
0.10360976	0.00703730	0.00170225
0.10360976	0.00746412	0.00188472
0.10360976	0.00776974	0.00208092
0.10360976	0.00793620	0.00228021
0.10360976	0.00797249	0.00243183
0.10360976	0.00796646	0.00248399
0.10360976	0.00795066	0.00253535
0.10360976	0.00786037	0.00266757
0.10360976	0.00764289	0.00282156
0.10360976	0.00729720	0.00295887
0.10360976	0.00683668	0.00307580
0.10360976	0.00626855	0.00316630
0.10360976	0.00559813	0.00321604
0.10360976	0.00483264	0.00321509
0.10360976	0.00398017	0.00315731
0.10360976	0.00304902	0.00303939
0.10360976	0.00204745	0.00286007
0.10360976	0.00098358	0.00261960
0.10360976	-0.00013464	0.00231938
0.10360976	-0.00129943	0.00196171
0.10360976	-0.00250314	0.00154960
0.10360976	-0.00373827	0.00108651
0.10360976	-0.00499737	0.00057590
0.10360976	-0.00627292	0.00002050
0.10360976	-0.00755702	-0.00057918
0.10360976	-0.00884094	-0.00122708
0.10626341	-0.00981222	-0.00177599
0.10626341	-0.00845759	-0.00153164
0.10626341	-0.00711810	-0.00125831
0.10626341	-0.00579576	-0.00098033
0.10626341	-0.00449540	-0.00071011
0.10626341	-0.00322344	-0.00045291
0.10626341	-0.00198697	-0.00021014
0.10626341	-0.00079326	0.00001864
0.10626341	0.00035055	0.00023466
0.10626341	0.00143755	0.00043938
0.10626341	0.00246118	0.00063425
0.10626341	0.00341522	0.00082068
0.10626341	0.00429382	0.00100002
0.10626341	0.00509148	0.00117363
0.10626341	0.00580299	0.00134299
0.10626341	0.00642326	0.00150992
0.10626341	0.00694685	0.00167720
0.10626341	0.00736647	0.00185002
0.10626341	0.00766919	0.00203564
0.10626341	0.00783722	0.00222598
0.10626341	0.00787700	0.00237308
0.10626341	0.00787234	0.00242420
0.10626341	0.00785792	0.00247474
0.10626341	0.00777148	0.00260526
0.10626341	0.00756025	0.00275792
0.10626341	0.00722310	0.00289452
0.10626341	0.00677303	0.00301018
0.10626341	0.00621764	0.00310036
0.10626341	0.00556211	0.00315124
0.10626341	0.00481343	0.00315319
0.10626341	0.00397944	0.00310027
0.10626341	0.00306820	0.00298928
0.10626341	0.00208771	0.00281902
0.10626341	0.00104588	0.00258974
0.10626341	-0.00004956	0.00230278
0.10626341	-0.00119102	0.00196037
0.10626341	-0.00237103	0.00156539
0.10626341	-0.00358227	0.00112115
0.10626341	-0.00481742	0.00063096
0.10626341	-0.00606911	0.00009735
0.10626341	-0.00732957	-0.00047940
0.10626341	-0.00859022	-0.00110349
0.10891707	-0.00952348	-0.00163123
0.10891707	-0.00819994	-0.00139946
0.10891707	-0.00689106	-0.00113899
0.10891707	-0.00559889	-0.00087383
0.10891707	-0.00432823	-0.00061613
0.10891707	-0.00308533	-0.00037103
0.10891707	-0.00187715	-0.00013987
0.10891707	-0.00071076	0.00007781
0.10891707	0.00040686	0.00028321
0.10891707	0.00146898	0.00047778
0.10891707	0.00246921	0.00066293
0.10891707	0.00340149	0.00084002
0.10891707	0.00426015	0.00101037
0.10891707	0.00503982	0.00117525
0.10891707	0.00573546	0.00133607
0.10891707	0.00634216	0.00149455
0.10891707	0.00685475	0.00165324
0.10891707	0.00726645	0.00181691
0.10891707	0.00756523	0.00199275
0.10891707	0.00773388	0.00217446
0.10891707	0.00777685	0.00231687
0.10891707	0.00777358	0.00236687
0.10891707	0.00776056	0.00241651
0.10891707	0.00767799	0.00254514
0.10891707	0.00747302	0.00269599
0.10891707	0.00714454	0.00283130
0.10891707	0.00670531	0.00294549
0.10891707	0.00616317	0.00303516
0.10891707	0.00552313	0.00308702
0.10891707	0.00479196	0.00309174
0.10891707	0.00397725	0.00304355
0.10891707	0.00308681	0.00293937
0.10891707	0.00212840	0.00277802
0.10891707	0.00110970	0.00255974
0.10891707	0.00003822	0.00228583
0.10891707	-0.00107863	0.00195841
0.10891707	-0.00223358	0.00158028
0.10891707	-0.00341947	0.00115459
0.10891707	-0.00462914	0.00068449
0.10891707	-0.00585537	0.00017230
0.10891707	-0.00709053	-0.00038188
0.10891707	-0.00832618	-0.00098257
0.11157073	-0.00921896	-0.00148930
0.11157073	-0.00792772	-0.00127025
0.11157073	-0.00665069	-0.00102281
0.11157073	-0.00538995	-0.00077057
0.11157073	-0.00415021	-0.00052540
0.11157073	-0.00293762	-0.00029229
0.11157073	-0.00175894	-0.00007254
0.11157073	-0.00062107	0.00013433
0.11157073	0.00046919	0.00032950
0.11157073	0.00150532	0.00051435
0.11157073	0.00248109	0.00069025
0.11157073	0.00339061	0.00085850
0.11157073	0.00422837	0.00102033
0.11157073	0.00498918	0.00117695
0.11157073	0.00566815	0.00132968
0.11157073	0.00626055	0.00148010
0.11157073	0.00676146	0.00163059
0.11157073	0.00716453	0.00178560
0.11157073	0.00745850	0.00195231
0.11157073	0.00762704	0.00212557
0.11157073	0.00767299	0.00226309
0.11157073	0.00767109	0.00231189
0.11157073	0.00765945	0.00236056
0.11157073	0.00758066	0.00248701
0.11157073	0.00738180	0.00263542
0.11157073	0.00706210	0.00276878
0.11157073	0.00663414	0.00288135
0.11157073	0.00610576	0.00297043
0.11157073	0.00548184	0.00302319
0.11157073	0.00476891	0.00303060
0.11157073	0.00397429	0.00298707
0.11157073	0.00310554	0.00288960
0.11157073	0.00217021	0.00273706
0.11157073	0.00117572	0.00252964
0.11157073	0.00012941	0.00226859
0.11157073	-0.00096155	0.00195595
0.11157073	-0.00209007	0.00159440
0.11157073	-0.00324914	0.00118696
0.11157073	-0.00443180	0.00073662
0.11157073	-0.00563095	0.00024552
0.11157073	-0.00683914	-0.00028647
0.11157073	-0.00804807	-0.00086412
0.11422439	-0.00889792	-0.00134995
0.11422439	-0.00764026	-0.00114374
0.11422439	-0.00639635	-0.00090944
0.11422439	-0.00516831	-0.00067015
0.11422439	-0.00396077	-0.00043747
0.11422439	-0.00277975	-0.00021623
0.11422439	-0.00163181	-0.00000766
0.11422439	-0.00052368	0.00018871
0.11422439	0.00053807	0.00037401
0.11422439	0.00154708	0.00054955
0.11422439	0.00249732	0.00071664
0.11422439	0.00338308	0.00087648
0.11422439	0.00419901	0.00103023
0.11422439	0.00494009	0.00117902
0.11422439	0.00560158	0.00132404
0.11422439	0.00617895	0.00146679
0.11422439	0.00666750	0.00160948
0.11422439	0.00706125	0.00175632
0.11422439	0.00734968	0.00191436
0.11422439	0.00751756	0.00207922
0.11422439	0.00756634	0.00221162
0.11422439	0.00756580	0.00225913
0.11422439	0.00755553	0.00230674
0.11422439	0.00748029	0.00243066
0.11422439	0.00728727	0.00257585
0.11422439	0.00697641	0.00270651
0.11422439	0.00656016	0.00281740
0.11422439	0.00604611	0.00290587
0.11422439	0.00543895	0.00295952
0.11422439	0.00474498	0.00296959
0.11422439	0.00397127	0.00293069
0.11422439	0.00312514	0.00283990
0.11422439	0.00221388	0.00269607
0.11422439	0.00124472	0.00249940
0.11422439	0.00022476	0.00225106
0.11422439	-0.00083902	0.00195300
0.11422439	-0.00193971	0.00160779
0.11422439	-0.00307051	0.00121834
0.11422439	-0.00422461	0.00078746
0.11422439	-0.00539508	0.00031713
0.11422439	-0.00657464	-0.00019300
0.11422439	-0.00775515	-0.00074795
0.11687805	-0.00855963	-0.00121296
0.11687805	-0.00733689	-0.00101967
0.11687805	-0.00612746	-0.00079856
0.11687805	-0.00493349	-0.00057223
0.11687805	-0.00375952	-0.00035195
0.11687805	-0.00261140	-0.00014241
0.11687805	-0.00149552	0.00005522
0.11687805	-0.00041839	0.00024138
0.11687805	0.00061361	0.00041714
0.11687805	0.00159433	0.00058374
0.11687805	0.00251793	0.00074239
0.11687805	0.00337888	0.00089422
0.11687805	0.00417200	0.00104027
0.11687805	0.00489244	0.00118158
0.11687805	0.00553564	0.00131926
0.11687805	0.00609723	0.00145468
0.11687805	0.00657272	0.00158993
0.11687805	0.00695647	0.00172904
0.11687805	0.00723871	0.00187875
0.11687805	0.00740543	0.00203519
0.11687805	0.00745689	0.00216222
0.11687805	0.00745770	0.00220836
0.11687805	0.00744874	0.00225483
0.11687805	0.00737683	0.00237586
0.11687805	0.00718938	0.00251702
0.11687805	0.00688744	0.00264423
0.11687805	0.00648337	0.00275339
0.11687805	0.00598423	0.00284125
0.11687805	0.00539451	0.00289576
0.11687805	0.00472028	0.00290849
0.11687805	0.00396835	0.00287420
0.11687805	0.00314580	0.00279003
0.11687805	0.00225969	0.00265486
0.11687805	0.00131701	0.00246883
0.11687805	0.00032466	0.00223305
0.11687805	-0.00071059	0.00194941
0.11687805	-0.00178203	0.00162034
0.11687805	-0.00288303	0.00124863
0.11687805	-0.00400698	0.00083697
0.11687805	-0.00514712	0.00038714
0.11687805	-0.00629634	-0.00010139
0.11687805	-0.00744668	-0.00063390
0.11953171	-0.00820333	-0.00107807
0.11953171	-0.00701710	-0.00089782
0.11953171	-0.00584377	-0.00068994
0.11953171	-0.00468547	-0.00047653
0.11953171	-0.00354667	-0.00026855
0.11953171	-0.00243302	-0.00007053
0.11953171	-0.00135073	0.00011638
0.11953171	-0.00030609	0.00029258
0.11953171	0.00069475	0.00045910
0.11953171	0.00164583	0.00061706
0.11953171	0.00254150	0.00076759
0.11953171	0.00337645	0.00091170
0.11953171	0.00414565	0.00105035
0.11953171	0.00484444	0.00118445
0.11953171	0.00546842	0.00131503
0.11953171	0.00601340	0.00144334
0.11953171	0.00647510	0.00157136
0.11953171	0.00684816	0.00170300
0.11953171	0.00712352	0.00184469
0.11953171	0.00728833	0.00199289
0.11953171	0.00734197	0.00211444
0.11953171	0.00734403	0.00215911
0.11953171	0.00733634	0.00220433
0.11953171	0.00726769	0.00232220
0.11953171	0.00708592	0.00245895
0.11953171	0.00679318	0.00258230
0.11953171	0.00640181	0.00268950
0.11953171	0.00591824	0.00277656
0.11953171	0.00534675	0.00283179
0.11953171	0.00469315	0.00284704
0.11953171	0.00396403	0.00281722
0.11953171	0.00316619	0.00273956
0.11953171	0.00230646	0.00261291
0.11953171	0.00139161	0.00243738
0.11953171	0.00042832	0.00221403
0.11953171	-0.00057685	0.00194464
0.11953171	-0.00161739	0.00163156
0.11953171	-0.00268688	0.00127744
0.11953171	-0.00377889	0.00088484
0.11953171	-0.00488686	0.00045537
0.11953171	-0.00600384	-0.00001171
0.11953171	-0.00712208	-0.00052188
0.12218537	-0.00782825	-0.00094505
0.12218537	-0.00668039	-0.00077797
0.12218537	-0.00554504	-0.00058335
0.12218537	-0.00442430	-0.00038279
0.12218537	-0.00332252	-0.00018698
0.12218537	-0.00224517	-0.00000032
0.12218537	-0.00119823	0.00017608
0.12218537	-0.00018778	0.00034258
0.12218537	0.00078026	0.00050008
0.12218537	0.00170014	0.00064965
0.12218537	0.00256643	0.00079229
0.12218537	0.00337399	0.00092890
0.12218537	0.00411801	0.00106033
0.12218537	0.00479399	0.00118740
0.12218537	0.00539770	0.00131102
0.12218537	0.00592515	0.00143233
0.12218537	0.00637225	0.00155317
0.12218537	0.00673395	0.00167737
0.12218537	0.00700171	0.00181125
0.12218537	0.00716367	0.00195160
0.12218537	0.00721862	0.00206770
0.12218537	0.00722171	0.00211082
0.12218537	0.00721517	0.00215468
0.12218537	0.00714988	0.00226919
0.12218537	0.00697427	0.00240161
0.12218537	0.00669132	0.00252115
0.12218537	0.00631322	0.00262601
0.12218537	0.00584595	0.00271189
0.12218537	0.00529357	0.00276749
0.12218537	0.00466165	0.00278495
0.12218537	0.00395651	0.00275935
0.12218537	0.00318470	0.00268795
0.12218537	0.00235280	0.00256963
0.12218537	0.00146735	0.00240443
0.12218537	0.00053479	0.00219335
0.12218537	-0.00043853	0.00193808
0.12218537	-0.00144631	0.00164089
0.12218537	-0.00248235	0.00130429
0.12218537	-0.00354041	0.00093070
0.12218537	-0.00461413	0.00052157
0.12218537	-0.00569677	0.00007597
0.12218537	-0.00678078	-0.00041181
0.12483902	-0.00743362	-0.00081366
0.12483902	-0.00632614	-0.00065987
0.12483902	-0.00523081	-0.00047850
0.12483902	-0.00414967	-0.00029069
0.12483902	-0.00308692	-0.00010688
0.12483902	-0.00204784	0.00006864
0.12483902	-0.00103817	0.00023475
0.12483902	-0.00006374	0.00039174
0.12483902	0.00086973	0.00054045
0.12483902	0.00175674	0.00068182
0.12483902	0.00259208	0.00081673
0.12483902	0.00337079	0.00094599
0.12483902	0.00408827	0.00107033
0.12483902	0.00474020	0.00119047
0.12483902	0.00532254	0.00130719
0.12483902	0.00583147	0.00142154
0.12483902	0.00626313	0.00153521
0.12483902	0.00661275	0.00165190
0.12483902	0.00687225	0.00177806
0.12483902	0.00703044	0.00191092
0.12483902	0.00708572	0.00202170
0.12483902	0.00708956	0.00206318
0.12483902	0.00708399	0.00210557
0.12483902	0.00702215	0.00221653
0.12483902	0.00685337	0.00234482
0.12483902	0.00658092	0.00246083
0.12483902	0.00621669	0.00256291
0.12483902	0.00576649	0.00264713
0.12483902	0.00523418	0.00270266
0.12483902	0.00462506	0.00272195
0.12483902	0.00394518	0.00270022
0.12483902	0.00320083	0.00263480
0.12483902	0.00239832	0.00252455
0.12483902	0.00154395	0.00236948
0.12483902	0.00064392	0.00217051
0.12483902	-0.00029565	0.00192928
0.12483902	-0.00126868	0.00164791
0.12483902	-0.00226920	0.00132884
0.12483902	-0.00329118	0.00097431
0.12483902	-0.00432847	0.00058562
0.12483902	-0.00537455	0.00016164
0.12483902	-0.00642208	-0.00030357
0.12749268	-0.00701862	-0.00068365
0.12749268	-0.00595357	-0.00054324
0.12749268	-0.00490032	-0.00037504
0.12749268	-0.00386086	-0.00019981
0.12749268	-0.00283918	-0.00002777
0.12749268	-0.00184035	0.00013685
0.12749268	-0.00086988	0.00029290
0.12749268	0.00006667	0.00044061
0.12749268	0.00096380	0.00058071
0.12749268	0.00181627	0.00071404
0.12749268	0.00261907	0.00084136
0.12749268	0.00336747	0.00096338
0.12749268	0.00405705	0.00108072
0.12749268	0.00468369	0.00119399
0.12749268	0.00524354	0.00130387
0.12749268	0.00573297	0.00141129
0.12749268	0.00614832	0.00151782
0.12749268	0.00648514	0.00162700
0.12749268	0.00673573	0.00174547
0.12749268	0.00688947	0.00187098
0.12749268	0.00694438	0.00197649
0.12749268	0.00694872	0.00201627
0.12749268	0.00694394	0.00205706
0.12749268	0.00688550	0.00216418
0.12749268	0.00672401	0.00228833
0.12749268	0.00646271	0.00240088
0.12749268	0.00611299	0.00249978
0.12749268	0.00568065	0.00258190
0.12749268	0.00516937	0.00263696
0.12749268	0.00458419	0.00265770
0.12749268	0.00393086	0.00263952
0.12749268	0.00321540	0.00257977
0.12749268	0.00244386	0.00247733
0.12749268	0.00162226	0.00233220
0.12749268	0.00075658	0.00214522
0.12749268	-0.00014732	0.00191794
0.12749268	-0.00108362	0.00165241
0.12749268	-0.00204655	0.00135091
0.12749268	-0.00303032	0.00101557
0.12749268	-0.00402902	0.00064749
0.12749268	-0.00503633	0.00024536
0.12749268	-0.00604514	-0.00019700
0.13014634	-0.00658247	-0.00055480
0.13014634	-0.00556191	-0.00042782
0.13014634	-0.00455285	-0.00027265
0.13014634	-0.00355714	-0.00010976
0.13014634	-0.00257859	0.00005079
0.13014634	-0.00162202	0.00020479
0.13014634	-0.00069267	0.00035104
0.13014634	0.00020412	0.00048969
0.13014634	0.00106316	0.00062136
0.13014634	0.00187940	0.00074677
0.13014634	0.00264808	0.00086661
0.13014634	0.00336470	0.00098145
0.13014634	0.00402503	0.00109183
0.13014634	0.00462515	0.00119826
0.13014634	0.00516139	0.00130134
0.13014634	0.00563031	0.00140188
0.13014634	0.00602849	0.00150133
0.13014634	0.00635174	0.00160311
0.13014634	0.00659279	0.00171392
0.13014634	0.00674161	0.00183201
0.13014634	0.00679573	0.00193215
0.13014634	0.00680040	0.00197017
0.13014634	0.00679625	0.00200926
0.13014634	0.00674102	0.00211217
0.13014634	0.00658710	0.00223188
0.13014634	0.00633751	0.00234084
0.13014634	0.00600293	0.00243621
0.13014634	0.00558925	0.00251584
0.13014634	0.00509998	0.00257004
0.13014634	0.00453987	0.00259186
0.13014634	0.00391440	0.00257685
0.13014634	0.00322928	0.00252247
0.13014634	0.00249029	0.00242761
0.13014634	0.00170318	0.00229222
0.13014634	0.00087365	0.00211711
0.13014634	0.00000733	0.00190376
0.13014634	-0.00089023	0.00165411
0.13014634	-0.00181352	0.00137032
0.13014634	-0.00275697	0.00105436
0.13014634	-0.00371492	0.00070716
0.13014634	-0.00468128	0.00032721
0.13014634	-0.00564917	-0.00009193
0.13280000	-0.00612499	-0.00042707
0.13280000	-0.00515095	-0.00031356
0.13280000	-0.00418813	-0.00017127
0.13280000	-0.00323823	-0.00002045
0.13280000	-0.00230483	0.00012890
0.13280000	-0.00139249	0.00027257
0.13280000	-0.00050618	0.00040929
0.13280000	0.00034905	0.00053910
0.13280000	0.00116823	0.00066252
0.13280000	0.00194660	0.00078016
0.13280000	0.00267961	0.00089260
0.13280000	0.00336299	0.00100033
0.13280000	0.00399273	0.00110380
0.13280000	0.00456511	0.00120344
0.13280000	0.00507665	0.00129975
0.13280000	0.00552409	0.00139347
0.13280000	0.00590423	0.00148594
0.13280000	0.00621313	0.00158049
0.13280000	0.00644401	0.00168374
0.13280000	0.00658751	0.00179423
0.13280000	0.00664062	0.00188885
0.13280000	0.00664549	0.00192503
0.13280000	0.00664184	0.00196233
0.13280000	0.00658958	0.00206063
0.13280000	0.00644334	0.00217541
0.13280000	0.00620593	0.00228049
0.13280000	0.00588712	0.00237199
0.13280000	0.00549292	0.00244876
0.13280000	0.00502661	0.00250174
0.13280000	0.00449271	0.00252427
0.13280000	0.00389637	0.00251211
0.13280000	0.00324302	0.00246279
0.13280000	0.00253814	0.00237524
0.13280000	0.00178721	0.00224942
0.13280000	0.00099563	0.00208609
0.13280000	0.00016876	0.00188665
0.13280000	-0.00068811	0.00165294
0.13280000	-0.00156973	0.00138701
0.13280000	-0.00247079	0.00109065
0.13280000	-0.00338587	0.00076463
0.13280000	-0.00430913	0.00040719
0.13280000	-0.00523392	0.00001164
0.13480695	-0.00576494	-0.00033127
0.13480695	-0.00482738	-0.00022796
0.13480695	-0.00390087	-0.00009532
0.13480695	-0.00298693	0.00004653
0.13480695	-0.00208898	0.00018760
0.13480695	-0.00121136	0.00032366
0.13480695	-0.00035883	0.00045335
0.13480695	0.00046377	0.00057663
0.13480695	0.00125169	0.00069393
0.13480695	0.00200034	0.00080580
0.13480695	0.00270538	0.00091273
0.13480695	0.00336269	0.00101515
0.13480695	0.00396843	0.00111345
0.13480695	0.00451904	0.00120799
0.13480695	0.00501118	0.00129923
0.13480695	0.00544175	0.00138784
0.13480695	0.00580768	0.00147510
0.13480695	0.00610524	0.00156432
0.13480695	0.00632800	0.00166192
0.13480695	0.00646721	0.00176659
0.13480695	0.00651944	0.00185690
0.13480695	0.00652443	0.00189164
0.13480695	0.00652108	0.00192753
0.13480695	0.00647090	0.00202208
0.13480695	0.00633048	0.00213273
0.13480695	0.00610253	0.00223457
0.13480695	0.00579607	0.00232294
0.13480695	0.00541711	0.00239735
0.13480695	0.00496880	0.00244917
0.13480695	0.00445544	0.00247202
0.13480695	0.00388197	0.00246180
0.13480695	0.00325356	0.00241612
0.13480695	0.00257549	0.00233395
0.13480695	0.00185300	0.00221525
0.13480695	0.00109128	0.00206076
0.13480695	0.00029546	0.00187183
0.13480695	-0.00052937	0.00165022
0.13480695	-0.00137816	0.00139787
0.13480695	-0.00224582	0.00111648
0.13480695	-0.00312710	0.00080664
0.13480695	-0.00401636	0.00046643
0.13480695	-0.00490715	0.00008896
0.13679190	-0.00539701	-0.00023723
0.13679190	-0.00449662	-0.00014403
0.13679190	-0.00360710	-0.00002086
0.13679190	-0.00272983	0.00011225
0.13679190	-0.00186801	0.00024530
0.13679190	-0.00102577	0.00037399
0.13679190	-0.00020766	0.00049688
0.13679190	0.00058170	0.00061384
0.13679190	0.00133777	0.00072521
0.13679190	0.00205615	0.00083146
0.13679190	0.00273268	0.00093301
0.13679190	0.00336344	0.00103025
0.13679190	0.00394473	0.00112348
0.13679190	0.00447316	0.00121303
0.13679190	0.00494553	0.00129931
0.13679190	0.00535888	0.00138293
0.13679190	0.00571030	0.00146513
0.13679190	0.00599622	0.00154917
0.13679190	0.00621061	0.00164127
0.13679190	0.00634533	0.00174015
0.13679190	0.00639661	0.00182608
0.13679190	0.00640170	0.00185936
0.13679190	0.00639864	0.00189380
0.13679190	0.00635040	0.00198444
0.13679190	0.00621566	0.00209059
0.13679190	0.00599724	0.00218888
0.13679190	0.00570334	0.00227399
0.13679190	0.00533988	0.00234589
0.13679190	0.00490990	0.00239641
0.13679190	0.00441746	0.00241941
0.13679190	0.00386727	0.00241093
0.13679190	0.00326430	0.00236870
0.13679190	0.00261358	0.00229173
0.13679190	0.00192011	0.00217998
0.13679190	0.00118887	0.00203419
0.13679190	0.00042478	0.00185564
0.13679190	-0.00036731	0.00164602
0.13679190	-0.00118256	0.00140718
0.13679190	-0.00201606	0.00114068
0.13679190	-0.00286279	0.00084698
0.13679190	-0.00371727	0.00052397
0.13679190	-0.00457326	0.00016456
0.13873313	-0.00502591	-0.00014598
0.13873313	-0.00416289	-0.00006270
0.13873313	-0.00331059	0.00005129
0.13873313	-0.00247021	0.00017597
0.13873313	-0.00164474	0.00030133
0.13873313	-0.00083810	0.00042296
0.13873313	-0.00005461	0.00053934
0.13873313	0.00070132	0.00065024
0.13873313	0.00142535	0.00075593
0.13873313	0.00211329	0.00085679
0.13873313	0.00276116	0.00095317
0.13873313	0.00336521	0.00104540
0.13873313	0.00392191	0.00113374
0.13873313	0.00442802	0.00121847
0.13873313	0.00488049	0.00129995
0.13873313	0.00527651	0.00137876
0.13873313	0.00561329	0.00145608
0.13873313	0.00588744	0.00153518
0.13873313	0.00609331	0.00162199
0.13873313	0.00622337	0.00171521
0.13873313	0.00627365	0.00179676
0.13873313	0.00627883	0.00182858
0.13873313	0.00627603	0.00186155
0.13873313	0.00622961	0.00194818
0.13873313	0.00610038	0.00204953
0.13873313	0.00589139	0.00214394
0.13873313	0.00561011	0.00222572
0.13873313	0.00526223	0.00229502
0.13873313	0.00485065	0.00234409
0.13873313	0.00437925	0.00236707
0.13873313	0.00385249	0.00236014
0.13873313	0.00327511	0.00232115
0.13873313	0.00265192	0.00224914
0.13873313	0.00198769	0.00214411
0.13873313	0.00128718	0.00200677
0.13873313	0.00055505	0.00183836
0.13873313	-0.00020402	0.00164049
0.13873313	-0.00098543	0.00141491
0.13873313	-0.00178447	0.00116306
0.13873313	-0.00259631	0.00088526
0.13873313	-0.00341568	0.00057922
0.13873313	-0.00423650	0.00023762
0.14060934	-0.00465672	-0.00005850
0.14060934	-0.00383079	0.00001517
0.14060934	-0.00301543	0.00012034
0.14060934	-0.00221167	0.00023699
0.14060934	-0.00142230	0.00035503
0.14060934	-0.00065100	0.00046998
0.14060934	0.00009812	0.00058021
0.14060934	0.00082087	0.00068539
0.14060934	0.00151310	0.00078569
0.14060934	0.00217083	0.00088142
0.14060934	0.00279025	0.00097290
0.14060934	0.00336779	0.00106036
0.14060934	0.00390009	0.00114404
0.14060934	0.00438404	0.00122416
0.14060934	0.00481675	0.00130106
0.14060934	0.00519554	0.00137527
0.14060934	0.00551777	0.00144795
0.14060934	0.00578018	0.00152237
0.14060934	0.00597747	0.00160418
0.14060934	0.00610276	0.00169199
0.14060934	0.00615195	0.00176924
0.14060934	0.00615721	0.00179960
0.14060934	0.00615466	0.00183112
0.14060934	0.00610996	0.00191371
0.14060934	0.00598603	0.00201010
0.14060934	0.00578627	0.00210036
0.14060934	0.00551749	0.00217875
0.14060934	0.00518505	0.00224538
0.14060934	0.00479173	0.00229290
0.14060934	0.00434118	0.00231568
0.14060934	0.00383768	0.00231011
0.14060934	0.00328573	0.00227410
0.14060934	0.00268989	0.00220679
0.14060934	0.00205472	0.00210817
0.14060934	0.00138475	0.00197894
0.14060934	0.00068443	0.00182031
0.14060934	-0.00004180	0.00163381
0.14060934	-0.00078952	0.00142110
0.14060934	-0.00155425	0.00118350
0.14060934	-0.00233135	0.00092117
0.14060934	-0.00311574	0.00063164
0.14060934	-0.00390152	0.00030739
0.14240000	-0.00429482	0.00002432
0.14240000	-0.00350516	0.00008879
0.14240000	-0.00272596	0.00018558
0.14240000	-0.00195805	0.00029464
0.14240000	-0.00120400	0.00040583
0.14240000	-0.00046729	0.00051452
0.14240000	0.00024819	0.00061899
0.14240000	0.00093846	0.00071882
0.14240000	0.00159957	0.00081408
0.14240000	0.00222774	0.00090502
0.14240000	0.00281932	0.00099188
0.14240000	0.00337092	0.00107487
0.14240000	0.00387933	0.00115416
0.14240000	0.00434159	0.00122995
0.14240000	0.00475496	0.00130253
0.14240000	0.00511688	0.00137240
0.14240000	0.00542483	0.00144070
0.14240000	0.00567570	0.00151074
0.14240000	0.00586451	0.00158789
0.14240000	0.00598495	0.00167064
0.14240000	0.00603294	0.00174375
0.14240000	0.00603827	0.00177269
0.14240000	0.00603596	0.00180279
0.14240000	0.00599291	0.00188141
0.14240000	0.00587405	0.00197278
0.14240000	0.00568320	0.00205870
0.14240000	0.00542662	0.00213369
0.14240000	0.00510928	0.00219762
0.14240000	0.00473379	0.00224349
0.14240000	0.00430366	0.00226595
0.14240000	0.00382291	0.00226152
0.14240000	0.00329585	0.00222824
0.14240000	0.00272680	0.00216529
0.14240000	0.00212011	0.00207272
0.14240000	0.00148008	0.00195118
0.14240000	0.00081095	0.00180186
0.14240000	0.00011694	0.00162622
0.14240000	-0.00059774	0.00142583
0.14240000	-0.00132880	0.00120189
0.14240000	-0.00207180	0.00095441
0.14240000	-0.00282183	0.00068076
0.14240000	-0.00357318	0.00037319
0.14408548	-0.00394573	0.00010165
0.14408548	-0.00319101	0.00015742
0.14408548	-0.00244664	0.00024636
0.14408548	-0.00171328	0.00034836
0.14408548	-0.00099328	0.00045317
0.14408548	-0.00028991	0.00055609
0.14408548	0.00039316	0.00065524
0.14408548	0.00105214	0.00075012
0.14408548	0.00168327	0.00084074
0.14408548	0.00228294	0.00092725
0.14408548	0.00284770	0.00100984
0.14408548	0.00337430	0.00108868
0.14408548	0.00385969	0.00116390
0.14408548	0.00430106	0.00123566
0.14408548	0.00469577	0.00130423
0.14408548	0.00504142	0.00137007
0.14408548	0.00533560	0.00143429
0.14408548	0.00557532	0.00150026
0.14408548	0.00575588	0.00157313
0.14408548	0.00587147	0.00165123
0.14408548	0.00591813	0.00172046
0.14408548	0.00592349	0.00174803
0.14408548	0.00592140	0.00177676
0.14408548	0.00587994	0.00185156
0.14408548	0.00576593	0.00193802
0.14408548	0.00558356	0.00201955
0.14408548	0.00533869	0.00209115
0.14408548	0.00503587	0.00215237
0.14408548	0.00467757	0.00219655
0.14408548	0.00426709	0.00221855
0.14408548	0.00380827	0.00221506
0.14408548	0.00330520	0.00218423
0.14408548	0.00276199	0.00212530
0.14408548	0.00218277	0.00203833
0.14408548	0.00157163	0.00192400
0.14408548	0.00093260	0.00178342
0.14408548	0.00026970	0.00161801
0.14408548	-0.00041306	0.00142925
0.14408548	-0.00111160	0.00121821
0.14408548	-0.00182163	0.00098478
0.14408548	-0.00253845	0.00072617
0.14408548	-0.00325652	0.00043440
0.14564731	-0.00361500	0.00017274
0.14564731	-0.00289335	0.00022043
0.14564731	-0.00218197	0.00030210
0.14564731	-0.00148133	0.00039762
0.14564731	-0.00079357	0.00049661
0.14564731	-0.00012177	0.00059424
0.14564731	0.00053060	0.00068856
0.14564731	0.00115994	0.00077895
0.14564731	0.00176268	0.00086533
0.14564731	0.00233538	0.00094781
0.14564731	0.00287474	0.00102651
0.14564731	0.00337767	0.00110156
0.14564731	0.00384126	0.00117306
0.14564731	0.00426282	0.00124115
0.14564731	0.00463987	0.00130603
0.14564731	0.00497009	0.00136817
0.14564731	0.00525122	0.00142865
0.14564731	0.00548036	0.00149088
0.14564731	0.00565303	0.00155988
0.14564731	0.00576388	0.00163380
0.14564731	0.00580909	0.00169948
0.14564731	0.00581442	0.00172576
0.14564731	0.00581252	0.00175319
0.14564731	0.00577260	0.00182438
0.14564731	0.00566318	0.00190618
0.14564731	0.00548877	0.00198340
0.14564731	0.00525496	0.00205168
0.14564731	0.00496587	0.00211025
0.14564731	0.00462382	0.00215271
0.14564731	0.00423194	0.00217415
0.14564731	0.00379389	0.00217140
0.14564731	0.00331354	0.00214274
0.14564731	0.00279482	0.00208744
0.14564731	0.00224164	0.00200561
0.14564731	0.00165789	0.00189790
0.14564731	0.00104741	0.00176540
0.14564731	0.00041402	0.00160948
0.14564731	-0.00023845	0.00143151
0.14564731	-0.00090611	0.00123247
0.14564731	-0.00158485	0.00101212
0.14564731	-0.00227013	0.00076751
0.14564731	-0.00295657	0.00049048
0.14706838	-0.00330812	0.00023693
0.14706838	-0.00261829	0.00027704
0.14706838	-0.00193866	0.00035194
0.14706838	-0.00126951	0.00044144
0.14706838	-0.00061280	0.00053504
0.14706838	0.00002861	0.00062779
0.14706838	0.00065143	0.00071764
0.14706838	0.00125224	0.00080386
0.14706838	0.00182765	0.00088631
0.14706838	0.00237437	0.00096504
0.14706838	0.00288929	0.00104011
0.14706838	0.00336943	0.00111160
0.14706838	0.00381204	0.00117959
0.14706838	0.00421455	0.00124415
0.14706838	0.00457461	0.00130547
0.14706838	0.00489002	0.00136392
0.14706838	0.00515866	0.00142044
0.14706838	0.00537679	0.00148196
0.14706838	0.00554097	0.00154950
0.14706838	0.00564705	0.00161977
0.14706838	0.00569137	0.00168169
0.14706838	0.00569681	0.00170669
0.14706838	0.00569501	0.00173287
0.14706838	0.00565581	0.00180014
0.14706838	0.00555052	0.00187712
0.14706838	0.00538447	0.00195179
0.14706838	0.00516211	0.00201934
0.14706838	0.00488598	0.00207412
0.14706838	0.00455944	0.00211379
0.14706838	0.00418541	0.00213368
0.14706838	0.00376735	0.00213078
0.14706838	0.00330892	0.00210343
0.14706838	0.00281383	0.00205097
0.14706838	0.00228581	0.00197349
0.14706838	0.00172852	0.00187163
0.14706838	0.00114563	0.00174644
0.14706838	0.00054076	0.00159921
0.14706838	-0.00008245	0.00143122
0.14706838	-0.00072027	0.00124336
0.14706838	-0.00136876	0.00103524
0.14706838	-0.00202354	0.00080376
0.14706838	-0.00267938	0.00054058
0.14833313	-0.00303065	0.00029358
0.14833313	-0.00237654	0.00032560
0.14833313	-0.00173270	0.00039341
0.14833313	-0.00109913	0.00047661
0.14833313	-0.00047749	0.00056456
0.14833313	0.00012957	0.00065214
0.14833313	0.00071900	0.00073719
0.14833313	0.00128759	0.00081890
0.14833313	0.00183214	0.00089703
0.14833313	0.00234956	0.00097156
0.14833313	0.00283688	0.00104251
0.14833313	0.00329133	0.00110990
0.14833313	0.00371029	0.00117372
0.14833313	0.00409136	0.00123397
0.14833313	0.00443234	0.00129069
0.14833313	0.00473122	0.00134398
0.14833313	0.00498614	0.00139416
0.14833313	0.00519262	0.00145191
0.14833313	0.00534406	0.00152425
0.14833313	0.00543427	0.00160363
0.14833313	0.00546559	0.00166867
0.14833313	0.00546872	0.00169273
0.14833313	0.00546738	0.00171757
0.14833313	0.00543959	0.00178612
0.14833313	0.00535102	0.00187168
0.14833313	0.00519802	0.00195030
0.14833313	0.00498670	0.00201059
0.14833313	0.00472405	0.00205477
0.14833313	0.00441435	0.00208553
0.14833313	0.00406022	0.00209860
0.14833313	0.00366475	0.00209119
0.14833313	0.00323127	0.00206165
0.14833313	0.00276317	0.00200930
0.14833313	0.00226388	0.00193414
0.14833313	0.00173684	0.00183669
0.14833313	0.00118546	0.00171786
0.14833313	0.00061314	0.00157881
0.14833313	0.00002332	0.00142068
0.14833313	-0.00058048	0.00124417
0.14833313	-0.00119448	0.00104875
0.14833313	-0.00181448	0.00083108
0.14833313	-0.00243535	0.00058258
0.14942769	-0.00278755	0.00034218
0.14942769	-0.00217670	0.00036513
0.14942769	-0.00157636	0.00042495
0.14942769	-0.00098605	0.00050100
0.14942769	-0.00040709	0.00058245
0.14942769	0.00015819	0.00066403
0.14942769	0.00070700	0.00074343
0.14942769	0.00123641	0.00081975
0.14942769	0.00174343	0.00089269
0.14942769	0.00222521	0.00096213
0.14942769	0.00267900	0.00102804
0.14942769	0.00310221	0.00109034
0.14942769	0.00349244	0.00114897
0.14942769	0.00384748	0.00120380
0.14942769	0.00416529	0.00125471
0.14942769	0.00444407	0.00130150
0.14942769	0.00468015	0.00135370
0.14942769	0.00486661	0.00142480
0.14942769	0.00499787	0.00150941
0.14942769	0.00506985	0.00159507
0.14942769	0.00509278	0.00165848
0.14942769	0.00509530	0.00168095
0.14942769	0.00509490	0.00170413
0.14942769	0.00507659	0.00177076
0.14942769	0.00500666	0.00186158
0.14942769	0.00487244	0.00194875
0.14942769	0.00467891	0.00201498
0.14942769	0.00443352	0.00204991
0.14942769	0.00414400	0.00206487
0.14942769	0.00381390	0.00206509
0.14942769	0.00344585	0.00204809
0.14942769	0.00304271	0.00201230
0.14942769	0.00260748	0.00195693
0.14942769	0.00214320	0.00188183
0.14942769	0.00165299	0.00178732
0.14942769	0.00113994	0.00167408
0.14942769	0.00060722	0.00154305
0.14942769	0.00005799	0.00139512
0.14942769	-0.00050444	0.00123080
0.14942769	-0.00107653	0.00104929
0.14942769	-0.00165422	0.00084701
0.14942769	-0.00223247	0.00061498
0.15034007	-0.00258295	0.00038235
0.15034007	-0.00202450	0.00039509
0.15034007	-0.00147684	0.00044576
0.15034007	-0.00093895	0.00051351
0.15034007	-0.00041170	0.00058732
0.15034007	0.00010297	0.00066177
0.15034007	0.00060260	0.00073443
0.15034007	0.00108454	0.00080429
0.15034007	0.00154612	0.00087096
0.15034007	0.00198474	0.00093427
0.15034007	0.00239791	0.00099413
0.15034007	0.00278329	0.00105040
0.15034007	0.00313870	0.00110295
0.15034007	0.00346213	0.00115160
0.15034007	0.00375177	0.00119612
0.15034007	0.00400393	0.00124717
0.15034007	0.00421309	0.00131567
0.15034007	0.00437486	0.00139833
0.15034007	0.00448485	0.00148842
0.15034007	0.00454271	0.00157241
0.15034007	0.00456149	0.00163097
0.15034007	0.00456410	0.00165139
0.15034007	0.00456465	0.00167253
0.15034007	0.00455344	0.00173463
0.15034007	0.00450001	0.00182446
0.15034007	0.00438599	0.00191532
0.15034007	0.00421397	0.00198720
0.15034007	0.00399205	0.00202963
0.15034007	0.00372800	0.00203650
0.15034007	0.00342739	0.00202105
0.15034007	0.00309270	0.00199189
0.15034007	0.00272631	0.00194768
0.15034007	0.00233077	0.00188763
0.15034007	0.00190875	0.00181148
0.15034007	0.00146294	0.00171932
0.15034007	0.00099614	0.00161162
0.15034007	0.00051116	0.00148903
0.15034007	0.00001089	0.00135219
0.15034007	-0.00050164	0.00120132
0.15034007	-0.00102313	0.00103535
0.15034007	-0.00154971	0.00085037
0.15034007	-0.00207646	0.00063699
0.15106029	-0.00242034	0.00041380
0.15106029	-0.00192205	0.00041551
0.15106029	-0.00143483	0.00045604
0.15106029	-0.00095705	0.00051445
0.15106029	-0.00048907	0.00057958
0.15106029	-0.00003243	0.00064588
0.15106029	0.00041081	0.00071081
0.15106029	0.00083835	0.00077327
0.15106029	0.00124784	0.00083279
0.15106029	0.00163697	0.00088917
0.15106029	0.00200356	0.00094225
0.15106029	0.00234553	0.00099191
0.15106029	0.00266095	0.00103797
0.15106029	0.00294787	0.00108174
0.15106029	0.00320231	0.00113494
0.15106029	0.00342110	0.00120002
0.15106029	0.00360108	0.00127582
0.15106029	0.00373890	0.00135945
0.15106029	0.00383182	0.00144485
0.15106029	0.00388121	0.00152078
0.15106029	0.00389852	0.00157256
0.15106029	0.00390149	0.00159058
0.15106029	0.00390288	0.00160933
0.15106029	0.00389651	0.00166510
0.15106029	0.00385474	0.00174807
0.15106029	0.00375767	0.00183385
0.15106029	0.00360709	0.00190306
0.15106029	0.00341116	0.00194743
0.15106029	0.00317684	0.00196351
0.15106029	0.00290969	0.00194990
0.15106029	0.00261355	0.00191106
0.15106029	0.00228949	0.00185966
0.15106029	0.00193956	0.00179595
0.15106029	0.00156600	0.00171966
0.15106029	0.00117114	0.00163079
0.15106029	0.00075741	0.00152964
0.15106029	0.00032726	0.00141664
0.15106029	-0.00011674	0.00129218
0.15106029	-0.00057186	0.00115620
0.15106029	-0.00103510	0.00100735
0.15106029	-0.00150279	0.00084139
0.15106029	-0.00197013	0.00064849
0.15158043	-0.00229781	0.00043750
0.15158043	-0.00186225	0.00042799
0.15158043	-0.00143802	0.00045805
0.15158043	-0.00102288	0.00050670
0.15158043	-0.00061667	0.00056271
0.15158043	-0.00022049	0.00062043
0.15158043	0.00016399	0.00067723
0.15158043	0.00053483	0.00073192
0.15158043	0.00089001	0.00078401
0.15158043	0.00122755	0.00083324
0.15158043	0.00154556	0.00087947
0.15158043	0.00184216	0.00092376
0.15158043	0.00211438	0.00097238
0.15158043	0.00236011	0.00102699
0.15158043	0.00257721	0.00108806
0.15158043	0.00276344	0.00115545
0.15158043	0.00291647	0.00122819
0.15158043	0.00303399	0.00130408
0.15158043	0.00311424	0.00137865
0.15158043	0.00315845	0.00144365
0.15158043	0.00317524	0.00148795
0.15158043	0.00317853	0.00150346
0.15158043	0.00318049	0.00151966
0.15158043	0.00317692	0.00156825
0.15158043	0.00314175	0.00164071
0.15158043	0.00305657	0.00171404
0.15158043	0.00292487	0.00177201
0.15158043	0.00275456	0.00180974
0.15158043	0.00255128	0.00182605
0.15158043	0.00231908	0.00182079
0.15158043	0.00206116	0.00179439
0.15158043	0.00178016	0.00174794
0.15158043	0.00147799	0.00168446
0.15158043	0.00115532	0.00161068
0.15158043	0.00081400	0.00152726
0.15158043	0.00045609	0.00143440
0.15158043	0.00008371	0.00133240
0.15158043	-0.00030093	0.00122147
0.15158043	-0.00069542	0.00110133
0.15158043	-0.00109704	0.00097037
0.15158043	-0.00150237	0.00082407
0.15158043	-0.00190675	0.00065222
0.15200000	-0.00186205	0.00053921
0.15200000	-0.00152324	0.00049775
0.15200000	-0.00119810	0.00050375
0.15200000	-0.00088242	0.00053289
0.15200000	-0.00057385	0.00057221
0.15200000	-0.00027441	0.00061528
0.15200000	0.00001578	0.00065962
0.15200000	0.00029531	0.00070442
0.15200000	0.00056261	0.00074970
0.15200000	0.00081605	0.00079582
0.15200000	0.00105405	0.00084327
0.15200000	0.00127502	0.00089249
0.15200000	0.00147744	0.00094384
0.15200000	0.00165982	0.00099750
0.15200000	0.00182068	0.00105346
0.15200000	0.00195858	0.00111140
0.15200000	0.00207204	0.00117062
0.15200000	0.00215960	0.00122976
0.15200000	0.00222013	0.00128619
0.15200000	0.00225414	0.00133487
0.15200000	0.00226720	0.00136817
0.15200000	0.00226969	0.00137988
0.15200000	0.00227106	0.00139207
0.15200000	0.00226714	0.00142842
0.15200000	0.00223655	0.00148055
0.15200000	0.00216803	0.00153001
0.15200000	0.00206661	0.00156769
0.15200000	0.00193779	0.00159218
0.15200000	0.00178493	0.00160351
0.15200000	0.00161038	0.00160188
0.15200000	0.00141606	0.00158759
0.15200000	0.00120367	0.00156109
0.15200000	0.00097479	0.00152299
0.15200000	0.00073092	0.00147406
0.15200000	0.00047354	0.00141519
0.15200000	0.00020410	0.00134733
0.15200000	-0.00007591	0.00127135
0.15200000	-0.00036492	0.00118788
0.15200000	-0.00066113	0.00109679
0.15200000	-0.00096218	0.00099635
0.15200000	-0.00126521	0.00088107
0.15200000	-0.00156517	0.00073860
