1	2	40	39
2	3	41	40
3	4	42	41
4	5	43	42
5	6	44	43
6	7	45	44
7	8	46	45
8	9	47	46
9	10	48	47
10	11	49	48
11	12	50	49
12	13	51	50
13	14	52	51
14	15	53	52
15	16	54	53
16	17	55	54
17	18	56	55
18	19	57	56
19	20	58	57
20	21	59	58
21	22	60	59
22	23	61	60
23	24	62	61
24	25	63	62
25	26	64	63
26	27	65	64
27	28	66	65
28	29	67	66
29	30	68	67
30	31	69	68
31	32	70	69
32	33	71	70
33	34	72	71
34	35	73	72
35	36	74	73
36	37	75	74
37	38	76	75
38	1	39	76
39	40	78	77
40	41	79	78
41	42	80	79
42	43	81	80
43	44	82	81
44	45	83	82
45	46	84	83
46	47	85	84
47	48	86	85
48	49	87	86
49	50	88	87
50	51	89	88
51	52	90	89
52	53	91	90
53	54	92	91
54	55	93	92
55	56	94	93
56	57	95	94
57	58	96	95
58	59	97	96
59	60	98	97
60	61	99	98
61	62	100	99
62	63	101	100
63	64	102	101
64	65	103	102
65	66	104	103
66	67	105	104
67	68	106	105
68	69	107	106
69	70	108	107
70	71	109	108
71	72	110	109
72	73	111	110
73	74	112	111
74	75	113	112
75	76	114	113
76	39	77	114
77	78	116	115
78	79	117	116
79	80	118	117
80	81	119	118
81	82	120	119
82	83	121	120
83	84	122	121
84	85	123	122
85	86	124	123
86	87	125	124
87	88	126	125
88	89	127	126
89	90	128	127
90	91	129	128
91	92	130	129
92	93	131	130
93	94	132	131
94	95	133	132
95	96	134	133
96	97	135	134
97	98	136	135
98	99	137	136
99	100	138	137
100	101	139	138
101	102	140	139
102	103	141	140
103	104	142	141
104	105	143	142
105	106	144	143
106	107	145	144
107	108	146	145
108	109	147	146
109	110	148	147
110	111	149	148
111	112	150	149
112	113	151	150
113	114	152	151
114	77	115	152
115	116	154	153
116	117	155	154
117	118	156	155
118	119	157	156
119	120	158	157
120	121	159	158
121	122	160	159
122	123	161	160
123	124	162	161
124	125	163	162
125	126	164	163
126	127	165	164
127	128	166	165
128	129	167	166
129	130	168	167
130	131	169	168
131	132	170	169
132	133	171	170
133	134	172	171
134	135	173	172
135	136	174	173
136	137	175	174
137	138	176	175
138	139	177	176
139	140	178	177
140	141	179	178
141	142	180	179
142	143	181	180
143	144	182	181
144	145	183	182
145	146	184	183
146	147	185	184
147	148	186	185
148	149	187	186
149	150	188	187
150	151	189	188
151	152	190	189
152	115	153	190
153	154	192	191
154	155	193	192
155	156	194	193
156	157	195	194
157	158	196	195
158	159	197	196
159	160	198	197
160	161	199	198
161	162	200	199
162	163	201	200
163	164	202	201
164	165	203	202
165	166	204	203
166	167	205	204
167	168	206	205
168	169	207	206
169	170	208	207
170	171	209	208
171	172	210	209
172	173	211	210
173	174	212	211
174	175	213	212
175	176	214	213
176	177	215	214
177	178	216	215
178	179	217	216
179	180	218	217
180	181	219	218
181	182	220	219
182	183	221	220
183	184	222	221
184	185	223	222
185	186	224	223
186	187	225	224
187	188	226	225
188	189	227	226
189	190	228	227
190	153	191	228
191	192	230	229
192	193	231	230
193	194	232	231
194	195	233	232
195	196	234	233
196	197	235	234
197	198	236	235
198	199	237	236
199	200	238	237
200	201	239	238
201	202	240	239
202	203	241	240
203	204	242	241
204	205	243	242
205	206	244	243
206	207	245	244
207	208	246	245
208	209	247	246
209	210	248	247
210	211	249	248
211	212	250	249
212	213	251	250
213	214	252	251
214	215	253	252
215	216	254	253
216	217	255	254
217	218	256	255
218	219	257	256
219	220	258	257
220	221	259	258
221	222	260	259
222	223	261	260
223	224	262	261
224	225	263	262
225	226	264	263
226	227	265	264
227	228	266	265
228	191	229	266
229	230	268	267
230	231	269	268
231	232	270	269
232	233	271	270
233	234	272	271
234	235	273	272
235	236	274	273
236	237	275	274
237	238	276	275
238	239	277	276
239	240	278	277
240	241	279	278
241	242	280	279
242	243	281	280
243	244	282	281
244	245	283	282
245	246	284	283
246	247	285	284
247	248	286	285
248	249	287	286
249	250	288	287
250	251	289	288
251	252	290	289
252	253	291	290
253	254	292	291
254	255	293	292
255	256	294	293
256	257	295	294
257	258	296	295
258	259	297	296
259	260	298	297
260	261	299	298
261	262	300	299
262	263	301	300
263	264	302	301
264	265	303	302
265	266	304	303
266	229	267	304
267	268	306	305
268	269	307	306
269	270	308	307
270	271	309	308
271	272	310	309
272	273	311	310
273	274	312	311
274	275	313	312
275	276	314	313
276	277	315	314
277	278	316	315
278	279	317	316
279	280	318	317
280	281	319	318
281	282	320	319
282	283	321	320
283	284	322	321
284	285	323	322
285	286	324	323
286	287	325	324
287	288	326	325
288	289	327	326
289	290	328	327
290	291	329	328
291	292	330	329
292	293	331	330
293	294	332	331
294	295	333	332
295	296	334	333
296	297	335	334
297	298	336	335
298	299	337	336
299	300	338	337
300	301	339	338
301	302	340	339
302	303	341	340
303	304	342	341
304	267	305	342
305	306	344	343
306	307	345	344
307	308	346	345
308	309	347	346
309	310	348	347
310	311	349	348
311	312	350	349
312	313	351	350
313	314	352	351
314	315	353	352
315	316	354	353
316	317	355	354
317	318	356	355
318	319	357	356
319	320	358	357
320	321	359	358
321	322	360	359
322	323	361	360
323	324	362	361
324	325	363	362
325	326	364	363
326	327	365	364
327	328	366	365
328	329	367	366
329	330	368	367
330	331	369	368
331	332	370	369
332	333	371	370
333	334	372	371
334	335	373	372
335	336	374	373
336	337	375	374
337	338	376	375
338	339	377	376
339	340	378	377
340	341	379	378
341	342	380	379
342	305	343	380
343	344	382	381
344	345	383	382
345	346	384	383
346	347	385	384
347	348	386	385
348	349	387	386
349	350	388	387
350	351	389	388
351	352	390	389
352	353	391	390
353	354	392	391
354	355	393	392
355	356	394	393
356	357	395	394
357	358	396	395
358	359	397	396
359	360	398	397
360	361	399	398
361	362	400	399
362	363	401	400
363	364	402	401
364	365	403	402
365	366	404	403
366	367	405	404
367	368	406	405
368	369	407	406
369	370	408	407
370	371	409	408
371	372	410	409
372	373	411	410
373	374	412	411
374	375	413	412
375	376	414	413
376	377	415	414
377	378	416	415
378	379	417	416
379	380	418	417
380	343	381	418
381	382	420	419
382	383	421	420
383	384	422	421
384	385	423	422
385	386	424	423
386	387	425	424
387	388	426	425
388	389	427	426
389	390	428	427
390	391	429	428
391	392	430	429
392	393	431	430
393	394	432	431
394	395	433	432
395	396	434	433
396	397	435	434
397	398	436	435
398	399	437	436
399	400	438	437
400	401	439	438
401	402	440	439
402	403	441	440
403	404	442	441
404	405	443	442
405	406	444	443
406	407	445	444
407	408	446	445
408	409	447	446
409	410	448	447
410	411	449	448
411	412	450	449
412	413	451	450
413	414	452	451
414	415	453	452
415	416	454	453
416	417	455	454
417	418	456	455
418	381	419	456
419	420	458	457
420	421	459	458
421	422	460	459
422	423	461	460
423	424	462	461
424	425	463	462
425	426	464	463
426	427	465	464
427	428	466	465
428	429	467	466
429	430	468	467
430	431	469	468
431	432	470	469
432	433	471	470
433	434	472	471
434	435	473	472
435	436	474	473
436	437	475	474
437	438	476	475
438	439	477	476
439	440	478	477
440	441	479	478
441	442	480	479
442	443	481	480
443	444	482	481
444	445	483	482
445	446	484	483
446	447	485	484
447	448	486	485
448	449	487	486
449	450	488	487
450	451	489	488
451	452	490	489
452	453	491	490
453	454	492	491
454	455	493	492
455	456	494	493
456	419	457	494
457	458	496	495
458	459	497	496
459	460	498	497
460	461	499	498
461	462	500	499
462	463	501	500
463	464	502	501
464	465	503	502
465	466	504	503
466	467	505	504
467	468	506	505
468	469	507	506
469	470	508	507
470	471	509	508
471	472	510	509
472	473	511	510
473	474	512	511
474	475	513	512
475	476	514	513
476	477	515	514
477	478	516	515
478	479	517	516
479	480	518	517
480	481	519	518
481	482	520	519
482	483	521	520
483	484	522	521
484	485	523	522
485	486	524	523
486	487	525	524
487	488	526	525
488	489	527	526
489	490	528	527
490	491	529	528
491	492	530	529
492	493	531	530
493	494	532	531
494	457	495	532
495	496	534	533
496	497	535	534
497	498	536	535
498	499	537	536
499	500	538	537
500	501	539	538
501	502	540	539
502	503	541	540
503	504	542	541
504	505	543	542
505	506	544	543
506	507	545	544
507	508	546	545
508	509	547	546
509	510	548	547
510	511	549	548
511	512	550	549
512	513	551	550
513	514	552	551
514	515	553	552
515	516	554	553
516	517	555	554
517	518	556	555
518	519	557	556
519	520	558	557
520	521	559	558
521	522	560	559
522	523	561	560
523	524	562	561
524	525	563	562
525	526	564	563
526	527	565	564
527	528	566	565
528	529	567	566
529	530	568	567
530	531	569	568
531	532	570	569
532	495	533	570
533	534	572	571
534	535	573	572
535	536	574	573
536	537	575	574
537	538	576	575
538	539	577	576
539	540	578	577
540	541	579	578
541	542	580	579
542	543	581	580
543	544	582	581
544	545	583	582
545	546	584	583
546	547	585	584
547	548	586	585
548	549	587	586
549	550	588	587
550	551	589	588
551	552	590	589
552	553	591	590
553	554	592	591
554	555	593	592
555	556	594	593
556	557	595	594
557	558	596	595
558	559	597	596
559	560	598	597
560	561	599	598
561	562	600	599
562	563	601	600
563	564	602	601
564	565	603	602
565	566	604	603
566	567	605	604
567	568	606	605
568	569	607	606
569	570	608	607
570	533	571	608
571	572	610	609
572	573	611	610
573	574	612	611
574	575	613	612
575	576	614	613
576	577	615	614
577	578	616	615
578	579	617	616
579	580	618	617
580	581	619	618
581	582	620	619
582	583	621	620
583	584	622	621
584	585	623	622
585	586	624	623
586	587	625	624
587	588	626	625
588	589	627	626
589	590	628	627
590	591	629	628
591	592	630	629
592	593	631	630
593	594	632	631
594	595	633	632
595	596	634	633
596	597	635	634
597	598	636	635
598	599	637	636
599	600	638	637
600	601	639	638
601	602	640	639
602	603	641	640
603	604	642	641
604	605	643	642
605	606	644	643
606	607	645	644
607	608	646	645
608	571	609	646
609	610	648	647
610	611	649	648
611	612	650	649
612	613	651	650
613	614	652	651
614	615	653	652
615	616	654	653
616	617	655	654
617	618	656	655
618	619	657	656
619	620	658	657
620	621	659	658
621	622	660	659
622	623	661	660
623	624	662	661
624	625	663	662
625	626	664	663
626	627	665	664
627	628	666	665
628	629	667	666
629	630	668	667
630	631	669	668
631	632	670	669
632	633	671	670
633	634	672	671
634	635	673	672
635	636	674	673
636	637	675	674
637	638	676	675
638	639	677	676
639	640	678	677
640	641	679	678
641	642	680	679
642	643	681	680
643	644	682	681
644	645	683	682
645	646	684	683
646	609	647	684
647	648	686	685
648	649	687	686
649	650	688	687
650	651	689	688
651	652	690	689
652	653	691	690
653	654	692	691
654	655	693	692
655	656	694	693
656	657	695	694
657	658	696	695
658	659	697	696
659	660	698	697
660	661	699	698
661	662	700	699
662	663	701	700
663	664	702	701
664	665	703	702
665	666	704	703
666	667	705	704
667	668	706	705
668	669	707	706
669	670	708	707
670	671	709	708
671	672	710	709
672	673	711	710
673	674	712	711
674	675	713	712
675	676	714	713
676	677	715	714
677	678	716	715
678	679	717	716
679	680	718	717
680	681	719	718
681	682	720	719
682	683	721	720
683	684	722	721
684	647	685	722
685	686	724	723
686	687	725	724
687	688	726	725
688	689	727	726
689	690	728	727
690	691	729	728
691	692	730	729
692	693	731	730
693	694	732	731
694	695	733	732
695	696	734	733
696	697	735	734
697	698	736	735
698	699	737	736
699	700	738	737
700	701	739	738
701	702	740	739
702	703	741	740
703	704	742	741
704	705	743	742
705	706	744	743
706	707	745	744
707	708	746	745
708	709	747	746
709	710	748	747
710	711	749	748
711	712	750	749
712	713	751	750
713	714	752	751
714	715	753	752
715	716	754	753
716	717	755	754
717	718	756	755
718	719	757	756
719	720	758	757
720	721	759	758
721	722	760	759
722	685	723	760
723	724	762	761
724	725	763	762
725	726	764	763
726	727	765	764
727	728	766	765
728	729	767	766
729	730	768	767
730	731	769	768
731	732	770	769
732	733	771	770
733	734	772	771
734	735	773	772
735	736	774	773
736	737	775	774
737	738	776	775
738	739	777	776
739	740	778	777
740	741	779	778
741	742	780	779
742	743	781	780
743	744	782	781
744	745	783	782
745	746	784	783
746	747	785	784
747	748	786	785
748	749	787	786
749	750	788	787
750	751	789	788
751	752	790	789
752	753	791	790
753	754	792	791
754	755	793	792
755	756	794	793
756	757	795	794
757	758	796	795
758	759	797	796
759	760	798	797
760	723	761	798
761	762	800	799
762	763	801	800
763	764	802	801
764	765	803	802
765	766	804	803
766	767	805	804
767	768	806	805
768	769	807	806
769	770	808	807
770	771	809	808
771	772	810	809
772	773	811	810
773	774	812	811
774	775	813	812
775	776	814	813
776	777	815	814
777	778	816	815
778	779	817	816
779	780	818	817
780	781	819	818
781	782	820	819
782	783	821	820
783	784	822	821
784	785	823	822
785	786	824	823
786	787	825	824
787	788	826	825
788	789	827	826
789	790	828	827
790	791	829	828
791	792	830	829
792	793	831	830
793	794	832	831
794	795	833	832
795	796	834	833
796	797	835	834
797	798	836	835
798	761	799	836
799	800	838	837
800	801	839	838
801	802	840	839
802	803	841	840
803	804	842	841
804	805	843	842
805	806	844	843
806	807	845	844
807	808	846	845
808	809	847	846
809	810	848	847
810	811	849	848
811	812	850	849
812	813	851	850
813	814	852	851
814	815	853	852
815	816	854	853
816	817	855	854
817	818	856	855
818	819	857	856
819	820	858	857
820	821	859	858
821	822	860	859
822	823	861	860
823	824	862	861
824	825	863	862
825	826	864	863
826	827	865	864
827	828	866	865
828	829	867	866
829	830	868	867
830	831	869	868
831	832	870	869
832	833	871	870
833	834	872	871
834	835	873	872
835	836	874	873
836	799	837	874
837	838	876	875
838	839	877	876
839	840	878	877
840	841	879	878
841	842	880	879
842	843	881	880
843	844	882	881
844	845	883	882
845	846	884	883
846	847	885	884
847	848	886	885
848	849	887	886
849	850	888	887
850	851	889	888
851	852	890	889
852	853	891	890
853	854	892	891
854	855	893	892
855	856	894	893
856	857	895	894
857	858	896	895
858	859	897	896
859	860	898	897
860	861	899	898
861	862	900	899
862	863	901	900
863	864	902	901
864	865	903	902
865	866	904	903
866	867	905	904
867	868	906	905
868	869	907	906
869	870	908	907
870	871	909	908
871	872	910	909
872	873	911	910
873	874	912	911
874	837	875	912
875	876	914	913
876	877	915	914
877	878	916	915
878	879	917	916
879	880	918	917
880	881	919	918
881	882	920	919
882	883	921	920
883	884	922	921
884	885	923	922
885	886	924	923
886	887	925	924
887	888	926	925
888	889	927	926
889	890	928	927
890	891	929	928
891	892	930	929
892	893	931	930
893	894	932	931
894	895	933	932
895	896	934	933
896	897	935	934
897	898	936	935
898	899	937	936
899	900	938	937
900	901	939	938
901	902	940	939
902	903	941	940
903	904	942	941
904	905	943	942
905	906	944	943
906	907	945	944
907	908	946	945
908	909	947	946
909	910	948	947
910	911	949	948
911	912	950	949
912	875	913	950
913	914	952	951
914	915	953	952
915	916	954	953
916	917	955	954
917	918	956	955
918	919	957	956
919	920	958	957
920	921	959	958
921	922	960	959
922	923	961	960
923	924	962	961
924	925	963	962
925	926	964	963
926	927	965	964
927	928	966	965
928	929	967	966
929	930	968	967
930	931	969	968
931	932	970	969
932	933	971	970
933	934	972	971
934	935	973	972
935	936	974	973
936	937	975	974
937	938	976	975
938	939	977	976
939	940	978	977
940	941	979	978
941	942	980	979
942	943	981	980
943	944	982	981
944	945	983	982
945	946	984	983
946	947	985	984
947	948	986	985
948	949	987	986
949	950	988	987
950	913	951	988
951	952	990	989
952	953	991	990
953	954	992	991
954	955	993	992
955	956	994	993
956	957	995	994
957	958	996	995
958	959	997	996
959	960	998	997
960	961	999	998
961	962	1000	999
962	963	1001	1000
963	964	1002	1001
964	965	1003	1002
965	966	1004	1003
966	967	1005	1004
967	968	1006	1005
968	969	1007	1006
969	970	1008	1007
970	971	1009	1008
971	972	1010	1009
972	973	1011	1010
973	974	1012	1011
974	975	1013	1012
975	976	1014	1013
976	977	1015	1014
977	978	1016	1015
978	979	1017	1016
979	980	1018	1017
980	981	1019	1018
981	982	1020	1019
982	983	1021	1020
983	984	1022	1021
984	985	1023	1022
985	986	1024	1023
986	987	1025	1024
987	988	1026	1025
988	951	989	1026
989	990	1028	1027
990	991	1029	1028
991	992	1030	1029
992	993	1031	1030
993	994	1032	1031
994	995	1033	1032
995	996	1034	1033
996	997	1035	1034
997	998	1036	1035
998	999	1037	1036
999	1000	1038	1037
1000	1001	1039	1038
1001	1002	1040	1039
1002	1003	1041	1040
1003	1004	1042	1041
1004	1005	1043	1042
1005	1006	1044	1043
1006	1007	1045	1044
1007	1008	1046	1045
1008	1009	1047	1046
1009	1010	1048	1047
1010	1011	1049	1048
1011	1012	1050	1049
1012	1013	1051	1050
1013	1014	1052	1051
1014	1015	1053	1052
1015	1016	1054	1053
1016	1017	1055	1054
1017	1018	1056	1055
1018	1019	1057	1056
1019	1020	1058	1057
1020	1021	1059	1058
1021	1022	1060	1059
1022	1023	1061	1060
1023	1024	1062	1061
1024	1025	1063	1062
1025	1026	1064	1063
1026	989	1027	1064
1027	1028	1066	1065
1028	1029	1067	1066
1029	1030	1068	1067
1030	1031	1069	1068
1031	1032	1070	1069
1032	1033	1071	1070
1033	1034	1072	1071
1034	1035	1073	1072
1035	1036	1074	1073
1036	1037	1075	1074
1037	1038	1076	1075
1038	1039	1077	1076
1039	1040	1078	1077
1040	1041	1079	1078
1041	1042	1080	1079
1042	1043	1081	1080
1043	1044	1082	1081
1044	1045	1083	1082
1045	1046	1084	1083
1046	1047	1085	1084
1047	1048	1086	1085
1048	1049	1087	1086
1049	1050	1088	1087
1050	1051	1089	1088
1051	1052	1090	1089
1052	1053	1091	1090
1053	1054	1092	1091
1054	1055	1093	1092
1055	1056	1094	1093
1056	1057	1095	1094
1057	1058	1096	1095
1058	1059	1097	1096
1059	1060	1098	1097
1060	1061	1099	1098
1061	1062	1100	1099
1062	1063	1101	1100
1063	1064	1102	1101
1064	1027	1065	1102
1065	1066	1104	1103
1066	1067	1105	1104
1067	1068	1106	1105
1068	1069	1107	1106
1069	1070	1108	1107
1070	1071	1109	1108
1071	1072	1110	1109
1072	1073	1111	1110
1073	1074	1112	1111
1074	1075	1113	1112
1075	1076	1114	1113
1076	1077	1115	1114
1077	1078	1116	1115
1078	1079	1117	1116
1079	1080	1118	1117
1080	1081	1119	1118
1081	1082	1120	1119
1082	1083	1121	1120
1083	1084	1122	1121
1084	1085	1123	1122
1085	1086	1124	1123
1086	1087	1125	1124
1087	1088	1126	1125
1088	1089	1127	1126
1089	1090	1128	1127
1090	1091	1129	1128
1091	1092	1130	1129
1092	1093	1131	1130
1093	1094	1132	1131
1094	1095	1133	1132
1095	1096	1134	1133
1096	1097	1135	1134
1097	1098	1136	1135
1098	1099	1137	1136
1099	1100	1138	1137
1100	1101	1139	1138
1101	1102	1140	1139
1102	1065	1103	1140
1103	1104	1142	1141
1104	1105	1143	1142
1105	1106	1144	1143
1106	1107	1145	1144
1107	1108	1146	1145
1108	1109	1147	1146
1109	1110	1148	1147
1110	1111	1149	1148
1111	1112	1150	1149
1112	1113	1151	1150
1113	1114	1152	1151
1114	1115	1153	1152
1115	1116	1154	1153
1116	1117	1155	1154
1117	1118	1156	1155
1118	1119	1157	1156
1119	1120	1158	1157
1120	1121	1159	1158
1121	1122	1160	1159
1122	1123	1161	1160
1123	1124	1162	1161
1124	1125	1163	1162
1125	1126	1164	1163
1126	1127	1165	1164
1127	1128	1166	1165
1128	1129	1167	1166
1129	1130	1168	1167
1130	1131	1169	1168
1131	1132	1170	1169
1132	1133	1171	1170
1133	1134	1172	1171
1134	1135	1173	1172
1135	1136	1174	1173
1136	1137	1175	1174
1137	1138	1176	1175
1138	1139	1177	1176
1139	1140	1178	1177
1140	1103	1141	1178
1141	1142	1180	1179
1142	1143	1181	1180
1143	1144	1182	1181
1144	1145	1183	1182
1145	1146	1184	1183
1146	1147	1185	1184
1147	1148	1186	1185
1148	1149	1187	1186
1149	1150	1188	1187
1150	1151	1189	1188
1151	1152	1190	1189
1152	1153	1191	1190
1153	1154	1192	1191
1154	1155	1193	1192
1155	1156	1194	1193
1156	1157	1195	1194
1157	1158	1196	1195
1158	1159	1197	1196
1159	1160	1198	1197
1160	1161	1199	1198
1161	1162	1200	1199
1162	1163	1201	1200
1163	1164	1202	1201
1164	1165	1203	1202
1165	1166	1204	1203
1166	1167	1205	1204
1167	1168	1206	1205
1168	1169	1207	1206
1169	1170	1208	1207
1170	1171	1209	1208
1171	1172	1210	1209
1172	1173	1211	1210
1173	1174	1212	1211
1174	1175	1213	1212
1175	1176	1214	1213
1176	1177	1215	1214
1177	1178	1216	1215
1178	1141	1179	1216
1179	1180	1218	1217
1180	1181	1219	1218
1181	1182	1220	1219
1182	1183	1221	1220
1183	1184	1222	1221
1184	1185	1223	1222
1185	1186	1224	1223
1186	1187	1225	1224
1187	1188	1226	1225
1188	1189	1227	1226
1189	1190	1228	1227
1190	1191	1229	1228
1191	1192	1230	1229
1192	1193	1231	1230
1193	1194	1232	1231
1194	1195	1233	1232
1195	1196	1234	1233
1196	1197	1235	1234
1197	1198	1236	1235
1198	1199	1237	1236
1199	1200	1238	1237
1200	1201	1239	1238
1201	1202	1240	1239
1202	1203	1241	1240
1203	1204	1242	1241
1204	1205	1243	1242
1205	1206	1244	1243
1206	1207	1245	1244
1207	1208	1246	1245
1208	1209	1247	1246
1209	1210	1248	1247
1210	1211	1249	1248
1211	1212	1250	1249
1212	1213	1251	1250
1213	1214	1252	1251
1214	1215	1253	1252
1215	1216	1254	1253
1216	1179	1217	1254
1217	1218	1256	1255
1218	1219	1257	1256
1219	1220	1258	1257
1220	1221	1259	1258
1221	1222	1260	1259
1222	1223	1261	1260
1223	1224	1262	1261
1224	1225	1263	1262
1225	1226	1264	1263
1226	1227	1265	1264
1227	1228	1266	1265
1228	1229	1267	1266
1229	1230	1268	1267
1230	1231	1269	1268
1231	1232	1270	1269
1232	1233	1271	1270
1233	1234	1272	1271
1234	1235	1273	1272
1235	1236	1274	1273
1236	1237	1275	1274
1237	1238	1276	1275
1238	1239	1277	1276
1239	1240	1278	1277
1240	1241	1279	1278
1241	1242	1280	1279
1242	1243	1281	1280
1243	1244	1282	1281
1244	1245	1283	1282
1245	1246	1284	1283
1246	1247	1285	1284
1247	1248	1286	1285
1248	1249	1287	1286
1249	1250	1288	1287
1250	1251	1289	1288
1251	1252	1290	1289
1252	1253	1291	1290
1253	1254	1292	1291
1254	1217	1255	1292
1255	1256	1294	1293
1256	1257	1295	1294
1257	1258	1296	1295
1258	1259	1297	1296
1259	1260	1298	1297
1260	1261	1299	1298
1261	1262	1300	1299
1262	1263	1301	1300
1263	1264	1302	1301
1264	1265	1303	1302
1265	1266	1304	1303
1266	1267	1305	1304
1267	1268	1306	1305
1268	1269	1307	1306
1269	1270	1308	1307
1270	1271	1309	1308
1271	1272	1310	1309
1272	1273	1311	1310
1273	1274	1312	1311
1274	1275	1313	1312
1275	1276	1314	1313
1276	1277	1315	1314
1277	1278	1316	1315
1278	1279	1317	1316
1279	1280	1318	1317
1280	1281	1319	1318
1281	1282	1320	1319
1282	1283	1321	1320
1283	1284	1322	1321
1284	1285	1323	1322
1285	1286	1324	1323
1286	1287	1325	1324
1287	1288	1326	1325
1288	1289	1327	1326
1289	1290	1328	1327
1290	1291	1329	1328
1291	1292	1330	1329
1292	1255	1293	1330
