0.02400000	-0.00541906	-0.00959267
0.02400000	-0.00424498	-0.00854781
0.02400000	-0.00312716	-0.00747359
0.02400000	-0.00204518	-0.00639899
0.02400000	-0.00099393	-0.00534064
0.02400000	0.00002376	-0.00430870
0.02400000	0.00100106	-0.00330978
0.02400000	0.00192910	-0.00234841
0.02400000	0.00279791	-0.00142773
0.02400000	0.00359693	-0.00055005
0.02400000	0.00431546	0.00028261
0.02400000	0.00494325	0.00106766
0.02400000	0.00547162	0.00180082
0.02400000	0.00589508	0.00247488
0.02400000	0.00621373	0.00307895
0.02400000	0.00643518	0.00359906
0.02400000	0.00648820	0.00403305
0.02400000	0.00634441	0.00431488
0.02400000	0.00620825	0.00445032
0.02400000	0.00615652	0.00448844
0.02400000	0.00609995	0.00452492
0.02400000	0.00591109	0.00459198
0.02400000	0.00557780	0.00461001
0.02400000	0.00511510	0.00456746
0.02400000	0.00454002	0.00442973
0.02400000	0.00387206	0.00417351
0.02400000	0.00312928	0.00379519
0.02400000	0.00233229	0.00328492
0.02400000	0.00149890	0.00264186
0.02400000	0.00064558	0.00186835
0.02400000	-0.00021157	0.00096823
0.02400000	-0.00105611	-0.00005358
0.02400000	-0.00187151	-0.00119076
0.02400000	-0.00264250	-0.00243472
0.02400000	-0.00335724	-0.00377414
0.02400000	-0.00400848	-0.00519605
0.02400000	-0.00459122	-0.00668944
0.02400000	-0.00509523	-0.00825115
0.02852045	-0.00673125	-0.01014262
0.02852045	-0.00543944	-0.00896333
0.02852045	-0.00418375	-0.00776998
0.02852045	-0.00295388	-0.00658687
0.02852045	-0.00175000	-0.00542897
0.02852045	-0.00057813	-0.00430573
0.02852045	0.00055259	-0.00322334
0.02852045	0.00163145	-0.00218595
0.02852045	0.00264696	-0.00119637
0.02852045	0.00358725	-0.00025651
0.02852045	0.00444033	0.00063225
0.02852045	0.00519418	0.00146860
0.02852045	0.00583703	0.00225053
0.02852045	0.00635787	0.00297421
0.02852045	0.00674821	0.00363197
0.02852045	0.00700605	0.00420994
0.02852045	0.00710443	0.00469366
0.02852045	0.00699131	0.00502826
0.02852045	0.00684923	0.00518947
0.02852045	0.00679320	0.00523466
0.02852045	0.00673197	0.00527639
0.02852045	0.00653136	0.00536984
0.02852045	0.00616886	0.00542546
0.02852045	0.00565946	0.00538388
0.02852045	0.00502990	0.00521700
0.02852045	0.00429801	0.00492710
0.02852045	0.00348771	0.00449637
0.02852045	0.00262175	0.00391714
0.02852045	0.00171902	0.00319048
0.02852045	0.00079504	0.00232211
0.02852045	-0.00013708	0.00132025
0.02852045	-0.00106599	0.00019450
0.02852045	-0.00198167	-0.00104449
0.02852045	-0.00287555	-0.00238508
0.02852045	-0.00374069	-0.00381483
0.02852045	-0.00457142	-0.00532118
0.02852045	-0.00536176	-0.00689314
0.02852045	-0.00610192	-0.00852432
0.03304091	-0.00781283	-0.00953380
0.03304091	-0.00641634	-0.00842761
0.03304091	-0.00505775	-0.00730114
0.03304091	-0.00372445	-0.00618473
0.03304091	-0.00241688	-0.00509486
0.03304091	-0.00114252	-0.00404005
0.03304091	0.00008795	-0.00302484
0.03304091	0.00126275	-0.00205197
0.03304091	0.00237003	-0.00112347
0.03304091	0.00339823	-0.00024110
0.03304091	0.00433616	0.00059350
0.03304091	0.00517288	0.00137879
0.03304091	0.00589725	0.00211336
0.03304091	0.00649718	0.00279588
0.03304091	0.00695798	0.00342450
0.03304091	0.00725929	0.00399419
0.03304091	0.00737443	0.00448518
0.03304091	0.00731780	0.00484231
0.03304091	0.00720516	0.00502980
0.03304091	0.00715516	0.00508346
0.03304091	0.00709839	0.00513309
0.03304091	0.00690421	0.00524707
0.03304091	0.00654167	0.00533584
0.03304091	0.00602168	0.00532848
0.03304091	0.00536906	0.00521123
0.03304091	0.00460674	0.00496439
0.03304091	0.00375752	0.00457536
0.03304091	0.00284178	0.00404054
0.03304091	0.00187717	0.00336155
0.03304091	0.00087904	0.00254325
0.03304091	-0.00013915	0.00159271
0.03304091	-0.00116558	0.00051867
0.03304091	-0.00218994	-0.00066874
0.03304091	-0.00320331	-0.00195833
0.03304091	-0.00419795	-0.00333819
0.03304091	-0.00516685	-0.00479650
0.03304091	-0.00610270	-0.00632283
0.03304091	-0.00699615	-0.00791044
0.03756136	-0.00871736	-0.00871710
0.03756136	-0.00723830	-0.00771068
0.03756136	-0.00579522	-0.00668119
0.03756136	-0.00437781	-0.00566020
0.03756136	-0.00298763	-0.00466448
0.03756136	-0.00163271	-0.00370222
0.03756136	-0.00032405	-0.00277729
0.03756136	0.00092639	-0.00189162
0.03756136	0.00210661	-0.00104636
0.03756136	0.00320493	-0.00024241
0.03756136	0.00421011	0.00051942
0.03756136	0.00511122	0.00123837
0.03756136	0.00589736	0.00191372
0.03756136	0.00655701	0.00254479
0.03756136	0.00707683	0.00313043
0.03756136	0.00743945	0.00366701
0.03756136	0.00762122	0.00414032
0.03756136	0.00762186	0.00450370
0.03756136	0.00753935	0.00470726
0.03756136	0.00749737	0.00476780
0.03756136	0.00744740	0.00482516
0.03756136	0.00726659	0.00496243
0.03756136	0.00691112	0.00508593
0.03756136	0.00638776	0.00512164
0.03756136	0.00572224	0.00505498
0.03756136	0.00493664	0.00486466
0.03756136	0.00405269	0.00453822
0.03756136	0.00309001	0.00407160
0.03756136	0.00206600	0.00346539
0.03756136	0.00099627	0.00272311
0.03756136	-0.00010500	0.00185036
0.03756136	-0.00122496	0.00085448
0.03756136	-0.00235199	-0.00025567
0.03756136	-0.00347580	-0.00146994
0.03756136	-0.00458729	-0.00277721
0.03756136	-0.00567831	-0.00416616
0.03756136	-0.00674088	-0.00562660
0.03756136	-0.00776582	-0.00715189
0.04208182	-0.00950948	-0.00795033
0.04208182	-0.00795761	-0.00703514
0.04208182	-0.00643996	-0.00609452
0.04208182	-0.00494830	-0.00516109
0.04208182	-0.00348524	-0.00425182
0.04208182	-0.00205936	-0.00337460
0.04208182	-0.00068193	-0.00253267
0.04208182	0.00063489	-0.00172719
0.04208182	0.00187898	-0.00095852
0.04208182	0.00303855	-0.00022675
0.04208182	0.00410231	0.00046807
0.04208182	0.00505932	0.00112589
0.04208182	0.00589879	0.00174666
0.04208182	0.00660954	0.00233027
0.04208182	0.00717903	0.00287619
0.04208182	0.00759163	0.00338171
0.04208182	0.00782726	0.00383535
0.04208182	0.00787993	0.00419790
0.04208182	0.00782863	0.00441309
0.04208182	0.00779545	0.00447948
0.04208182	0.00775317	0.00454371
0.04208182	0.00758760	0.00470240
0.04208182	0.00724031	0.00485704
0.04208182	0.00671521	0.00493144
0.04208182	0.00603936	0.00491084
0.04208182	0.00523404	0.00477203
0.04208182	0.00432033	0.00450243
0.04208182	0.00331739	0.00409758
0.04208182	0.00224242	0.00355736
0.04208182	0.00111115	0.00288432
0.04208182	-0.00006186	0.00208296
0.04208182	-0.00126307	0.00115949
0.04208182	-0.00247999	0.00012168
0.04208182	-0.00370126	-0.00102127
0.04208182	-0.00491669	-0.00225906
0.04208182	-0.00611707	-0.00358096
0.04208182	-0.00729362	-0.00497722
0.04208182	-0.00843690	-0.00644150
0.04660227	-0.01018596	-0.00723502
0.04660227	-0.00857153	-0.00640315
0.04660227	-0.00698970	-0.00554387
0.04660227	-0.00543413	-0.00469064
0.04660227	-0.00390846	-0.00386052
0.04660227	-0.00242175	-0.00306108
0.04660227	-0.00098551	-0.00229500
0.04660227	0.00038796	-0.00156277
0.04660227	0.00168644	-0.00086402
0.04660227	0.00289811	-0.00019817
0.04660227	0.00401162	0.00043540
0.04660227	0.00501605	0.00103727
0.04660227	0.00590067	0.00160798
0.04660227	0.00665453	0.00214798
0.04660227	0.00726555	0.00265733
0.04660227	0.00771902	0.00313415
0.04660227	0.00799731	0.00356830
0.04660227	0.00809300	0.00392538
0.04660227	0.00806996	0.00414726
0.04660227	0.00804523	0.00421788
0.04660227	0.00801060	0.00428747
0.04660227	0.00786062	0.00446402
0.04660227	0.00752212	0.00464532
0.04660227	0.00699695	0.00475304
0.04660227	0.00631375	0.00477277
0.04660227	0.00549294	0.00467962
0.04660227	0.00455516	0.00446064
0.04660227	0.00351924	0.00411099
0.04660227	0.00240222	0.00363003
0.04660227	0.00121984	0.00301959
0.04660227	-0.00001316	0.00228341
0.04660227	-0.00128287	0.00142682
0.04660227	-0.00257624	0.00045673
0.04660227	-0.00388120	-0.00061850
0.04660227	-0.00518669	-0.00178933
0.04660227	-0.00648262	-0.00304572
0.04660227	-0.00775937	-0.00437855
0.04660227	-0.00900687	-0.00578206
0.05112273	-0.01074423	-0.00657245
0.05112273	-0.00907835	-0.00581661
0.05112273	-0.00744358	-0.00503176
0.05112273	-0.00583535	-0.00425186
0.05112273	-0.00425822	-0.00349396
0.05112273	-0.00272166	-0.00276529
0.05112273	-0.00123738	-0.00206805
0.05112273	0.00018227	-0.00140217
0.05112273	0.00152504	-0.00076674
0.05112273	0.00277910	-0.00016062
0.05112273	0.00393314	0.00041734
0.05112273	0.00497628	0.00096822
0.05112273	0.00589791	0.00149303
0.05112273	0.00668726	0.00199273
0.05112273	0.00733259	0.00246794
0.05112273	0.00781967	0.00291770
0.05112273	0.00813101	0.00333371
0.05112273	0.00825749	0.00368418
0.05112273	0.00825572	0.00390894
0.05112273	0.00823783	0.00398217
0.05112273	0.00820972	0.00405536
0.05112273	0.00807426	0.00424559
0.05112273	0.00774529	0.00444947
0.05112273	0.00722161	0.00458409
0.05112273	0.00653422	0.00463675
0.05112273	0.00570279	0.00458216
0.05112273	0.00474739	0.00440684
0.05112273	0.00368655	0.00410548
0.05112273	0.00253713	0.00367696
0.05112273	0.00131477	0.00312260
0.05112273	0.00003425	0.00244555
0.05112273	-0.00129039	0.00165054
0.05112273	-0.00264583	0.00074382
0.05112273	-0.00401957	-0.00026693
0.05112273	-0.00539998	-0.00137286
0.05112273	-0.00677625	-0.00256467
0.05112273	-0.00813797	-0.00383400
0.05112273	-0.00947427	-0.00517605
0.05564318	-0.01118241	-0.00596361
0.05564318	-0.00947661	-0.00527673
0.05564318	-0.00780056	-0.00455959
0.05564318	-0.00615133	-0.00384630
0.05564318	-0.00453428	-0.00315372
0.05564318	-0.00295925	-0.00248873
0.05564318	-0.00143804	-0.00185314
0.05564318	0.00001700	-0.00124652
0.05564318	0.00139369	-0.00066756
0.05564318	0.00268025	-0.00011475
0.05564318	0.00386548	0.00041339
0.05564318	0.00493861	0.00091829
0.05564318	0.00588917	0.00140132
0.05564318	0.00670661	0.00186386
0.05564318	0.00737945	0.00230711
0.05564318	0.00789371	0.00273116
0.05564318	0.00823049	0.00313047
0.05564318	0.00837724	0.00347512
0.05564318	0.00838835	0.00370081
0.05564318	0.00837463	0.00377535
0.05564318	0.00835064	0.00385040
0.05564318	0.00822533	0.00404881
0.05564318	0.00790498	0.00426916
0.05564318	0.00738401	0.00442340
0.05564318	0.00669549	0.00450084
0.05564318	0.00585842	0.00447718
0.05564318	0.00489212	0.00433833
0.05564318	0.00381472	0.00407835
0.05564318	0.00264280	0.00369562
0.05564318	0.00139184	0.00319100
0.05564318	0.00007651	0.00256723
0.05564318	-0.00128917	0.00182862
0.05564318	-0.00269185	0.00098097
0.05564318	-0.00411887	0.00003148
0.05564318	-0.00555828	-0.00101162
0.05564318	-0.00699877	-0.00213973
0.05564318	-0.00842925	-0.00334540
0.05564318	-0.00983796	-0.00462505
0.06016364	-0.01150208	-0.00540769
0.06016364	-0.00976743	-0.00478270
0.06016364	-0.00806128	-0.00412658
0.06016364	-0.00638218	-0.00347314
0.06016364	-0.00473622	-0.00283889
0.06016364	-0.00313352	-0.00223039
0.06016364	-0.00158591	-0.00164918
0.06016364	-0.00010565	-0.00109458
0.06016364	0.00129518	-0.00056510
0.06016364	0.00260495	-0.00005907
0.06016364	0.00381260	0.00042519
0.06016364	0.00490752	0.00088929
0.06016364	0.00587943	0.00133483
0.06016364	0.00671800	0.00176355
0.06016364	0.00741196	0.00217730
0.06016364	0.00794724	0.00257756
0.06016364	0.00830377	0.00296129
0.06016364	0.00846609	0.00329990
0.06016364	0.00848422	0.00352566
0.06016364	0.00847196	0.00360065
0.06016364	0.00844909	0.00367612
0.06016364	0.00832590	0.00387607
0.06016364	0.00800911	0.00410234
0.06016364	0.00749137	0.00426857
0.06016364	0.00680445	0.00436374
0.06016364	0.00596631	0.00436444
0.06016364	0.00499531	0.00425585
0.06016364	0.00390901	0.00403128
0.06016364	0.00272369	0.00368851
0.06016364	0.00145462	0.00322799
0.06016364	0.00011626	0.00265216
0.06016364	-0.00127752	0.00196506
0.06016364	-0.00271349	0.00117224
0.06016364	-0.00417901	0.00028053
0.06016364	-0.00566204	-0.00070228
0.06016364	-0.00715098	-0.00176825
0.06016364	-0.00863420	-0.00291087
0.06016364	-0.01009918	-0.00412789
0.06468409	-0.01171167	-0.00490028
0.06468409	-0.00995841	-0.00433050
0.06468409	-0.00823250	-0.00372901
0.06468409	-0.00653381	-0.00312904
0.06468409	-0.00486903	-0.00254663
0.06468409	-0.00324848	-0.00198801
0.06468409	-0.00168397	-0.00145457
0.06468409	-0.00018763	-0.00094552
0.06468409	0.00122861	-0.00045933
0.06468409	0.00255331	0.00000574
0.06468409	0.00377557	0.00045138
0.06468409	0.00488499	0.00087928
0.06468409	0.00587149	0.00129122
0.06468409	0.00672495	0.00168922
0.06468409	0.00743428	0.00207584
0.06468409	0.00798508	0.00245432
0.06468409	0.00835748	0.00282273
0.06468409	0.00853444	0.00315370
0.06468409	0.00855662	0.00337884
0.06468409	0.00854383	0.00345372
0.06468409	0.00851964	0.00352851
0.06468409	0.00839125	0.00372428
0.06468409	0.00807222	0.00394595
0.06468409	0.00755777	0.00411735
0.06468409	0.00687480	0.00422514
0.06468409	0.00603943	0.00424546
0.06468409	0.00506885	0.00416261
0.06468409	0.00398001	0.00396903
0.06468409	0.00278884	0.00366182
0.06468409	0.00151036	0.00324101
0.06468409	0.00015882	0.00270878
0.06468409	-0.00125214	0.00206900
0.06468409	-0.00270947	0.00132707
0.06468409	-0.00420067	0.00048958
0.06468409	-0.00571373	-0.00043603
0.06468409	-0.00723693	-0.00144237
0.06468409	-0.00875831	-0.00252376
0.06468409	-0.01026478	-0.00367921
0.06920455	-0.01181992	-0.00443677
0.06920455	-0.01005833	-0.00391622
0.06920455	-0.00832303	-0.00336358
0.06920455	-0.00661499	-0.00281135
0.06920455	-0.00494140	-0.00227504
0.06920455	-0.00331269	-0.00176066
0.06920455	-0.00174059	-0.00126944
0.06920455	-0.00023708	-0.00080061
0.06920455	0.00118612	-0.00035267
0.06920455	0.00251776	0.00007605
0.06920455	0.00374715	0.00048721
0.06920455	0.00486411	0.00088251
0.06920455	0.00585878	0.00126377
0.06920455	0.00672132	0.00163327
0.06920455	0.00744084	0.00199423
0.06920455	0.00800264	0.00235173
0.06920455	0.00838725	0.00270473
0.06920455	0.00857529	0.00302777
0.06920455	0.00859832	0.00325168
0.06920455	0.00858368	0.00332594
0.06920455	0.00855687	0.00339923
0.06920455	0.00842071	0.00358770
0.06920455	0.00809803	0.00379979
0.06920455	0.00758722	0.00397066
0.06920455	0.00691034	0.00408623
0.06920455	0.00608126	0.00412177
0.06920455	0.00511585	0.00406066
0.06920455	0.00403030	0.00389427
0.06920455	0.00284014	0.00361893
0.06920455	0.00156012	0.00323419
0.06920455	0.00020425	0.00274196
0.06920455	-0.00121407	0.00214597
0.06920455	-0.00268201	0.00145146
0.06920455	-0.00418727	0.00066489
0.06920455	-0.00571796	-0.00020659
0.06920455	-0.00726233	-0.00115605
0.06920455	-0.00880831	-0.00217850
0.06920455	-0.01034250	-0.00327400
0.07372500	-0.01183490	-0.00401287
0.07372500	-0.01007556	-0.00353618
0.07372500	-0.00834151	-0.00302714
0.07372500	-0.00663462	-0.00251751
0.07372500	-0.00496243	-0.00202235
0.07372500	-0.00333540	-0.00154743
0.07372500	-0.00176512	-0.00109394
0.07372500	-0.00026339	-0.00066114
0.07372500	0.00115829	-0.00024761
0.07372500	0.00248891	0.00014824
0.07372500	0.00371799	0.00052798
0.07372500	0.00483558	0.00089324
0.07372500	0.00583213	0.00124585
0.07372500	0.00669809	0.00158820
0.07372500	0.00742293	0.00192399
0.07372500	0.00799201	0.00225987
0.07372500	0.00838461	0.00259779
0.07372500	0.00857797	0.00291404
0.07372500	0.00859919	0.00313612
0.07372500	0.00858241	0.00320931
0.07372500	0.00855313	0.00328073
0.07372500	0.00841111	0.00346162
0.07372500	0.00808693	0.00366393
0.07372500	0.00758081	0.00383048
0.07372500	0.00691206	0.00394913
0.07372500	0.00609262	0.00399556
0.07372500	0.00513688	0.00395223
0.07372500	0.00406015	0.00380938
0.07372500	0.00287749	0.00356249
0.07372500	0.00160330	0.00321056
0.07372500	0.00025134	0.00275517
0.07372500	-0.00116524	0.00219988
0.07372500	-0.00263388	0.00154979
0.07372500	-0.00414247	0.00081116
0.07372500	-0.00567929	-0.00000908
0.07372500	-0.00723269	-0.00090438
0.07372500	-0.00879061	-0.00187030
0.07372500	-0.01033961	-0.00290767
0.07824545	-0.01176412	-0.00362453
0.07824545	-0.01001796	-0.00318682
0.07824545	-0.00829616	-0.00271657
0.07824545	-0.00660124	-0.00224493
0.07824545	-0.00494093	-0.00178663
0.07824545	-0.00332563	-0.00134727
0.07824545	-0.00176678	-0.00092799
0.07824545	-0.00027594	-0.00052810
0.07824545	0.00113562	-0.00014622
0.07824545	0.00245714	0.00021913
0.07824545	0.00367839	0.00056948
0.07824545	0.00478969	0.00090636
0.07824545	0.00578179	0.00123157
0.07824545	0.00664552	0.00154746
0.07824545	0.00737089	0.00185784
0.07824545	0.00794401	0.00217013
0.07824545	0.00834011	0.00249352
0.07824545	0.00853262	0.00280464
0.07824545	0.00855104	0.00302408
0.07824545	0.00853311	0.00309605
0.07824545	0.00850287	0.00316579
0.07824545	0.00835989	0.00334149
0.07824545	0.00803846	0.00353738
0.07824545	0.00753901	0.00369840
0.07824545	0.00688049	0.00381621
0.07824545	0.00607388	0.00386947
0.07824545	0.00513209	0.00383995
0.07824545	0.00406946	0.00371693
0.07824545	0.00290046	0.00349508
0.07824545	0.00163910	0.00317282
0.07824545	0.00029881	0.00275137
0.07824545	-0.00110755	0.00223402
0.07824545	-0.00256764	0.00162566
0.07824545	-0.00406961	0.00093234
0.07824545	-0.00560192	0.00016071
0.07824545	-0.00715309	-0.00068298
0.07824545	-0.00871119	-0.00159473
0.07824545	-0.01026294	-0.00257591
0.08276591	-0.01161454	-0.00326787
0.08276591	-0.00989114	-0.00286427
0.08276591	-0.00819121	-0.00242797
0.08276591	-0.00651765	-0.00198982
0.08276591	-0.00487829	-0.00156435
0.08276591	-0.00328342	-0.00115704
0.08276591	-0.00174425	-0.00076899
0.08276591	-0.00027212	-0.00039945
0.08276591	0.00112196	-0.00004706
0.08276591	0.00242745	0.00028969
0.08276591	0.00363440	0.00061231
0.08276591	0.00473339	0.00092234
0.08276591	0.00571546	0.00122152
0.08276591	0.00657184	0.00151215
0.08276591	0.00729312	0.00179797
0.08276591	0.00786651	0.00208640
0.08276591	0.00826417	0.00239372
0.08276591	0.00845699	0.00269732
0.08276591	0.00847632	0.00291296
0.08276591	0.00845885	0.00298376
0.08276591	0.00842919	0.00305222
0.08276591	0.00828837	0.00322426
0.08276591	0.00797188	0.00341483
0.08276591	0.00748093	0.00357060
0.08276591	0.00683470	0.00368717
0.08276591	0.00604340	0.00374562
0.08276591	0.00511872	0.00372753
0.08276591	0.00407411	0.00362167
0.08276591	0.00292341	0.00342214
0.08276591	0.00168016	0.00312693
0.08276591	0.00035746	0.00273687
0.08276591	-0.00103214	0.00225495
0.08276591	-0.00247656	0.00168577
0.08276591	-0.00396417	0.00103511
0.08276591	-0.00548364	0.00030932
0.08276591	-0.00702368	-0.00048566
0.08276591	-0.00857260	-0.00134613
0.08276591	-0.01011739	-0.00227382
0.08728636	-0.01139253	-0.00293907
0.08728636	-0.00969958	-0.00256519
0.08728636	-0.00802921	-0.00215852
0.08728636	-0.00638455	-0.00174987
0.08728636	-0.00477341	-0.00135365
0.08728636	-0.00320592	-0.00097526
0.08728636	-0.00169307	-0.00061572
0.08728636	-0.00024596	-0.00027419
0.08728636	0.00112466	0.00005080
0.08728636	0.00240851	0.00036085
0.08728636	0.00359587	0.00065754
0.08728636	0.00467759	0.00094246
0.08728636	0.00564499	0.00121739
0.08728636	0.00648965	0.00148464
0.08728636	0.00720268	0.00174782
0.08728636	0.00777232	0.00201413
0.08728636	0.00817111	0.00230281
0.08728636	0.00836989	0.00259376
0.08728636	0.00839541	0.00280421
0.08728636	0.00837961	0.00287387
0.08728636	0.00835127	0.00294116
0.08728636	0.00821309	0.00310912
0.08728636	0.00790167	0.00329287
0.08728636	0.00742061	0.00344382
0.08728636	0.00678858	0.00356054
0.08728636	0.00601458	0.00362405
0.08728636	0.00510941	0.00361618
0.08728636	0.00408578	0.00352560
0.08728636	0.00295690	0.00334622
0.08728636	0.00173585	0.00307576
0.08728636	0.00043532	0.00271479
0.08728636	-0.00093244	0.00226598
0.08728636	-0.00235563	0.00173361
0.08728636	-0.00382286	0.00112315
0.08728636	-0.00532299	0.00044063
0.08728636	-0.00684497	-0.00030830
0.08728636	-0.00837735	-0.00112023
0.08728636	-0.00990750	-0.00199717
0.09180682	-0.01110433	-0.00263430
0.09180682	-0.00944850	-0.00228673
0.09180682	-0.00781433	-0.00190644
0.09180682	-0.00620509	-0.00152421
0.09180682	-0.00462850	-0.00115444
0.09180682	-0.00309450	-0.00080244
0.09180682	-0.00161384	-0.00046911
0.09180682	-0.00019734	-0.00015348
0.09180682	0.00114450	0.00014607
0.09180682	0.00240166	0.00043126
0.09180682	0.00356469	0.00070380
0.09180682	0.00462470	0.00096541
0.09180682	0.00557328	0.00121793
0.09180682	0.00640232	0.00146368
0.09180682	0.00710340	0.00170622
0.09180682	0.00766561	0.00195248
0.09180682	0.00806471	0.00222041
0.09180682	0.00827362	0.00249386
0.09180682	0.00830909	0.00269752
0.09180682	0.00829569	0.00276592
0.09180682	0.00826899	0.00283196
0.09180682	0.00813344	0.00299511
0.09180682	0.00782757	0.00317113
0.09180682	0.00735790	0.00331799
0.09180682	0.00674188	0.00343594
0.09180682	0.00598712	0.00350440
0.09180682	0.00510376	0.00350568
0.09180682	0.00410389	0.00342870
0.09180682	0.00300015	0.00326744
0.09180682	0.00180513	0.00301959
0.09180682	0.00053109	0.00268553
0.09180682	-0.00081009	0.00226768
0.09180682	-0.00220691	0.00177002
0.09180682	-0.00364822	0.00119769
0.09180682	-0.00512314	0.00055639
0.09180682	-0.00662085	-0.00014857
0.09180682	-0.00813016	-0.00091409
0.09180682	-0.00963880	-0.00174244
0.09632727	-0.01075628	-0.00234971
0.09632727	-0.00914420	-0.00202634
0.09632727	-0.00755284	-0.00167041
0.09632727	-0.00598554	-0.00131270
0.09632727	-0.00444988	-0.00096753
0.09632727	-0.00295557	-0.00064014
0.09632727	-0.00151308	-0.00033129
0.09632727	-0.00013295	-0.00003986
0.09632727	0.00117462	0.00023589
0.09632727	0.00239991	0.00049784
0.09632727	0.00353373	0.00074783
0.09632727	0.00456748	0.00098766
0.09632727	0.00549305	0.00121926
0.09632727	0.00630266	0.00144494
0.09632727	0.00698832	0.00166811
0.09632727	0.00754001	0.00189520
0.09632727	0.00793752	0.00214117
0.09632727	0.00815570	0.00239492
0.09632727	0.00820154	0.00259037
0.09632727	0.00819091	0.00265726
0.09632727	0.00816629	0.00272198
0.09632727	0.00803500	0.00288089
0.09632727	0.00773727	0.00305153
0.09632727	0.00728108	0.00319594
0.09632727	0.00668290	0.00331467
0.09632727	0.00594957	0.00338698
0.09632727	0.00509071	0.00339576
0.09632727	0.00411784	0.00333038
0.09632727	0.00304304	0.00318509
0.09632727	0.00187837	0.00295766
0.09632727	0.00063563	0.00264841
0.09632727	-0.00067373	0.00225957
0.09632727	-0.00203855	0.00179485
0.09632727	-0.00344799	0.00125904
0.09632727	-0.00489144	0.00065748
0.09632727	-0.00635834	-0.00000488
0.09632727	-0.00783777	-0.00072530
0.09632727	-0.00931781	-0.00150643
0.10084773	-0.01035477	-0.00208141
0.10084773	-0.00879253	-0.00178127
0.10084773	-0.00725007	-0.00144885
0.10084773	-0.00573075	-0.00111475
0.10084773	-0.00424197	-0.00079317
0.10084773	-0.00279318	-0.00048922
0.10084773	-0.00139453	-0.00020353
0.10084773	-0.00005623	0.00006511
0.10084773	0.00121184	0.00031857
0.10084773	0.00240030	0.00055884
0.10084773	0.00350027	0.00078782
0.10084773	0.00450345	0.00100738
0.10084773	0.00540204	0.00121946
0.10084773	0.00618863	0.00142629
0.10084773	0.00685569	0.00163103
0.10084773	0.00739415	0.00183940
0.10084773	0.00778742	0.00206329
0.10084773	0.00801154	0.00229723
0.10084773	0.00806612	0.00248354
0.10084773	0.00805832	0.00254860
0.10084773	0.00803618	0.00261188
0.10084773	0.00791133	0.00276753
0.10084773	0.00762480	0.00293581
0.10084773	0.00718423	0.00307926
0.10084773	0.00660564	0.00319752
0.10084773	0.00589599	0.00327212
0.10084773	0.00506438	0.00328667
0.10084773	0.00412181	0.00323103
0.10084773	0.00307978	0.00309981
0.10084773	0.00194981	0.00289092
0.10084773	0.00074318	0.00260469
0.10084773	-0.00052911	0.00224320
0.10084773	-0.00185632	0.00180992
0.10084773	-0.00322797	0.00130932
0.10084773	-0.00463374	0.00074636
0.10084773	-0.00606336	0.00012560
0.10084773	-0.00750623	-0.00055066
0.10084773	-0.00895072	-0.00128556
0.10536818	-0.00990619	-0.00182550
0.10536818	-0.00839857	-0.00154855
0.10536818	-0.00690977	-0.00123972
0.10536818	-0.00544316	-0.00092919
0.10536818	-0.00400599	-0.00063086
0.10536818	-0.00260739	-0.00034966
0.10536818	-0.00125717	-0.00008612
0.10536818	0.00003484	0.00016105
0.10536818	0.00125914	0.00039375
0.10536818	0.00240668	0.00061399
0.10536818	0.00346894	0.00082367
0.10536818	0.00443797	0.00102464
0.10536818	0.00530630	0.00121876
0.10536818	0.00606687	0.00140815
0.10536818	0.00671266	0.00159565
0.10536818	0.00723544	0.00178621
0.10536818	0.00762142	0.00198950
0.10536818	0.00784788	0.00220459
0.10536818	0.00790959	0.00238114
0.10536818	0.00790465	0.00244409
0.10536818	0.00788528	0.00250577
0.10536818	0.00776814	0.00265835
0.10536818	0.00749436	0.00282491
0.10536818	0.00707080	0.00296714
0.10536818	0.00651334	0.00308393
0.10536818	0.00582932	0.00315975
0.10536818	0.00502739	0.00317895
0.10536818	0.00411794	0.00313193
0.10536818	0.00311195	0.00301362
0.10536818	0.00202036	0.00282208
0.10536818	0.00085391	0.00255765
0.10536818	-0.00037685	0.00222230
0.10536818	-0.00166164	0.00181928
0.10536818	-0.00299035	0.00135274
0.10536818	-0.00435304	0.00082732
0.10536818	-0.00573975	0.00024711
0.10536818	-0.00714017	-0.00038603
0.10536818	-0.00854299	-0.00107582
0.10988864	-0.00941386	-0.00157895
0.10988864	-0.00796475	-0.00132571
0.10988864	-0.00653349	-0.00104113
0.10988864	-0.00512352	-0.00075460
0.10988864	-0.00374188	-0.00047956
0.10988864	-0.00239738	-0.00022070
0.10988864	-0.00109945	0.00002153
0.10988864	0.00014251	0.00024843
0.10988864	0.00131939	0.00046185
0.10988864	0.00242253	0.00066371
0.10988864	0.00344382	0.00085582
0.10988864	0.00437563	0.00103991
0.10988864	0.00521089	0.00121771
0.10988864	0.00594289	0.00139110
0.10988864	0.00656509	0.00156264
0.10988864	0.00707002	0.00173662
0.10988864	0.00744564	0.00192174
0.10988864	0.00767102	0.00211958
0.10988864	0.00773852	0.00228592
0.10988864	0.00773644	0.00234647
0.10988864	0.00771995	0.00240632
0.10988864	0.00761076	0.00255524
0.10988864	0.00734998	0.00271865
0.10988864	0.00694424	0.00285827
0.10988864	0.00640935	0.00297297
0.10988864	0.00575279	0.00304940
0.10988864	0.00498269	0.00307271
0.10988864	0.00410891	0.00303381
0.10988864	0.00314182	0.00292789
0.10988864	0.00209181	0.00275313
0.10988864	0.00096912	0.00250983
0.10988864	-0.00021620	0.00219983
0.10988864	-0.00145432	0.00182617
0.10988864	-0.00273554	0.00139272
0.10988864	-0.00405030	0.00090377
0.10988864	-0.00538898	0.00036302
0.10988864	-0.00674162	-0.00022817
0.10988864	-0.00809722	-0.00087412
0.11440909	-0.00887494	-0.00134035
0.11440909	-0.00748832	-0.00111126
0.11440909	-0.00611862	-0.00085135
0.11440909	-0.00476931	-0.00058902
0.11440909	-0.00344722	-0.00033712
0.11440909	-0.00216080	-0.00010008
0.11440909	-0.00091904	0.00012170
0.11440909	0.00026910	0.00032946
0.11440909	0.00139494	0.00052494
0.11440909	0.00245026	0.00070988
0.11440909	0.00342734	0.00088593
0.11440909	0.00431895	0.00105464
0.11440909	0.00511837	0.00121752
0.11440909	0.00581931	0.00137625
0.11440909	0.00641564	0.00153308
0.11440909	0.00690056	0.00169184
0.11440909	0.00726331	0.00186069
0.11440909	0.00748522	0.00204215
0.11440909	0.00755765	0.00219766
0.11440909	0.00755839	0.00225553
0.11440909	0.00754473	0.00231327
0.11440909	0.00744296	0.00245735
0.11440909	0.00719473	0.00261521
0.11440909	0.00680757	0.00275072
0.11440909	0.00629682	0.00286314
0.11440909	0.00566961	0.00293997
0.11440909	0.00493358	0.00296721
0.11440909	0.00409800	0.00293625
0.11440909	0.00317268	0.00284250
0.11440909	0.00216748	0.00268421
0.11440909	0.00109210	0.00246160
0.11440909	-0.00004390	0.00217637
0.11440909	-0.00123113	0.00183133
0.11440909	-0.00246032	0.00143013
0.11440909	-0.00372232	0.00097669
0.11440909	-0.00500791	0.00047434
0.11440909	-0.00630746	-0.00007603
0.11440909	-0.00761036	-0.00067928
0.11892955	-0.00828580	-0.00110851
0.11892955	-0.00696612	-0.00090389
0.11892955	-0.00566248	-0.00066881
0.11892955	-0.00437834	-0.00043059
0.11892955	-0.00312027	-0.00020148
0.11892955	-0.00189630	0.00001436
0.11892955	-0.00071496	0.00021654
0.11892955	0.00041525	0.00040619
0.11892955	0.00148616	0.00058485
0.11892955	0.00248998	0.00075407
0.11892955	0.00341941	0.00091527
0.11892955	0.00426763	0.00106977
0.11892955	0.00502833	0.00121887
0.11892955	0.00569558	0.00136400
0.11892955	0.00626369	0.00150715
0.11892955	0.00672640	0.00165186
0.11892955	0.00707408	0.00180575
0.11892955	0.00729059	0.00197125
0.11892955	0.00736702	0.00211531
0.11892955	0.00737047	0.00217018
0.11892955	0.00735948	0.00222549
0.11892955	0.00726444	0.00236343
0.11892955	0.00702837	0.00251334
0.11892955	0.00666065	0.00264329
0.11892955	0.00617580	0.00275327
0.11892955	0.00558004	0.00283038
0.11892955	0.00488053	0.00286141
0.11892955	0.00408596	0.00283824
0.11892955	0.00320557	0.00275648
0.11892955	0.00224867	0.00261438
0.11892955	0.00122445	0.00241209
0.11892955	0.00014198	0.00215114
0.11892955	-0.00098983	0.00183417
0.11892955	-0.00216217	0.00146452
0.11892955	-0.00336630	0.00104585
0.11892955	-0.00459344	0.00058112
0.11892955	-0.00583437	0.00007079
0.11892955	-0.00707889	-0.00049053
0.12345000	-0.00764268	-0.00088225
0.12345000	-0.00639568	-0.00070248
0.12345000	-0.00516392	-0.00049228
0.12345000	-0.00395075	-0.00027793
0.12345000	-0.00276239	-0.00007113
0.12345000	-0.00160644	0.00012415
0.12345000	-0.00049090	0.00030747
0.12345000	0.00057626	0.00047981
0.12345000	0.00158736	0.00064248
0.12345000	0.00253510	0.00079678
0.12345000	0.00341263	0.00094389
0.12345000	0.00421357	0.00108488
0.12345000	0.00493201	0.00122079
0.12345000	0.00556244	0.00135282
0.12345000	0.00609959	0.00148267
0.12345000	0.00653776	0.00161360
0.12345000	0.00686821	0.00175307
0.12345000	0.00707665	0.00190367
0.12345000	0.00715443	0.00203647
0.12345000	0.00715989	0.00208803
0.12345000	0.00715125	0.00214053
0.12345000	0.00706328	0.00227169
0.12345000	0.00684076	0.00241355
0.12345000	0.00649414	0.00253737
0.12345000	0.00603719	0.00264381
0.12345000	0.00547544	0.00272018
0.12345000	0.00481552	0.00275415
0.12345000	0.00406554	0.00273802
0.12345000	0.00323411	0.00266758
0.12345000	0.00232998	0.00254109
0.12345000	0.00136179	0.00235858
0.12345000	0.00033809	0.00212145
0.12345000	-0.00073270	0.00183212
0.12345000	-0.00184228	0.00149371
0.12345000	-0.00298240	0.00110955
0.12345000	-0.00414470	0.00068225
0.12345000	-0.00532046	0.00021187
0.12345000	-0.00649993	-0.00030749
0.12683105	-0.00712404	-0.00071595
0.12683105	-0.00593566	-0.00055498
0.12683105	-0.00476195	-0.00036328
0.12683105	-0.00360614	-0.00016647
0.12683105	-0.00247413	0.00002406
0.12683105	-0.00137313	0.00020442
0.12683105	-0.00031073	0.00037411
0.12683105	0.00070552	0.00053393
0.12683105	0.00166834	0.00068503
0.12683105	0.00257082	0.00082852
0.12683105	0.00340646	0.00096537
0.12683105	0.00416923	0.00109648
0.12683105	0.00485353	0.00122271
0.12683105	0.00545417	0.00134506
0.12683105	0.00596622	0.00146504
0.12683105	0.00638440	0.00158563
0.12683105	0.00670057	0.00171431
0.12683105	0.00690137	0.00185427
0.12683105	0.00697825	0.00197896
0.12683105	0.00698458	0.00202789
0.12683105	0.00697730	0.00207801
0.12683105	0.00689493	0.00220370
0.12683105	0.00668389	0.00233996
0.12683105	0.00635441	0.00245914
0.12683105	0.00591975	0.00256192
0.12683105	0.00538530	0.00263682
0.12683105	0.00475724	0.00267216
0.12683105	0.00404321	0.00266058
0.12683105	0.00325137	0.00259798
0.12683105	0.00238998	0.00248263
0.12683105	0.00146726	0.00231452
0.12683105	0.00049135	0.00209493
0.12683105	-0.00052977	0.00182613
0.12683105	-0.00158817	0.00151104
0.12683105	-0.00267600	0.00115279
0.12683105	-0.00378529	0.00075372
0.12683105	-0.00490768	0.00031354
0.12683105	-0.00603382	-0.00017401
0.13016280	-0.00657970	-0.00055400
0.13016280	-0.00545268	-0.00041164
0.13016280	-0.00433986	-0.00023792
0.13016280	-0.00324421	-0.00005799
0.13016280	-0.00217130	0.00011700
0.13016280	-0.00112791	0.00028313
0.13016280	-0.00012119	0.00043978
0.13016280	0.00084174	0.00058761
0.13016280	0.00175400	0.00072757
0.13016280	0.00260909	0.00086059
0.13016280	0.00340087	0.00098748
0.13016280	0.00412366	0.00110895
0.13016280	0.00477219	0.00122570
0.13016280	0.00534159	0.00133859
0.13016280	0.00582726	0.00144891
0.13016280	0.00622432	0.00155944
0.13016280	0.00652523	0.00167758
0.13016280	0.00671753	0.00180703
0.13016280	0.00679265	0.00192366
0.13016280	0.00679945	0.00196988
0.13016280	0.00679321	0.00201743
0.13016280	0.00671621	0.00213713
0.13016280	0.00651723	0.00226758
0.13016280	0.00620568	0.00238189
0.13016280	0.00579424	0.00248035
0.13016280	0.00528825	0.00255311
0.13016280	0.00469351	0.00258913
0.13016280	0.00401714	0.00258139
0.13016280	0.00326681	0.00252598
0.13016280	0.00245031	0.00242117
0.13016280	0.00157543	0.00226693
0.13016280	0.00064982	0.00206444
0.13016280	-0.00031894	0.00181583
0.13016280	-0.00132336	0.00152386
0.13016280	-0.00235600	0.00119140
0.13016280	-0.00340929	0.00082052
0.13016280	-0.00447526	0.00041061
0.13016280	-0.00554495	-0.00004498
0.13339667	-0.00601921	-0.00039852
0.13339667	-0.00495514	-0.00027426
0.13339667	-0.00390484	-0.00011771
0.13339667	-0.00287099	0.00004631
0.13339667	-0.00185879	0.00020671
0.13339667	-0.00087454	0.00035949
0.13339667	0.00007503	0.00050390
0.13339667	0.00098324	0.00064041
0.13339667	0.00184365	0.00076980
0.13339667	0.00265013	0.00089283
0.13339667	0.00339693	0.00101016
0.13339667	0.00407871	0.00112235
0.13339667	0.00469054	0.00122998
0.13339667	0.00522785	0.00133375
0.13339667	0.00568636	0.00143482
0.13339667	0.00606158	0.00153578
0.13339667	0.00634649	0.00164399
0.13339667	0.00652980	0.00176304
0.13339667	0.00660277	0.00187156
0.13339667	0.00660983	0.00191503
0.13339667	0.00660435	0.00195991
0.13339667	0.00653222	0.00207304
0.13339667	0.00634531	0.00219713
0.13339667	0.00605208	0.00230624
0.13339667	0.00566435	0.00239992
0.13339667	0.00518750	0.00246999
0.13339667	0.00462687	0.00250606
0.13339667	0.00398913	0.00250149
0.13339667	0.00328145	0.00245253
0.13339667	0.00251114	0.00235754
0.13339667	0.00168549	0.00221648
0.13339667	0.00081173	0.00203045
0.13339667	-0.00010303	0.00180146
0.13339667	-0.00105175	0.00153208
0.13339667	-0.00202740	0.00122496
0.13339667	-0.00302283	0.00088189
0.13339667	-0.00403047	0.00050191
0.13339667	-0.00504177	0.00007794
0.13648548	-0.00545457	-0.00025170
0.13648548	-0.00445362	-0.00014477
0.13648548	-0.00346607	-0.00000437
0.13648548	-0.00249427	0.00014485
0.13648548	-0.00154299	0.00029175
0.13648548	-0.00061810	0.00043222
0.13648548	0.00027413	0.00056532
0.13648548	0.00112747	0.00069134
0.13648548	0.00193588	0.00081089
0.13648548	0.00269362	0.00092458
0.13648548	0.00339532	0.00103293
0.13648548	0.00403597	0.00113639
0.13648548	0.00461097	0.00123542
0.13648548	0.00511606	0.00133061
0.13648548	0.00554726	0.00142300
0.13648548	0.00590040	0.00151508
0.13648548	0.00616901	0.00161405
0.13648548	0.00634297	0.00172311
0.13648548	0.00641362	0.00182357
0.13648548	0.00642083	0.00186430
0.13648548	0.00641594	0.00190647
0.13648548	0.00634811	0.00201266
0.13648548	0.00617283	0.00212967
0.13648548	0.00589783	0.00223319
0.13648548	0.00553382	0.00232185
0.13648548	0.00508612	0.00238887
0.13648548	0.00455968	0.00242449
0.13648548	0.00396067	0.00242245
0.13648548	0.00329581	0.00237922
0.13648548	0.00257191	0.00229326
0.13648548	0.00179580	0.00216454
0.13648548	0.00097423	0.00199412
0.13648548	0.00011386	0.00178387
0.13648548	-0.00077871	0.00153620
0.13648548	-0.00169688	0.00125354
0.13648548	-0.00263392	0.00093738
0.13648548	-0.00358267	0.00058642
0.13648548	-0.00453496	0.00019317
0.13938422	-0.00489896	-0.00011554
0.13938422	-0.00395982	-0.00002492
0.13938422	-0.00303378	0.00010053
0.13938422	-0.00212282	0.00023618
0.13938422	-0.00123126	0.00037081
0.13938422	-0.00036454	0.00050010
0.13938422	0.00047151	0.00062294
0.13938422	0.00127109	0.00073941
0.13938422	0.00202855	0.00084998
0.13938422	0.00273855	0.00095512
0.13938422	0.00339606	0.00105522
0.13938422	0.00399642	0.00115063
0.13938422	0.00453532	0.00124172
0.13938422	0.00500881	0.00132900
0.13938422	0.00541317	0.00141342
0.13938422	0.00574455	0.00149739
0.13938422	0.00599695	0.00158795
0.13938422	0.00616143	0.00168774
0.13938422	0.00622961	0.00178040
0.13938422	0.00623696	0.00181843
0.13938422	0.00623258	0.00185795
0.13938422	0.00616854	0.00195705
0.13938422	0.00600413	0.00206636
0.13938422	0.00574680	0.00216392
0.13938422	0.00540598	0.00224748
0.13938422	0.00498680	0.00231123
0.13938422	0.00449381	0.00234602
0.13938422	0.00393276	0.00234595
0.13938422	0.00330988	0.00230774
0.13938422	0.00263154	0.00222997
0.13938422	0.00190408	0.00211263
0.13938422	0.00113381	0.00195673
0.13938422	0.00032692	0.00176407
0.13938422	-0.00051040	0.00153687
0.13938422	-0.00137199	0.00127734
0.13938422	-0.00225152	0.00098671
0.13938422	-0.00314222	0.00066333
0.13938422	-0.00403631	0.00029930
0.14205059	-0.00436617	0.00000821
0.14205059	-0.00348610	0.00008378
0.14205059	-0.00261887	0.00019562
0.14205059	-0.00176608	0.00031905
0.14205059	-0.00093164	0.00044269
0.14205059	-0.00012055	0.00056201
0.14205059	0.00066180	0.00067569
0.14205059	0.00140998	0.00078365
0.14205059	0.00211874	0.00088619
0.14205059	0.00278311	0.00098365
0.14205059	0.00339838	0.00107633
0.14205059	0.00396022	0.00116449
0.14205059	0.00446460	0.00124841
0.14205059	0.00490784	0.00132854
0.14205059	0.00528650	0.00140576
0.14205059	0.00559699	0.00148247
0.14205059	0.00583370	0.00156555
0.14205059	0.00598874	0.00165702
0.14205059	0.00605427	0.00174242
0.14205059	0.00606171	0.00177788
0.14205059	0.00605780	0.00181485
0.14205059	0.00599720	0.00190704
0.14205059	0.00584282	0.00200843
0.14205059	0.00560215	0.00209976
0.14205059	0.00528346	0.00217829
0.14205059	0.00489149	0.00223866
0.14205059	0.00443046	0.00227230
0.14205059	0.00390569	0.00227370
0.14205059	0.00332297	0.00223978
0.14205059	0.00268824	0.00216928
0.14205059	0.00200739	0.00206222
0.14205059	0.00128628	0.00191959
0.14205059	0.00053070	0.00174308
0.14205059	-0.00025361	0.00153477
0.14205059	-0.00106089	0.00129666
0.14205059	-0.00188519	0.00102972
0.14205059	-0.00272011	0.00073198
0.14205059	-0.00355824	0.00039514
0.14444573	-0.00387006	0.00011809
0.14444573	-0.00304487	0.00018008
0.14444573	-0.00223231	0.00027978
0.14444573	-0.00143360	0.00039243
0.14444573	-0.00065226	0.00050642
0.14444573	0.00010711	0.00061702
0.14444573	0.00083952	0.00072271
0.14444573	0.00153993	0.00082323
0.14444573	0.00220343	0.00091875
0.14444573	0.00282538	0.00100948
0.14444573	0.00340139	0.00109565
0.14444573	0.00392741	0.00117742
0.14444573	0.00439969	0.00125503
0.14444573	0.00481479	0.00132885
0.14444573	0.00516953	0.00139971
0.14444573	0.00546052	0.00147000
0.14444573	0.00568252	0.00154657
0.14444573	0.00582846	0.00163084
0.14444573	0.00589114	0.00170976
0.14444573	0.00589857	0.00174284
0.14444573	0.00589507	0.00177744
0.14444573	0.00583765	0.00186319
0.14444573	0.00569242	0.00195692
0.14444573	0.00546704	0.00204200
0.14444573	0.00516886	0.00211566
0.14444573	0.00480215	0.00217265
0.14444573	0.00437080	0.00220493
0.14444573	0.00387975	0.00220732
0.14444573	0.00333439	0.00217700
0.14444573	0.00274023	0.00211281
0.14444573	0.00210278	0.00201482
0.14444573	0.00142748	0.00188401
0.14444573	0.00071971	0.00172198
0.14444573	-0.00001517	0.00153068
0.14444573	-0.00077177	0.00131191
0.14444573	-0.00154451	0.00106641
0.14444573	-0.00232735	0.00079190
0.14444573	-0.00311320	0.00047971
0.14653470	-0.00342401	0.00021288
0.14653470	-0.00264835	0.00026294
0.14653470	-0.00188514	0.00035208
0.14653470	-0.00113528	0.00045540
0.14653470	-0.00040190	0.00056110
0.14653470	0.00031078	0.00066425
0.14653470	0.00099811	0.00076311
0.14653470	0.00165538	0.00085727
0.14653470	0.00227801	0.00094678
0.14653470	0.00286166	0.00103175
0.14653470	0.00340222	0.00111232
0.14653470	0.00389589	0.00118860
0.14653470	0.00433918	0.00126075
0.14653470	0.00472887	0.00132909
0.14653470	0.00506198	0.00139439
0.14653470	0.00533538	0.00145896
0.14653470	0.00554191	0.00153654
0.14653470	0.00568051	0.00161298
0.14653470	0.00574387	0.00168333
0.14653470	0.00575237	0.00171395
0.14653470	0.00574897	0.00174634
0.14653470	0.00569078	0.00182359
0.14653470	0.00555180	0.00190742
0.14653470	0.00534215	0.00199249
0.14653470	0.00506238	0.00206134
0.14653470	0.00471840	0.00211485
0.14653470	0.00431380	0.00214545
0.14653470	0.00385317	0.00214831
0.14653470	0.00334155	0.00212079
0.14653470	0.00278408	0.00206184
0.14653470	0.00218587	0.00197158
0.14653470	0.00155201	0.00185098
0.14653470	0.00088751	0.00170155
0.14653470	0.00019739	0.00152512
0.14653470	-0.00051332	0.00132333
0.14653470	-0.00123935	0.00109667
0.14653470	-0.00197498	0.00084261
0.14653470	-0.00271340	0.00055216
0.14828704	-0.00304083	0.00029152
0.14828704	-0.00231680	0.00032981
0.14828704	-0.00160526	0.00040874
0.14828704	-0.00090658	0.00050309
0.14828704	-0.00022347	0.00060080
0.14828704	0.00044026	0.00069667
0.14828704	0.00108034	0.00078880
0.14828704	0.00169242	0.00087661
0.14828704	0.00227225	0.00096002
0.14828704	0.00281579	0.00103905
0.14828704	0.00331925	0.00111373
0.14828704	0.00377911	0.00118405
0.14828704	0.00419212	0.00125003
0.14828704	0.00455536	0.00131174
0.14828704	0.00486618	0.00136941
0.14828704	0.00512136	0.00142687
0.14828704	0.00531254	0.00150098
0.14828704	0.00543137	0.00158750
0.14828704	0.00547560	0.00166378
0.14828704	0.00548007	0.00169313
0.14828704	0.00547777	0.00172347
0.14828704	0.00543730	0.00180424
0.14828704	0.00531941	0.00189802
0.14828704	0.00512519	0.00197826
0.14828704	0.00486323	0.00203534
0.14828704	0.00454183	0.00207679
0.14828704	0.00416473	0.00209825
0.14828704	0.00373595	0.00209532
0.14828704	0.00325995	0.00206549
0.14828704	0.00274135	0.00200770
0.14828704	0.00218477	0.00192194
0.14828704	0.00159488	0.00180899
0.14828704	0.00097627	0.00167019
0.14828704	0.00033358	0.00150710
0.14828704	-0.00032850	0.00132113
0.14828704	-0.00100506	0.00111250
0.14828704	-0.00169066	0.00087834
0.14828704	-0.00237874	0.00060922
0.14967721	-0.00273176	0.00035320
0.14967721	-0.00207103	0.00037844
0.14967721	-0.00142304	0.00044597
0.14967721	-0.00078744	0.00053019
0.14967721	-0.00016629	0.00061871
0.14967721	0.00043712	0.00070610
0.14967721	0.00101898	0.00079022
0.14967721	0.00157540	0.00087037
0.14967721	0.00210252	0.00094632
0.14967721	0.00259670	0.00101797
0.14967721	0.00305451	0.00108523
0.14967721	0.00347275	0.00114796
0.14967721	0.00384855	0.00120596
0.14967721	0.00417929	0.00125900
0.14967721	0.00446181	0.00131140
0.14967721	0.00468770	0.00138504
0.14967721	0.00484952	0.00147725
0.14967721	0.00494108	0.00157451
0.14967721	0.00497139	0.00164909
0.14967721	0.00497478	0.00167590
0.14967721	0.00497422	0.00170361
0.14967721	0.00494965	0.00178236
0.14967721	0.00485916	0.00188495
0.14967721	0.00469158	0.00197633
0.14967721	0.00445549	0.00203624
0.14967721	0.00416152	0.00205691
0.14967721	0.00381789	0.00205801
0.14967721	0.00342823	0.00203984
0.14967721	0.00299617	0.00200013
0.14967721	0.00252558	0.00193769
0.14967721	0.00202046	0.00185224
0.14967721	0.00148487	0.00174420
0.14967721	0.00092290	0.00161450
0.14967721	0.00033871	0.00146431
0.14967721	-0.00026343	0.00129461
0.14967721	-0.00087902	0.00110521
0.14967721	-0.00150292	0.00089280
0.14967721	-0.00212880	0.00064736
0.15068492	-0.00250519	0.00039744
0.15068492	-0.00191742	0.00040887
0.15068492	-0.00134273	0.00046403
0.15068492	-0.00077984	0.00053705
0.15068492	-0.00023012	0.00061527
0.15068492	0.00030376	0.00069303
0.15068492	0.00081855	0.00076801
0.15068492	0.00131082	0.00083938
0.15068492	0.00177720	0.00090680
0.15068492	0.00221449	0.00097009
0.15068492	0.00261965	0.00102907
0.15068492	0.00298988	0.00108354
0.15068492	0.00332264	0.00113322
0.15068492	0.00361413	0.00118663
0.15068492	0.00385787	0.00125856
0.15068492	0.00404878	0.00134657
0.15068492	0.00418151	0.00144429
0.15068492	0.00425406	0.00153778
0.15068492	0.00427876	0.00160475
0.15068492	0.00428235	0.00162839
0.15068492	0.00428324	0.00165297
0.15068492	0.00426870	0.00172478
0.15068492	0.00419992	0.00182461
0.15068492	0.00405906	0.00191816
0.15068492	0.00385344	0.00198408
0.15068492	0.00359388	0.00201283
0.15068492	0.00328958	0.00200069
0.15068492	0.00294543	0.00196576
0.15068492	0.00256410	0.00191457
0.15068492	0.00214875	0.00184608
0.15068492	0.00170272	0.00175988
0.15068492	0.00122946	0.00165611
0.15068492	0.00073251	0.00153530
0.15068492	0.00021550	0.00139823
0.15068492	-0.00031778	0.00124543
0.15068492	-0.00086326	0.00107625
0.15068492	-0.00141618	0.00088688
0.15068492	-0.00197040	0.00066667
0.15150000	-0.00232077	0.00043283
0.15150000	-0.00182731	0.00042754
0.15150000	-0.00134726	0.00046722
0.15150000	-0.00087822	0.00052593
0.15150000	-0.00042066	0.00059085
0.15150000	0.00002353	0.00065611
0.15150000	0.00045176	0.00071925
0.15150000	0.00086126	0.00077931
0.15150000	0.00124925	0.00083588
0.15150000	0.00161306	0.00088872
0.15150000	0.00195028	0.00093776
0.15150000	0.00225723	0.00098992
0.15150000	0.00253051	0.00105045
0.15150000	0.00276708	0.00111991
0.15150000	0.00296370	0.00119779
0.15150000	0.00311703	0.00128209
0.15150000	0.00322394	0.00136811
0.15150000	0.00328416	0.00144615
0.15150000	0.00330688	0.00150107
0.15150000	0.00331104	0.00152053
0.15150000	0.00331314	0.00154093
0.15150000	0.00330512	0.00160146
0.15150000	0.00325119	0.00168676
0.15150000	0.00313444	0.00176567
0.15150000	0.00296336	0.00182179
0.15150000	0.00274754	0.00185094
0.15150000	0.00249360	0.00185217
0.15150000	0.00220648	0.00182579
0.15150000	0.00189013	0.00177308
0.15150000	0.00154646	0.00170192
0.15150000	0.00117705	0.00161835
0.15150000	0.00078466	0.00152244
0.15150000	0.00037216	0.00141450
0.15150000	-0.00005746	0.00129497
0.15150000	-0.00050102	0.00116396
0.15150000	-0.00095502	0.00102036
0.15150000	-0.00141517	0.00085984
0.15150000	-0.00187564	0.00067105
