59	60	2	1
60	61	3	2
61	62	4	3
62	63	5	4
63	64	6	5
64	65	7	6
65	66	8	7
66	67	9	8
67	68	10	9
68	69	11	10
69	70	12	11
70	71	13	12
71	72	14	13
72	73	15	14
73	74	16	15
74	75	17	16
75	76	18	17
76	77	19	18
77	78	20	19
78	79	21	20
79	80	22	21
80	81	23	22
81	82	24	23
82	83	25	24
83	84	26	25
84	85	27	26
85	86	28	27
86	87	29	28
87	88	30	29
88	89	31	30
89	90	32	31
90	91	33	32
91	92	34	33
92	93	35	34
93	94	36	35
94	95	37	36
95	96	38	37
96	97	39	38
97	98	40	39
98	99	41	40
99	100	42	41
100	101	43	42
101	102	44	43
102	103	45	44
103	104	46	45
104	105	47	46
105	106	48	47
106	107	49	48
107	108	50	49
108	109	51	50
109	110	52	51
110	111	53	52
111	112	54	53
112	113	55	54
113	114	56	55
114	115	57	56
115	116	58	57
116	59	1	58
117	118	60	59
118	119	61	60
119	120	62	61
120	121	63	62
121	122	64	63
122	123	65	64
123	124	66	65
124	125	67	66
125	126	68	67
126	127	69	68
127	128	70	69
128	129	71	70
129	130	72	71
130	131	73	72
131	132	74	73
132	133	75	74
133	134	76	75
134	135	77	76
135	136	78	77
136	137	79	78
137	138	80	79
138	139	81	80
139	140	82	81
140	141	83	82
141	142	84	83
142	143	85	84
143	144	86	85
144	145	87	86
145	146	88	87
146	147	89	88
147	148	90	89
148	149	91	90
149	150	92	91
150	151	93	92
151	152	94	93
152	153	95	94
153	154	96	95
154	155	97	96
155	156	98	97
156	157	99	98
157	158	100	99
158	159	101	100
159	160	102	101
160	161	103	102
161	162	104	103
162	163	105	104
163	164	106	105
164	165	107	106
165	166	108	107
166	167	109	108
167	168	110	109
168	169	111	110
169	170	112	111
170	171	113	112
171	172	114	113
172	173	115	114
173	174	116	115
174	117	59	116
175	176	118	117
176	177	119	118
177	178	120	119
178	179	121	120
179	180	122	121
180	181	123	122
181	182	124	123
182	183	125	124
183	184	126	125
184	185	127	126
185	186	128	127
186	187	129	128
187	188	130	129
188	189	131	130
189	190	132	131
190	191	133	132
191	192	134	133
192	193	135	134
193	194	136	135
194	195	137	136
195	196	138	137
196	197	139	138
197	198	140	139
198	199	141	140
199	200	142	141
200	201	143	142
201	202	144	143
202	203	145	144
203	204	146	145
204	205	147	146
205	206	148	147
206	207	149	148
207	208	150	149
208	209	151	150
209	210	152	151
210	211	153	152
211	212	154	153
212	213	155	154
213	214	156	155
214	215	157	156
215	216	158	157
216	217	159	158
217	218	160	159
218	219	161	160
219	220	162	161
220	221	163	162
221	222	164	163
222	223	165	164
223	224	166	165
224	225	167	166
225	226	168	167
226	227	169	168
227	228	170	169
228	229	171	170
229	230	172	171
230	231	173	172
231	232	174	173
232	175	117	174
233	234	176	175
234	235	177	176
235	236	178	177
236	237	179	178
237	238	180	179
238	239	181	180
239	240	182	181
240	241	183	182
241	242	184	183
242	243	185	184
243	244	186	185
244	245	187	186
245	246	188	187
246	247	189	188
247	248	190	189
248	249	191	190
249	250	192	191
250	251	193	192
251	252	194	193
252	253	195	194
253	254	196	195
254	255	197	196
255	256	198	197
256	257	199	198
257	258	200	199
258	259	201	200
259	260	202	201
260	261	203	202
261	262	204	203
262	263	205	204
263	264	206	205
264	265	207	206
265	266	208	207
266	267	209	208
267	268	210	209
268	269	211	210
269	270	212	211
270	271	213	212
271	272	214	213
272	273	215	214
273	274	216	215
274	275	217	216
275	276	218	217
276	277	219	218
277	278	220	219
278	279	221	220
279	280	222	221
280	281	223	222
281	282	224	223
282	283	225	224
283	284	226	225
284	285	227	226
285	286	228	227
286	287	229	228
287	288	230	229
288	289	231	230
289	290	232	231
290	233	175	232
291	292	234	233
292	293	235	234
293	294	236	235
294	295	237	236
295	296	238	237
296	297	239	238
297	298	240	239
298	299	241	240
299	300	242	241
300	301	243	242
301	302	244	243
302	303	245	244
303	304	246	245
304	305	247	246
305	306	248	247
306	307	249	248
307	308	250	249
308	309	251	250
309	310	252	251
310	311	253	252
311	312	254	253
312	313	255	254
313	314	256	255
314	315	257	256
315	316	258	257
316	317	259	258
317	318	260	259
318	319	261	260
319	320	262	261
320	321	263	262
321	322	264	263
322	323	265	264
323	324	266	265
324	325	267	266
325	326	268	267
326	327	269	268
327	328	270	269
328	329	271	270
329	330	272	271
330	331	273	272
331	332	274	273
332	333	275	274
333	334	276	275
334	335	277	276
335	336	278	277
336	337	279	278
337	338	280	279
338	339	281	280
339	340	282	281
340	341	283	282
341	342	284	283
342	343	285	284
343	344	286	285
344	345	287	286
345	346	288	287
346	347	289	288
347	348	290	289
348	291	233	290
349	350	292	291
350	351	293	292
351	352	294	293
352	353	295	294
353	354	296	295
354	355	297	296
355	356	298	297
356	357	299	298
357	358	300	299
358	359	301	300
359	360	302	301
360	361	303	302
361	362	304	303
362	363	305	304
363	364	306	305
364	365	307	306
365	366	308	307
366	367	309	308
367	368	310	309
368	369	311	310
369	370	312	311
370	371	313	312
371	372	314	313
372	373	315	314
373	374	316	315
374	375	317	316
375	376	318	317
376	377	319	318
377	378	320	319
378	379	321	320
379	380	322	321
380	381	323	322
381	382	324	323
382	383	325	324
383	384	326	325
384	385	327	326
385	386	328	327
386	387	329	328
387	388	330	329
388	389	331	330
389	390	332	331
390	391	333	332
391	392	334	333
392	393	335	334
393	394	336	335
394	395	337	336
395	396	338	337
396	397	339	338
397	398	340	339
398	399	341	340
399	400	342	341
400	401	343	342
401	402	344	343
402	403	345	344
403	404	346	345
404	405	347	346
405	406	348	347
406	349	291	348
407	408	350	349
408	409	351	350
409	410	352	351
410	411	353	352
411	412	354	353
412	413	355	354
413	414	356	355
414	415	357	356
415	416	358	357
416	417	359	358
417	418	360	359
418	419	361	360
419	420	362	361
420	421	363	362
421	422	364	363
422	423	365	364
423	424	366	365
424	425	367	366
425	426	368	367
426	427	369	368
427	428	370	369
428	429	371	370
429	430	372	371
430	431	373	372
431	432	374	373
432	433	375	374
433	434	376	375
434	435	377	376
435	436	378	377
436	437	379	378
437	438	380	379
438	439	381	380
439	440	382	381
440	441	383	382
441	442	384	383
442	443	385	384
443	444	386	385
444	445	387	386
445	446	388	387
446	447	389	388
447	448	390	389
448	449	391	390
449	450	392	391
450	451	393	392
451	452	394	393
452	453	395	394
453	454	396	395
454	455	397	396
455	456	398	397
456	457	399	398
457	458	400	399
458	459	401	400
459	460	402	401
460	461	403	402
461	462	404	403
462	463	405	404
463	464	406	405
464	407	349	406
465	466	408	407
466	467	409	408
467	468	410	409
468	469	411	410
469	470	412	411
470	471	413	412
471	472	414	413
472	473	415	414
473	474	416	415
474	475	417	416
475	476	418	417
476	477	419	418
477	478	420	419
478	479	421	420
479	480	422	421
480	481	423	422
481	482	424	423
482	483	425	424
483	484	426	425
484	485	427	426
485	486	428	427
486	487	429	428
487	488	430	429
488	489	431	430
489	490	432	431
490	491	433	432
491	492	434	433
492	493	435	434
493	494	436	435
494	495	437	436
495	496	438	437
496	497	439	438
497	498	440	439
498	499	441	440
499	500	442	441
500	501	443	442
501	502	444	443
502	503	445	444
503	504	446	445
504	505	447	446
505	506	448	447
506	507	449	448
507	508	450	449
508	509	451	450
509	510	452	451
510	511	453	452
511	512	454	453
512	513	455	454
513	514	456	455
514	515	457	456
515	516	458	457
516	517	459	458
517	518	460	459
518	519	461	460
519	520	462	461
520	521	463	462
521	522	464	463
522	465	407	464
523	524	466	465
524	525	467	466
525	526	468	467
526	527	469	468
527	528	470	469
528	529	471	470
529	530	472	471
530	531	473	472
531	532	474	473
532	533	475	474
533	534	476	475
534	535	477	476
535	536	478	477
536	537	479	478
537	538	480	479
538	539	481	480
539	540	482	481
540	541	483	482
541	542	484	483
542	543	485	484
543	544	486	485
544	545	487	486
545	546	488	487
546	547	489	488
547	548	490	489
548	549	491	490
549	550	492	491
550	551	493	492
551	552	494	493
552	553	495	494
553	554	496	495
554	555	497	496
555	556	498	497
556	557	499	498
557	558	500	499
558	559	501	500
559	560	502	501
560	561	503	502
561	562	504	503
562	563	505	504
563	564	506	505
564	565	507	506
565	566	508	507
566	567	509	508
567	568	510	509
568	569	511	510
569	570	512	511
570	571	513	512
571	572	514	513
572	573	515	514
573	574	516	515
574	575	517	516
575	576	518	517
576	577	519	518
577	578	520	519
578	579	521	520
579	580	522	521
580	523	465	522
581	582	524	523
582	583	525	524
583	584	526	525
584	585	527	526
585	586	528	527
586	587	529	528
587	588	530	529
588	589	531	530
589	590	532	531
590	591	533	532
591	592	534	533
592	593	535	534
593	594	536	535
594	595	537	536
595	596	538	537
596	597	539	538
597	598	540	539
598	599	541	540
599	600	542	541
600	601	543	542
601	602	544	543
602	603	545	544
603	604	546	545
604	605	547	546
605	606	548	547
606	607	549	548
607	608	550	549
608	609	551	550
609	610	552	551
610	611	553	552
611	612	554	553
612	613	555	554
613	614	556	555
614	615	557	556
615	616	558	557
616	617	559	558
617	618	560	559
618	619	561	560
619	620	562	561
620	621	563	562
621	622	564	563
622	623	565	564
623	624	566	565
624	625	567	566
625	626	568	567
626	627	569	568
627	628	570	569
628	629	571	570
629	630	572	571
630	631	573	572
631	632	574	573
632	633	575	574
633	634	576	575
634	635	577	576
635	636	578	577
636	637	579	578
637	638	580	579
638	581	523	580
639	640	582	581
640	641	583	582
641	642	584	583
642	643	585	584
643	644	586	585
644	645	587	586
645	646	588	587
646	647	589	588
647	648	590	589
648	649	591	590
649	650	592	591
650	651	593	592
651	652	594	593
652	653	595	594
653	654	596	595
654	655	597	596
655	656	598	597
656	657	599	598
657	658	600	599
658	659	601	600
659	660	602	601
660	661	603	602
661	662	604	603
662	663	605	604
663	664	606	605
664	665	607	606
665	666	608	607
666	667	609	608
667	668	610	609
668	669	611	610
669	670	612	611
670	671	613	612
671	672	614	613
672	673	615	614
673	674	616	615
674	675	617	616
675	676	618	617
676	677	619	618
677	678	620	619
678	679	621	620
679	680	622	621
680	681	623	622
681	682	624	623
682	683	625	624
683	684	626	625
684	685	627	626
685	686	628	627
686	687	629	628
687	688	630	629
688	689	631	630
689	690	632	631
690	691	633	632
691	692	634	633
692	693	635	634
693	694	636	635
694	695	637	636
695	696	638	637
696	639	581	638
697	698	640	639
698	699	641	640
699	700	642	641
700	701	643	642
701	702	644	643
702	703	645	644
703	704	646	645
704	705	647	646
705	706	648	647
706	707	649	648
707	708	650	649
708	709	651	650
709	710	652	651
710	711	653	652
711	712	654	653
712	713	655	654
713	714	656	655
714	715	657	656
715	716	658	657
716	717	659	658
717	718	660	659
718	719	661	660
719	720	662	661
720	721	663	662
721	722	664	663
722	723	665	664
723	724	666	665
724	725	667	666
725	726	668	667
726	727	669	668
727	728	670	669
728	729	671	670
729	730	672	671
730	731	673	672
731	732	674	673
732	733	675	674
733	734	676	675
734	735	677	676
735	736	678	677
736	737	679	678
737	738	680	679
738	739	681	680
739	740	682	681
740	741	683	682
741	742	684	683
742	743	685	684
743	744	686	685
744	745	687	686
745	746	688	687
746	747	689	688
747	748	690	689
748	749	691	690
749	750	692	691
750	751	693	692
751	752	694	693
752	753	695	694
753	754	696	695
754	697	639	696
755	756	698	697
756	757	699	698
757	758	700	699
758	759	701	700
759	760	702	701
760	761	703	702
761	762	704	703
762	763	705	704
763	764	706	705
764	765	707	706
765	766	708	707
766	767	709	708
767	768	710	709
768	769	711	710
769	770	712	711
770	771	713	712
771	772	714	713
772	773	715	714
773	774	716	715
774	775	717	716
775	776	718	717
776	777	719	718
777	778	720	719
778	779	721	720
779	780	722	721
780	781	723	722
781	782	724	723
782	783	725	724
783	784	726	725
784	785	727	726
785	786	728	727
786	787	729	728
787	788	730	729
788	789	731	730
789	790	732	731
790	791	733	732
791	792	734	733
792	793	735	734
793	794	736	735
794	795	737	736
795	796	738	737
796	797	739	738
797	798	740	739
798	799	741	740
799	800	742	741
800	801	743	742
801	802	744	743
802	803	745	744
803	804	746	745
804	805	747	746
805	806	748	747
806	807	749	748
807	808	750	749
808	809	751	750
809	810	752	751
810	811	753	752
811	812	754	753
812	755	697	754
813	814	756	755
814	815	757	756
815	816	758	757
816	817	759	758
817	818	760	759
818	819	761	760
819	820	762	761
820	821	763	762
821	822	764	763
822	823	765	764
823	824	766	765
824	825	767	766
825	826	768	767
826	827	769	768
827	828	770	769
828	829	771	770
829	830	772	771
830	831	773	772
831	832	774	773
832	833	775	774
833	834	776	775
834	835	777	776
835	836	778	777
836	837	779	778
837	838	780	779
838	839	781	780
839	840	782	781
840	841	783	782
841	842	784	783
842	843	785	784
843	844	786	785
844	845	787	786
845	846	788	787
846	847	789	788
847	848	790	789
848	849	791	790
849	850	792	791
850	851	793	792
851	852	794	793
852	853	795	794
853	854	796	795
854	855	797	796
855	856	798	797
856	857	799	798
857	858	800	799
858	859	801	800
859	860	802	801
860	861	803	802
861	862	804	803
862	863	805	804
863	864	806	805
864	865	807	806
865	866	808	807
866	867	809	808
867	868	810	809
868	869	811	810
869	870	812	811
870	813	755	812
871	872	814	813
872	873	815	814
873	874	816	815
874	875	817	816
875	876	818	817
876	877	819	818
877	878	820	819
878	879	821	820
879	880	822	821
880	881	823	822
881	882	824	823
882	883	825	824
883	884	826	825
884	885	827	826
885	886	828	827
886	887	829	828
887	888	830	829
888	889	831	830
889	890	832	831
890	891	833	832
891	892	834	833
892	893	835	834
893	894	836	835
894	895	837	836
895	896	838	837
896	897	839	838
897	898	840	839
898	899	841	840
899	900	842	841
900	901	843	842
901	902	844	843
902	903	845	844
903	904	846	845
904	905	847	846
905	906	848	847
906	907	849	848
907	908	850	849
908	909	851	850
909	910	852	851
910	911	853	852
911	912	854	853
912	913	855	854
913	914	856	855
914	915	857	856
915	916	858	857
916	917	859	858
917	918	860	859
918	919	861	860
919	920	862	861
920	921	863	862
921	922	864	863
922	923	865	864
923	924	866	865
924	925	867	866
925	926	868	867
926	927	869	868
927	928	870	869
928	871	813	870
929	930	872	871
930	931	873	872
931	932	874	873
932	933	875	874
933	934	876	875
934	935	877	876
935	936	878	877
936	937	879	878
937	938	880	879
938	939	881	880
939	940	882	881
940	941	883	882
941	942	884	883
942	943	885	884
943	944	886	885
944	945	887	886
945	946	888	887
946	947	889	888
947	948	890	889
948	949	891	890
949	950	892	891
950	951	893	892
951	952	894	893
952	953	895	894
953	954	896	895
954	955	897	896
955	956	898	897
956	957	899	898
957	958	900	899
958	959	901	900
959	960	902	901
960	961	903	902
961	962	904	903
962	963	905	904
963	964	906	905
964	965	907	906
965	966	908	907
966	967	909	908
967	968	910	909
968	969	911	910
969	970	912	911
970	971	913	912
971	972	914	913
972	973	915	914
973	974	916	915
974	975	917	916
975	976	918	917
976	977	919	918
977	978	920	919
978	979	921	920
979	980	922	921
980	981	923	922
981	982	924	923
982	983	925	924
983	984	926	925
984	985	927	926
985	986	928	927
986	929	871	928
987	988	930	929
988	989	931	930
989	990	932	931
990	991	933	932
991	992	934	933
992	993	935	934
993	994	936	935
994	995	937	936
995	996	938	937
996	997	939	938
997	998	940	939
998	999	941	940
999	1000	942	941
1000	1001	943	942
1001	1002	944	943
1002	1003	945	944
1003	1004	946	945
1004	1005	947	946
1005	1006	948	947
1006	1007	949	948
1007	1008	950	949
1008	1009	951	950
1009	1010	952	951
1010	1011	953	952
1011	1012	954	953
1012	1013	955	954
1013	1014	956	955
1014	1015	957	956
1015	1016	958	957
1016	1017	959	958
1017	1018	960	959
1018	1019	961	960
1019	1020	962	961
1020	1021	963	962
1021	1022	964	963
1022	1023	965	964
1023	1024	966	965
1024	1025	967	966
1025	1026	968	967
1026	1027	969	968
1027	1028	970	969
1028	1029	971	970
1029	1030	972	971
1030	1031	973	972
1031	1032	974	973
1032	1033	975	974
1033	1034	976	975
1034	1035	977	976
1035	1036	978	977
1036	1037	979	978
1037	1038	980	979
1038	1039	981	980
1039	1040	982	981
1040	1041	983	982
1041	1042	984	983
1042	1043	985	984
1043	1044	986	985
1044	987	929	986
1045	1046	988	987
1046	1047	989	988
1047	1048	990	989
1048	1049	991	990
1049	1050	992	991
1050	1051	993	992
1051	1052	994	993
1052	1053	995	994
1053	1054	996	995
1054	1055	997	996
1055	1056	998	997
1056	1057	999	998
1057	1058	1000	999
1058	1059	1001	1000
1059	1060	1002	1001
1060	1061	1003	1002
1061	1062	1004	1003
1062	1063	1005	1004
1063	1064	1006	1005
1064	1065	1007	1006
1065	1066	1008	1007
1066	1067	1009	1008
1067	1068	1010	1009
1068	1069	1011	1010
1069	1070	1012	1011
1070	1071	1013	1012
1071	1072	1014	1013
1072	1073	1015	1014
1073	1074	1016	1015
1074	1075	1017	1016
1075	1076	1018	1017
1076	1077	1019	1018
1077	1078	1020	1019
1078	1079	1021	1020
1079	1080	1022	1021
1080	1081	1023	1022
1081	1082	1024	1023
1082	1083	1025	1024
1083	1084	1026	1025
1084	1085	1027	1026
1085	1086	1028	1027
1086	1087	1029	1028
1087	1088	1030	1029
1088	1089	1031	1030
1089	1090	1032	1031
1090	1091	1033	1032
1091	1092	1034	1033
1092	1093	1035	1034
1093	1094	1036	1035
1094	1095	1037	1036
1095	1096	1038	1037
1096	1097	1039	1038
1097	1098	1040	1039
1098	1099	1041	1040
1099	1100	1042	1041
1100	1101	1043	1042
1101	1102	1044	1043
1102	1045	987	1044
1103	1104	1046	1045
1104	1105	1047	1046
1105	1106	1048	1047
1106	1107	1049	1048
1107	1108	1050	1049
1108	1109	1051	1050
1109	1110	1052	1051
1110	1111	1053	1052
1111	1112	1054	1053
1112	1113	1055	1054
1113	1114	1056	1055
1114	1115	1057	1056
1115	1116	1058	1057
1116	1117	1059	1058
1117	1118	1060	1059
1118	1119	1061	1060
1119	1120	1062	1061
1120	1121	1063	1062
1121	1122	1064	1063
1122	1123	1065	1064
1123	1124	1066	1065
1124	1125	1067	1066
1125	1126	1068	1067
1126	1127	1069	1068
1127	1128	1070	1069
1128	1129	1071	1070
1129	1130	1072	1071
1130	1131	1073	1072
1131	1132	1074	1073
1132	1133	1075	1074
1133	1134	1076	1075
1134	1135	1077	1076
1135	1136	1078	1077
1136	1137	1079	1078
1137	1138	1080	1079
1138	1139	1081	1080
1139	1140	1082	1081
1140	1141	1083	1082
1141	1142	1084	1083
1142	1143	1085	1084
1143	1144	1086	1085
1144	1145	1087	1086
1145	1146	1088	1087
1146	1147	1089	1088
1147	1148	1090	1089
1148	1149	1091	1090
1149	1150	1092	1091
1150	1151	1093	1092
1151	1152	1094	1093
1152	1153	1095	1094
1153	1154	1096	1095
1154	1155	1097	1096
1155	1156	1098	1097
1156	1157	1099	1098
1157	1158	1100	1099
1158	1159	1101	1100
1159	1160	1102	1101
1160	1103	1045	1102
1161	1162	1104	1103
1162	1163	1105	1104
1163	1164	1106	1105
1164	1165	1107	1106
1165	1166	1108	1107
1166	1167	1109	1108
1167	1168	1110	1109
1168	1169	1111	1110
1169	1170	1112	1111
1170	1171	1113	1112
1171	1172	1114	1113
1172	1173	1115	1114
1173	1174	1116	1115
1174	1175	1117	1116
1175	1176	1118	1117
1176	1177	1119	1118
1177	1178	1120	1119
1178	1179	1121	1120
1179	1180	1122	1121
1180	1181	1123	1122
1181	1182	1124	1123
1182	1183	1125	1124
1183	1184	1126	1125
1184	1185	1127	1126
1185	1186	1128	1127
1186	1187	1129	1128
1187	1188	1130	1129
1188	1189	1131	1130
1189	1190	1132	1131
1190	1191	1133	1132
1191	1192	1134	1133
1192	1193	1135	1134
1193	1194	1136	1135
1194	1195	1137	1136
1195	1196	1138	1137
1196	1197	1139	1138
1197	1198	1140	1139
1198	1199	1141	1140
1199	1200	1142	1141
1200	1201	1143	1142
1201	1202	1144	1143
1202	1203	1145	1144
1203	1204	1146	1145
1204	1205	1147	1146
1205	1206	1148	1147
1206	1207	1149	1148
1207	1208	1150	1149
1208	1209	1151	1150
1209	1210	1152	1151
1210	1211	1153	1152
1211	1212	1154	1153
1212	1213	1155	1154
1213	1214	1156	1155
1214	1215	1157	1156
1215	1216	1158	1157
1216	1217	1159	1158
1217	1218	1160	1159
1218	1161	1103	1160
1219	1220	1162	1161
1220	1221	1163	1162
1221	1222	1164	1163
1222	1223	1165	1164
1223	1224	1166	1165
1224	1225	1167	1166
1225	1226	1168	1167
1226	1227	1169	1168
1227	1228	1170	1169
1228	1229	1171	1170
1229	1230	1172	1171
1230	1231	1173	1172
1231	1232	1174	1173
1232	1233	1175	1174
1233	1234	1176	1175
1234	1235	1177	1176
1235	1236	1178	1177
1236	1237	1179	1178
1237	1238	1180	1179
1238	1239	1181	1180
1239	1240	1182	1181
1240	1241	1183	1182
1241	1242	1184	1183
1242	1243	1185	1184
1243	1244	1186	1185
1244	1245	1187	1186
1245	1246	1188	1187
1246	1247	1189	1188
1247	1248	1190	1189
1248	1249	1191	1190
1249	1250	1192	1191
1250	1251	1193	1192
1251	1252	1194	1193
1252	1253	1195	1194
1253	1254	1196	1195
1254	1255	1197	1196
1255	1256	1198	1197
1256	1257	1199	1198
1257	1258	1200	1199
1258	1259	1201	1200
1259	1260	1202	1201
1260	1261	1203	1202
1261	1262	1204	1203
1262	1263	1205	1204
1263	1264	1206	1205
1264	1265	1207	1206
1265	1266	1208	1207
1266	1267	1209	1208
1267	1268	1210	1209
1268	1269	1211	1210
1269	1270	1212	1211
1270	1271	1213	1212
1271	1272	1214	1213
1272	1273	1215	1214
1273	1274	1216	1215
1274	1275	1217	1216
1275	1276	1218	1217
1276	1219	1161	1218
1277	1278	1220	1219
1278	1279	1221	1220
1279	1280	1222	1221
1280	1281	1223	1222
1281	1282	1224	1223
1282	1283	1225	1224
1283	1284	1226	1225
1284	1285	1227	1226
1285	1286	1228	1227
1286	1287	1229	1228
1287	1288	1230	1229
1288	1289	1231	1230
1289	1290	1232	1231
1290	1291	1233	1232
1291	1292	1234	1233
1292	1293	1235	1234
1293	1294	1236	1235
1294	1295	1237	1236
1295	1296	1238	1237
1296	1297	1239	1238
1297	1298	1240	1239
1298	1299	1241	1240
1299	1300	1242	1241
1300	1301	1243	1242
1301	1302	1244	1243
1302	1303	1245	1244
1303	1304	1246	1245
1304	1305	1247	1246
1305	1306	1248	1247
1306	1307	1249	1248
1307	1308	1250	1249
1308	1309	1251	1250
1309	1310	1252	1251
1310	1311	1253	1252
1311	1312	1254	1253
1312	1313	1255	1254
1313	1314	1256	1255
1314	1315	1257	1256
1315	1316	1258	1257
1316	1317	1259	1258
1317	1318	1260	1259
1318	1319	1261	1260
1319	1320	1262	1261
1320	1321	1263	1262
1321	1322	1264	1263
1322	1323	1265	1264
1323	1324	1266	1265
1324	1325	1267	1266
1325	1326	1268	1267
1326	1327	1269	1268
1327	1328	1270	1269
1328	1329	1271	1270
1329	1330	1272	1271
1330	1331	1273	1272
1331	1332	1274	1273
1332	1333	1275	1274
1333	1334	1276	1275
1334	1277	1219	1276
1335	1336	1278	1277
1336	1337	1279	1278
1337	1338	1280	1279
1338	1339	1281	1280
1339	1340	1282	1281
1340	1341	1283	1282
1341	1342	1284	1283
1342	1343	1285	1284
1343	1344	1286	1285
1344	1345	1287	1286
1345	1346	1288	1287
1346	1347	1289	1288
1347	1348	1290	1289
1348	1349	1291	1290
1349	1350	1292	1291
1350	1351	1293	1292
1351	1352	1294	1293
1352	1353	1295	1294
1353	1354	1296	1295
1354	1355	1297	1296
1355	1356	1298	1297
1356	1357	1299	1298
1357	1358	1300	1299
1358	1359	1301	1300
1359	1360	1302	1301
1360	1361	1303	1302
1361	1362	1304	1303
1362	1363	1305	1304
1363	1364	1306	1305
1364	1365	1307	1306
1365	1366	1308	1307
1366	1367	1309	1308
1367	1368	1310	1309
1368	1369	1311	1310
1369	1370	1312	1311
1370	1371	1313	1312
1371	1372	1314	1313
1372	1373	1315	1314
1373	1374	1316	1315
1374	1375	1317	1316
1375	1376	1318	1317
1376	1377	1319	1318
1377	1378	1320	1319
1378	1379	1321	1320
1379	1380	1322	1321
1380	1381	1323	1322
1381	1382	1324	1323
1382	1383	1325	1324
1383	1384	1326	1325
1384	1385	1327	1326
1385	1386	1328	1327
1386	1387	1329	1328
1387	1388	1330	1329
1388	1389	1331	1330
1389	1390	1332	1331
1390	1391	1333	1332
1391	1392	1334	1333
1392	1335	1277	1334
1393	1394	1336	1335
1394	1395	1337	1336
1395	1396	1338	1337
1396	1397	1339	1338
1397	1398	1340	1339
1398	1399	1341	1340
1399	1400	1342	1341
1400	1401	1343	1342
1401	1402	1344	1343
1402	1403	1345	1344
1403	1404	1346	1345
1404	1405	1347	1346
1405	1406	1348	1347
1406	1407	1349	1348
1407	1408	1350	1349
1408	1409	1351	1350
1409	1410	1352	1351
1410	1411	1353	1352
1411	1412	1354	1353
1412	1413	1355	1354
1413	1414	1356	1355
1414	1415	1357	1356
1415	1416	1358	1357
1416	1417	1359	1358
1417	1418	1360	1359
1418	1419	1361	1360
1419	1420	1362	1361
1420	1421	1363	1362
1421	1422	1364	1363
1422	1423	1365	1364
1423	1424	1366	1365
1424	1425	1367	1366
1425	1426	1368	1367
1426	1427	1369	1368
1427	1428	1370	1369
1428	1429	1371	1370
1429	1430	1372	1371
1430	1431	1373	1372
1431	1432	1374	1373
1432	1433	1375	1374
1433	1434	1376	1375
1434	1435	1377	1376
1435	1436	1378	1377
1436	1437	1379	1378
1437	1438	1380	1379
1438	1439	1381	1380
1439	1440	1382	1381
1440	1441	1383	1382
1441	1442	1384	1383
1442	1443	1385	1384
1443	1444	1386	1385
1444	1445	1387	1386
1445	1446	1388	1387
1446	1447	1389	1388
1447	1448	1390	1389
1448	1449	1391	1390
1449	1450	1392	1391
1450	1393	1335	1392
1451	1452	1394	1393
1452	1453	1395	1394
1453	1454	1396	1395
1454	1455	1397	1396
1455	1456	1398	1397
1456	1457	1399	1398
1457	1458	1400	1399
1458	1459	1401	1400
1459	1460	1402	1401
1460	1461	1403	1402
1461	1462	1404	1403
1462	1463	1405	1404
1463	1464	1406	1405
1464	1465	1407	1406
1465	1466	1408	1407
1466	1467	1409	1408
1467	1468	1410	1409
1468	1469	1411	1410
1469	1470	1412	1411
1470	1471	1413	1412
1471	1472	1414	1413
1472	1473	1415	1414
1473	1474	1416	1415
1474	1475	1417	1416
1475	1476	1418	1417
1476	1477	1419	1418
1477	1478	1420	1419
1478	1479	1421	1420
1479	1480	1422	1421
1480	1481	1423	1422
1481	1482	1424	1423
1482	1483	1425	1424
1483	1484	1426	1425
1484	1485	1427	1426
1485	1486	1428	1427
1486	1487	1429	1428
1487	1488	1430	1429
1488	1489	1431	1430
1489	1490	1432	1431
1490	1491	1433	1432
1491	1492	1434	1433
1492	1493	1435	1434
1493	1494	1436	1435
1494	1495	1437	1436
1495	1496	1438	1437
1496	1497	1439	1438
1497	1498	1440	1439
1498	1499	1441	1440
1499	1500	1442	1441
1500	1501	1443	1442
1501	1502	1444	1443
1502	1503	1445	1444
1503	1504	1446	1445
1504	1505	1447	1446
1505	1506	1448	1447
1506	1507	1449	1448
1507	1508	1450	1449
1508	1451	1393	1450
1509	1510	1452	1451
1510	1511	1453	1452
1511	1512	1454	1453
1512	1513	1455	1454
1513	1514	1456	1455
1514	1515	1457	1456
1515	1516	1458	1457
1516	1517	1459	1458
1517	1518	1460	1459
1518	1519	1461	1460
1519	1520	1462	1461
1520	1521	1463	1462
1521	1522	1464	1463
1522	1523	1465	1464
1523	1524	1466	1465
1524	1525	1467	1466
1525	1526	1468	1467
1526	1527	1469	1468
1527	1528	1470	1469
1528	1529	1471	1470
1529	1530	1472	1471
1530	1531	1473	1472
1531	1532	1474	1473
1532	1533	1475	1474
1533	1534	1476	1475
1534	1535	1477	1476
1535	1536	1478	1477
1536	1537	1479	1478
1537	1538	1480	1479
1538	1539	1481	1480
1539	1540	1482	1481
1540	1541	1483	1482
1541	1542	1484	1483
1542	1543	1485	1484
1543	1544	1486	1485
1544	1545	1487	1486
1545	1546	1488	1487
1546	1547	1489	1488
1547	1548	1490	1489
1548	1549	1491	1490
1549	1550	1492	1491
1550	1551	1493	1492
1551	1552	1494	1493
1552	1553	1495	1494
1553	1554	1496	1495
1554	1555	1497	1496
1555	1556	1498	1497
1556	1557	1499	1498
1557	1558	1500	1499
1558	1559	1501	1500
1559	1560	1502	1501
1560	1561	1503	1502
1561	1562	1504	1503
1562	1563	1505	1504
1563	1564	1506	1505
1564	1565	1507	1506
1565	1566	1508	1507
1566	1509	1451	1508
1567	1568	1510	1509
1568	1569	1511	1510
1569	1570	1512	1511
1570	1571	1513	1512
1571	1572	1514	1513
1572	1573	1515	1514
1573	1574	1516	1515
1574	1575	1517	1516
1575	1576	1518	1517
1576	1577	1519	1518
1577	1578	1520	1519
1578	1579	1521	1520
1579	1580	1522	1521
1580	1581	1523	1522
1581	1582	1524	1523
1582	1583	1525	1524
1583	1584	1526	1525
1584	1585	1527	1526
1585	1586	1528	1527
1586	1587	1529	1528
1587	1588	1530	1529
1588	1589	1531	1530
1589	1590	1532	1531
1590	1591	1533	1532
1591	1592	1534	1533
1592	1593	1535	1534
1593	1594	1536	1535
1594	1595	1537	1536
1595	1596	1538	1537
1596	1597	1539	1538
1597	1598	1540	1539
1598	1599	1541	1540
1599	1600	1542	1541
1600	1601	1543	1542
1601	1602	1544	1543
1602	1603	1545	1544
1603	1604	1546	1545
1604	1605	1547	1546
1605	1606	1548	1547
1606	1607	1549	1548
1607	1608	1550	1549
1608	1609	1551	1550
1609	1610	1552	1551
1610	1611	1553	1552
1611	1612	1554	1553
1612	1613	1555	1554
1613	1614	1556	1555
1614	1615	1557	1556
1615	1616	1558	1557
1616	1617	1559	1558
1617	1618	1560	1559
1618	1619	1561	1560
1619	1620	1562	1561
1620	1621	1563	1562
1621	1622	1564	1563
1622	1623	1565	1564
1623	1624	1566	1565
1624	1567	1509	1566
1625	1626	1568	1567
1626	1627	1569	1568
1627	1628	1570	1569
1628	1629	1571	1570
1629	1630	1572	1571
1630	1631	1573	1572
1631	1632	1574	1573
1632	1633	1575	1574
1633	1634	1576	1575
1634	1635	1577	1576
1635	1636	1578	1577
1636	1637	1579	1578
1637	1638	1580	1579
1638	1639	1581	1580
1639	1640	1582	1581
1640	1641	1583	1582
1641	1642	1584	1583
1642	1643	1585	1584
1643	1644	1586	1585
1644	1645	1587	1586
1645	1646	1588	1587
1646	1647	1589	1588
1647	1648	1590	1589
1648	1649	1591	1590
1649	1650	1592	1591
1650	1651	1593	1592
1651	1652	1594	1593
1652	1653	1595	1594
1653	1654	1596	1595
1654	1655	1597	1596
1655	1656	1598	1597
1656	1657	1599	1598
1657	1658	1600	1599
1658	1659	1601	1600
1659	1660	1602	1601
1660	1661	1603	1602
1661	1662	1604	1603
1662	1663	1605	1604
1663	1664	1606	1605
1664	1665	1607	1606
1665	1666	1608	1607
1666	1667	1609	1608
1667	1668	1610	1609
1668	1669	1611	1610
1669	1670	1612	1611
1670	1671	1613	1612
1671	1672	1614	1613
1672	1673	1615	1614
1673	1674	1616	1615
1674	1675	1617	1616
1675	1676	1618	1617
1676	1677	1619	1618
1677	1678	1620	1619
1678	1679	1621	1620
1679	1680	1622	1621
1680	1681	1623	1622
1681	1682	1624	1623
1682	1625	1567	1624
1683	1684	1626	1625
1684	1685	1627	1626
1685	1686	1628	1627
1686	1687	1629	1628
1687	1688	1630	1629
1688	1689	1631	1630
1689	1690	1632	1631
1690	1691	1633	1632
1691	1692	1634	1633
1692	1693	1635	1634
1693	1694	1636	1635
1694	1695	1637	1636
1695	1696	1638	1637
1696	1697	1639	1638
1697	1698	1640	1639
1698	1699	1641	1640
1699	1700	1642	1641
1700	1701	1643	1642
1701	1702	1644	1643
1702	1703	1645	1644
1703	1704	1646	1645
1704	1705	1647	1646
1705	1706	1648	1647
1706	1707	1649	1648
1707	1708	1650	1649
1708	1709	1651	1650
1709	1710	1652	1651
1710	1711	1653	1652
1711	1712	1654	1653
1712	1713	1655	1654
1713	1714	1656	1655
1714	1715	1657	1656
1715	1716	1658	1657
1716	1717	1659	1658
1717	1718	1660	1659
1718	1719	1661	1660
1719	1720	1662	1661
1720	1721	1663	1662
1721	1722	1664	1663
1722	1723	1665	1664
1723	1724	1666	1665
1724	1725	1667	1666
1725	1726	1668	1667
1726	1727	1669	1668
1727	1728	1670	1669
1728	1729	1671	1670
1729	1730	1672	1671
1730	1731	1673	1672
1731	1732	1674	1673
1732	1733	1675	1674
1733	1734	1676	1675
1734	1735	1677	1676
1735	1736	1678	1677
1736	1737	1679	1678
1737	1738	1680	1679
1738	1739	1681	1680
1739	1740	1682	1681
1740	1683	1625	1682
1741	1742	1684	1683
1742	1743	1685	1684
1743	1744	1686	1685
1744	1745	1687	1686
1745	1746	1688	1687
1746	1747	1689	1688
1747	1748	1690	1689
1748	1749	1691	1690
1749	1750	1692	1691
1750	1751	1693	1692
1751	1752	1694	1693
1752	1753	1695	1694
1753	1754	1696	1695
1754	1755	1697	1696
1755	1756	1698	1697
1756	1757	1699	1698
1757	1758	1700	1699
1758	1759	1701	1700
1759	1760	1702	1701
1760	1761	1703	1702
1761	1762	1704	1703
1762	1763	1705	1704
1763	1764	1706	1705
1764	1765	1707	1706
1765	1766	1708	1707
1766	1767	1709	1708
1767	1768	1710	1709
1768	1769	1711	1710
1769	1770	1712	1711
1770	1771	1713	1712
1771	1772	1714	1713
1772	1773	1715	1714
1773	1774	1716	1715
1774	1775	1717	1716
1775	1776	1718	1717
1776	1777	1719	1718
1777	1778	1720	1719
1778	1779	1721	1720
1779	1780	1722	1721
1780	1781	1723	1722
1781	1782	1724	1723
1782	1783	1725	1724
1783	1784	1726	1725
1784	1785	1727	1726
1785	1786	1728	1727
1786	1787	1729	1728
1787	1788	1730	1729
1788	1789	1731	1730
1789	1790	1732	1731
1790	1791	1733	1732
1791	1792	1734	1733
1792	1793	1735	1734
1793	1794	1736	1735
1794	1795	1737	1736
1795	1796	1738	1737
1796	1797	1739	1738
1797	1798	1740	1739
1798	1741	1683	1740
1799	1800	1742	1741
1800	1801	1743	1742
1801	1802	1744	1743
1802	1803	1745	1744
1803	1804	1746	1745
1804	1805	1747	1746
1805	1806	1748	1747
1806	1807	1749	1748
1807	1808	1750	1749
1808	1809	1751	1750
1809	1810	1752	1751
1810	1811	1753	1752
1811	1812	1754	1753
1812	1813	1755	1754
1813	1814	1756	1755
1814	1815	1757	1756
1815	1816	1758	1757
1816	1817	1759	1758
1817	1818	1760	1759
1818	1819	1761	1760
1819	1820	1762	1761
1820	1821	1763	1762
1821	1822	1764	1763
1822	1823	1765	1764
1823	1824	1766	1765
1824	1825	1767	1766
1825	1826	1768	1767
1826	1827	1769	1768
1827	1828	1770	1769
1828	1829	1771	1770
1829	1830	1772	1771
1830	1831	1773	1772
1831	1832	1774	1773
1832	1833	1775	1774
1833	1834	1776	1775
1834	1835	1777	1776
1835	1836	1778	1777
1836	1837	1779	1778
1837	1838	1780	1779
1838	1839	1781	1780
1839	1840	1782	1781
1840	1841	1783	1782
1841	1842	1784	1783
1842	1843	1785	1784
1843	1844	1786	1785
1844	1845	1787	1786
1845	1846	1788	1787
1846	1847	1789	1788
1847	1848	1790	1789
1848	1849	1791	1790
1849	1850	1792	1791
1850	1851	1793	1792
1851	1852	1794	1793
1852	1853	1795	1794
1853	1854	1796	1795
1854	1855	1797	1796
1855	1856	1798	1797
1856	1799	1741	1798
1857	1858	1800	1799
1858	1859	1801	1800
1859	1860	1802	1801
1860	1861	1803	1802
1861	1862	1804	1803
1862	1863	1805	1804
1863	1864	1806	1805
1864	1865	1807	1806
1865	1866	1808	1807
1866	1867	1809	1808
1867	1868	1810	1809
1868	1869	1811	1810
1869	1870	1812	1811
1870	1871	1813	1812
1871	1872	1814	1813
1872	1873	1815	1814
1873	1874	1816	1815
1874	1875	1817	1816
1875	1876	1818	1817
1876	1877	1819	1818
1877	1878	1820	1819
1878	1879	1821	1820
1879	1880	1822	1821
1880	1881	1823	1822
1881	1882	1824	1823
1882	1883	1825	1824
1883	1884	1826	1825
1884	1885	1827	1826
1885	1886	1828	1827
1886	1887	1829	1828
1887	1888	1830	1829
1888	1889	1831	1830
1889	1890	1832	1831
1890	1891	1833	1832
1891	1892	1834	1833
1892	1893	1835	1834
1893	1894	1836	1835
1894	1895	1837	1836
1895	1896	1838	1837
1896	1897	1839	1838
1897	1898	1840	1839
1898	1899	1841	1840
1899	1900	1842	1841
1900	1901	1843	1842
1901	1902	1844	1843
1902	1903	1845	1844
1903	1904	1846	1845
1904	1905	1847	1846
1905	1906	1848	1847
1906	1907	1849	1848
1907	1908	1850	1849
1908	1909	1851	1850
1909	1910	1852	1851
1910	1911	1853	1852
1911	1912	1854	1853
1912	1913	1855	1854
1913	1914	1856	1855
1914	1857	1799	1856
1915	1916	1858	1857
1916	1917	1859	1858
1917	1918	1860	1859
1918	1919	1861	1860
1919	1920	1862	1861
1920	1921	1863	1862
1921	1922	1864	1863
1922	1923	1865	1864
1923	1924	1866	1865
1924	1925	1867	1866
1925	1926	1868	1867
1926	1927	1869	1868
1927	1928	1870	1869
1928	1929	1871	1870
1929	1930	1872	1871
1930	1931	1873	1872
1931	1932	1874	1873
1932	1933	1875	1874
1933	1934	1876	1875
1934	1935	1877	1876
1935	1936	1878	1877
1936	1937	1879	1878
1937	1938	1880	1879
1938	1939	1881	1880
1939	1940	1882	1881
1940	1941	1883	1882
1941	1942	1884	1883
1942	1943	1885	1884
1943	1944	1886	1885
1944	1945	1887	1886
1945	1946	1888	1887
1946	1947	1889	1888
1947	1948	1890	1889
1948	1949	1891	1890
1949	1950	1892	1891
1950	1951	1893	1892
1951	1952	1894	1893
1952	1953	1895	1894
1953	1954	1896	1895
1954	1955	1897	1896
1955	1956	1898	1897
1956	1957	1899	1898
1957	1958	1900	1899
1958	1959	1901	1900
1959	1960	1902	1901
1960	1961	1903	1902
1961	1962	1904	1903
1962	1963	1905	1904
1963	1964	1906	1905
1964	1965	1907	1906
1965	1966	1908	1907
1966	1967	1909	1908
1967	1968	1910	1909
1968	1969	1911	1910
1969	1970	1912	1911
1970	1971	1913	1912
1971	1972	1914	1913
1972	1915	1857	1914
1973	1974	1916	1915
1974	1975	1917	1916
1975	1976	1918	1917
1976	1977	1919	1918
1977	1978	1920	1919
1978	1979	1921	1920
1979	1980	1922	1921
1980	1981	1923	1922
1981	1982	1924	1923
1982	1983	1925	1924
1983	1984	1926	1925
1984	1985	1927	1926
1985	1986	1928	1927
1986	1987	1929	1928
1987	1988	1930	1929
1988	1989	1931	1930
1989	1990	1932	1931
1990	1991	1933	1932
1991	1992	1934	1933
1992	1993	1935	1934
1993	1994	1936	1935
1994	1995	1937	1936
1995	1996	1938	1937
1996	1997	1939	1938
1997	1998	1940	1939
1998	1999	1941	1940
1999	2000	1942	1941
2000	2001	1943	1942
2001	2002	1944	1943
2002	2003	1945	1944
2003	2004	1946	1945
2004	2005	1947	1946
2005	2006	1948	1947
2006	2007	1949	1948
2007	2008	1950	1949
2008	2009	1951	1950
2009	2010	1952	1951
2010	2011	1953	1952
2011	2012	1954	1953
2012	2013	1955	1954
2013	2014	1956	1955
2014	2015	1957	1956
2015	2016	1958	1957
2016	2017	1959	1958
2017	2018	1960	1959
2018	2019	1961	1960
2019	2020	1962	1961
2020	2021	1963	1962
2021	2022	1964	1963
2022	2023	1965	1964
2023	2024	1966	1965
2024	2025	1967	1966
2025	2026	1968	1967
2026	2027	1969	1968
2027	2028	1970	1969
2028	2029	1971	1970
2029	2030	1972	1971
2030	1973	1915	1972
2031	2032	1974	1973
2032	2033	1975	1974
2033	2034	1976	1975
2034	2035	1977	1976
2035	2036	1978	1977
2036	2037	1979	1978
2037	2038	1980	1979
2038	2039	1981	1980
2039	2040	1982	1981
2040	2041	1983	1982
2041	2042	1984	1983
2042	2043	1985	1984
2043	2044	1986	1985
2044	2045	1987	1986
2045	2046	1988	1987
2046	2047	1989	1988
2047	2048	1990	1989
2048	2049	1991	1990
2049	2050	1992	1991
2050	2051	1993	1992
2051	2052	1994	1993
2052	2053	1995	1994
2053	2054	1996	1995
2054	2055	1997	1996
2055	2056	1998	1997
2056	2057	1999	1998
2057	2058	2000	1999
2058	2059	2001	2000
2059	2060	2002	2001
2060	2061	2003	2002
2061	2062	2004	2003
2062	2063	2005	2004
2063	2064	2006	2005
2064	2065	2007	2006
2065	2066	2008	2007
2066	2067	2009	2008
2067	2068	2010	2009
2068	2069	2011	2010
2069	2070	2012	2011
2070	2071	2013	2012
2071	2072	2014	2013
2072	2073	2015	2014
2073	2074	2016	2015
2074	2075	2017	2016
2075	2076	2018	2017
2076	2077	2019	2018
2077	2078	2020	2019
2078	2079	2021	2020
2079	2080	2022	2021
2080	2081	2023	2022
2081	2082	2024	2023
2082	2083	2025	2024
2083	2084	2026	2025
2084	2085	2027	2026
2085	2086	2028	2027
2086	2087	2029	2028
2087	2088	2030	2029
2088	2031	1973	2030
2089	2090	2032	2031
2090	2091	2033	2032
2091	2092	2034	2033
2092	2093	2035	2034
2093	2094	2036	2035
2094	2095	2037	2036
2095	2096	2038	2037
2096	2097	2039	2038
2097	2098	2040	2039
2098	2099	2041	2040
2099	2100	2042	2041
2100	2101	2043	2042
2101	2102	2044	2043
2102	2103	2045	2044
2103	2104	2046	2045
2104	2105	2047	2046
2105	2106	2048	2047
2106	2107	2049	2048
2107	2108	2050	2049
2108	2109	2051	2050
2109	2110	2052	2051
2110	2111	2053	2052
2111	2112	2054	2053
2112	2113	2055	2054
2113	2114	2056	2055
2114	2115	2057	2056
2115	2116	2058	2057
2116	2117	2059	2058
2117	2118	2060	2059
2118	2119	2061	2060
2119	2120	2062	2061
2120	2121	2063	2062
2121	2122	2064	2063
2122	2123	2065	2064
2123	2124	2066	2065
2124	2125	2067	2066
2125	2126	2068	2067
2126	2127	2069	2068
2127	2128	2070	2069
2128	2129	2071	2070
2129	2130	2072	2071
2130	2131	2073	2072
2131	2132	2074	2073
2132	2133	2075	2074
2133	2134	2076	2075
2134	2135	2077	2076
2135	2136	2078	2077
2136	2137	2079	2078
2137	2138	2080	2079
2138	2139	2081	2080
2139	2140	2082	2081
2140	2141	2083	2082
2141	2142	2084	2083
2142	2143	2085	2084
2143	2144	2086	2085
2144	2145	2087	2086
2145	2146	2088	2087
2146	2089	2031	2088
2147	2148	2090	2089
2148	2149	2091	2090
2149	2150	2092	2091
2150	2151	2093	2092
2151	2152	2094	2093
2152	2153	2095	2094
2153	2154	2096	2095
2154	2155	2097	2096
2155	2156	2098	2097
2156	2157	2099	2098
2157	2158	2100	2099
2158	2159	2101	2100
2159	2160	2102	2101
2160	2161	2103	2102
2161	2162	2104	2103
2162	2163	2105	2104
2163	2164	2106	2105
2164	2165	2107	2106
2165	2166	2108	2107
2166	2167	2109	2108
2167	2168	2110	2109
2168	2169	2111	2110
2169	2170	2112	2111
2170	2171	2113	2112
2171	2172	2114	2113
2172	2173	2115	2114
2173	2174	2116	2115
2174	2175	2117	2116
2175	2176	2118	2117
2176	2177	2119	2118
2177	2178	2120	2119
2178	2179	2121	2120
2179	2180	2122	2121
2180	2181	2123	2122
2181	2182	2124	2123
2182	2183	2125	2124
2183	2184	2126	2125
2184	2185	2127	2126
2185	2186	2128	2127
2186	2187	2129	2128
2187	2188	2130	2129
2188	2189	2131	2130
2189	2190	2132	2131
2190	2191	2133	2132
2191	2192	2134	2133
2192	2193	2135	2134
2193	2194	2136	2135
2194	2195	2137	2136
2195	2196	2138	2137
2196	2197	2139	2138
2197	2198	2140	2139
2198	2199	2141	2140
2199	2200	2142	2141
2200	2201	2143	2142
2201	2202	2144	2143
2202	2203	2145	2144
2203	2204	2146	2145
2204	2147	2089	2146
2205	2206	2148	2147
2206	2207	2149	2148
2207	2208	2150	2149
2208	2209	2151	2150
2209	2210	2152	2151
2210	2211	2153	2152
2211	2212	2154	2153
2212	2213	2155	2154
2213	2214	2156	2155
2214	2215	2157	2156
2215	2216	2158	2157
2216	2217	2159	2158
2217	2218	2160	2159
2218	2219	2161	2160
2219	2220	2162	2161
2220	2221	2163	2162
2221	2222	2164	2163
2222	2223	2165	2164
2223	2224	2166	2165
2224	2225	2167	2166
2225	2226	2168	2167
2226	2227	2169	2168
2227	2228	2170	2169
2228	2229	2171	2170
2229	2230	2172	2171
2230	2231	2173	2172
2231	2232	2174	2173
2232	2233	2175	2174
2233	2234	2176	2175
2234	2235	2177	2176
2235	2236	2178	2177
2236	2237	2179	2178
2237	2238	2180	2179
2238	2239	2181	2180
2239	2240	2182	2181
2240	2241	2183	2182
2241	2242	2184	2183
2242	2243	2185	2184
2243	2244	2186	2185
2244	2245	2187	2186
2245	2246	2188	2187
2246	2247	2189	2188
2247	2248	2190	2189
2248	2249	2191	2190
2249	2250	2192	2191
2250	2251	2193	2192
2251	2252	2194	2193
2252	2253	2195	2194
2253	2254	2196	2195
2254	2255	2197	2196
2255	2256	2198	2197
2256	2257	2199	2198
2257	2258	2200	2199
2258	2259	2201	2200
2259	2260	2202	2201
2260	2261	2203	2202
2261	2262	2204	2203
2262	2205	2147	2204
2263	2264	2206	2205
2264	2265	2207	2206
2265	2266	2208	2207
2266	2267	2209	2208
2267	2268	2210	2209
2268	2269	2211	2210
2269	2270	2212	2211
2270	2271	2213	2212
2271	2272	2214	2213
2272	2273	2215	2214
2273	2274	2216	2215
2274	2275	2217	2216
2275	2276	2218	2217
2276	2277	2219	2218
2277	2278	2220	2219
2278	2279	2221	2220
2279	2280	2222	2221
2280	2281	2223	2222
2281	2282	2224	2223
2282	2283	2225	2224
2283	2284	2226	2225
2284	2285	2227	2226
2285	2286	2228	2227
2286	2287	2229	2228
2287	2288	2230	2229
2288	2289	2231	2230
2289	2290	2232	2231
2290	2291	2233	2232
2291	2292	2234	2233
2292	2293	2235	2234
2293	2294	2236	2235
2294	2295	2237	2236
2295	2296	2238	2237
2296	2297	2239	2238
2297	2298	2240	2239
2298	2299	2241	2240
2299	2300	2242	2241
2300	2301	2243	2242
2301	2302	2244	2243
2302	2303	2245	2244
2303	2304	2246	2245
2304	2305	2247	2246
2305	2306	2248	2247
2306	2307	2249	2248
2307	2308	2250	2249
2308	2309	2251	2250
2309	2310	2252	2251
2310	2311	2253	2252
2311	2312	2254	2253
2312	2313	2255	2254
2313	2314	2256	2255
2314	2315	2257	2256
2315	2316	2258	2257
2316	2317	2259	2258
2317	2318	2260	2259
2318	2319	2261	2260
2319	2320	2262	2261
2320	2263	2205	2262
2321	2322	2264	2263
2322	2323	2265	2264
2323	2324	2266	2265
2324	2325	2267	2266
2325	2326	2268	2267
2326	2327	2269	2268
2327	2328	2270	2269
2328	2329	2271	2270
2329	2330	2272	2271
2330	2331	2273	2272
2331	2332	2274	2273
2332	2333	2275	2274
2333	2334	2276	2275
2334	2335	2277	2276
2335	2336	2278	2277
2336	2337	2279	2278
2337	2338	2280	2279
2338	2339	2281	2280
2339	2340	2282	2281
2340	2341	2283	2282
2341	2342	2284	2283
2342	2343	2285	2284
2343	2344	2286	2285
2344	2345	2287	2286
2345	2346	2288	2287
2346	2347	2289	2288
2347	2348	2290	2289
2348	2349	2291	2290
2349	2350	2292	2291
2350	2351	2293	2292
2351	2352	2294	2293
2352	2353	2295	2294
2353	2354	2296	2295
2354	2355	2297	2296
2355	2356	2298	2297
2356	2357	2299	2298
2357	2358	2300	2299
2358	2359	2301	2300
2359	2360	2302	2301
2360	2361	2303	2302
2361	2362	2304	2303
2362	2363	2305	2304
2363	2364	2306	2305
2364	2365	2307	2306
2365	2366	2308	2307
2366	2367	2309	2308
2367	2368	2310	2309
2368	2369	2311	2310
2369	2370	2312	2311
2370	2371	2313	2312
2371	2372	2314	2313
2372	2373	2315	2314
2373	2374	2316	2315
2374	2375	2317	2316
2375	2376	2318	2317
2376	2377	2319	2318
2377	2378	2320	2319
2378	2321	2263	2320
2379	2380	2322	2321
2380	2381	2323	2322
2381	2382	2324	2323
2382	2383	2325	2324
2383	2384	2326	2325
2384	2385	2327	2326
2385	2386	2328	2327
2386	2387	2329	2328
2387	2388	2330	2329
2388	2389	2331	2330
2389	2390	2332	2331
2390	2391	2333	2332
2391	2392	2334	2333
2392	2393	2335	2334
2393	2394	2336	2335
2394	2395	2337	2336
2395	2396	2338	2337
2396	2397	2339	2338
2397	2398	2340	2339
2398	2399	2341	2340
2399	2400	2342	2341
2400	2401	2343	2342
2401	2402	2344	2343
2402	2403	2345	2344
2403	2404	2346	2345
2404	2405	2347	2346
2405	2406	2348	2347
2406	2407	2349	2348
2407	2408	2350	2349
2408	2409	2351	2350
2409	2410	2352	2351
2410	2411	2353	2352
2411	2412	2354	2353
2412	2413	2355	2354
2413	2414	2356	2355
2414	2415	2357	2356
2415	2416	2358	2357
2416	2417	2359	2358
2417	2418	2360	2359
2418	2419	2361	2360
2419	2420	2362	2361
2420	2421	2363	2362
2421	2422	2364	2363
2422	2423	2365	2364
2423	2424	2366	2365
2424	2425	2367	2366
2425	2426	2368	2367
2426	2427	2369	2368
2427	2428	2370	2369
2428	2429	2371	2370
2429	2430	2372	2371
2430	2431	2373	2372
2431	2432	2374	2373
2432	2433	2375	2374
2433	2434	2376	2375
2434	2435	2377	2376
2435	2436	2378	2377
2436	2379	2321	2378
2437	2438	2380	2379
2438	2439	2381	2380
2439	2440	2382	2381
2440	2441	2383	2382
2441	2442	2384	2383
2442	2443	2385	2384
2443	2444	2386	2385
2444	2445	2387	2386
2445	2446	2388	2387
2446	2447	2389	2388
2447	2448	2390	2389
2448	2449	2391	2390
2449	2450	2392	2391
2450	2451	2393	2392
2451	2452	2394	2393
2452	2453	2395	2394
2453	2454	2396	2395
2454	2455	2397	2396
2455	2456	2398	2397
2456	2457	2399	2398
2457	2458	2400	2399
2458	2459	2401	2400
2459	2460	2402	2401
2460	2461	2403	2402
2461	2462	2404	2403
2462	2463	2405	2404
2463	2464	2406	2405
2464	2465	2407	2406
2465	2466	2408	2407
2466	2467	2409	2408
2467	2468	2410	2409
2468	2469	2411	2410
2469	2470	2412	2411
2470	2471	2413	2412
2471	2472	2414	2413
2472	2473	2415	2414
2473	2474	2416	2415
2474	2475	2417	2416
2475	2476	2418	2417
2476	2477	2419	2418
2477	2478	2420	2419
2478	2479	2421	2420
2479	2480	2422	2421
2480	2481	2423	2422
2481	2482	2424	2423
2482	2483	2425	2424
2483	2484	2426	2425
2484	2485	2427	2426
2485	2486	2428	2427
2486	2487	2429	2428
2487	2488	2430	2429
2488	2489	2431	2430
2489	2490	2432	2431
2490	2491	2433	2432
2491	2492	2434	2433
2492	2493	2435	2434
2493	2494	2436	2435
2494	2437	2379	2436
2495	2496	2438	2437
2496	2497	2439	2438
2497	2498	2440	2439
2498	2499	2441	2440
2499	2500	2442	2441
2500	2501	2443	2442
2501	2502	2444	2443
2502	2503	2445	2444
2503	2504	2446	2445
2504	2505	2447	2446
2505	2506	2448	2447
2506	2507	2449	2448
2507	2508	2450	2449
2508	2509	2451	2450
2509	2510	2452	2451
2510	2511	2453	2452
2511	2512	2454	2453
2512	2513	2455	2454
2513	2514	2456	2455
2514	2515	2457	2456
2515	2516	2458	2457
2516	2517	2459	2458
2517	2518	2460	2459
2518	2519	2461	2460
2519	2520	2462	2461
2520	2521	2463	2462
2521	2522	2464	2463
2522	2523	2465	2464
2523	2524	2466	2465
2524	2525	2467	2466
2525	2526	2468	2467
2526	2527	2469	2468
2527	2528	2470	2469
2528	2529	2471	2470
2529	2530	2472	2471
2530	2531	2473	2472
2531	2532	2474	2473
2532	2533	2475	2474
2533	2534	2476	2475
2534	2535	2477	2476
2535	2536	2478	2477
2536	2537	2479	2478
2537	2538	2480	2479
2538	2539	2481	2480
2539	2540	2482	2481
2540	2541	2483	2482
2541	2542	2484	2483
2542	2543	2485	2484
2543	2544	2486	2485
2544	2545	2487	2486
2545	2546	2488	2487
2546	2547	2489	2488
2547	2548	2490	2489
2548	2549	2491	2490
2549	2550	2492	2491
2550	2551	2493	2492
2551	2552	2494	2493
2552	2495	2437	2494
2553	2554	2496	2495
2554	2555	2497	2496
2555	2556	2498	2497
2556	2557	2499	2498
2557	2558	2500	2499
2558	2559	2501	2500
2559	2560	2502	2501
2560	2561	2503	2502
2561	2562	2504	2503
2562	2563	2505	2504
2563	2564	2506	2505
2564	2565	2507	2506
2565	2566	2508	2507
2566	2567	2509	2508
2567	2568	2510	2509
2568	2569	2511	2510
2569	2570	2512	2511
2570	2571	2513	2512
2571	2572	2514	2513
2572	2573	2515	2514
2573	2574	2516	2515
2574	2575	2517	2516
2575	2576	2518	2517
2576	2577	2519	2518
2577	2578	2520	2519
2578	2579	2521	2520
2579	2580	2522	2521
2580	2581	2523	2522
2581	2582	2524	2523
2582	2583	2525	2524
2583	2584	2526	2525
2584	2585	2527	2526
2585	2586	2528	2527
2586	2587	2529	2528
2587	2588	2530	2529
2588	2589	2531	2530
2589	2590	2532	2531
2590	2591	2533	2532
2591	2592	2534	2533
2592	2593	2535	2534
2593	2594	2536	2535
2594	2595	2537	2536
2595	2596	2538	2537
2596	2597	2539	2538
2597	2598	2540	2539
2598	2599	2541	2540
2599	2600	2542	2541
2600	2601	2543	2542
2601	2602	2544	2543
2602	2603	2545	2544
2603	2604	2546	2545
2604	2605	2547	2546
2605	2606	2548	2547
2606	2607	2549	2548
2607	2608	2550	2549
2608	2609	2551	2550
2609	2610	2552	2551
2610	2553	2495	2552
2611	2612	2554	2553
2612	2613	2555	2554
2613	2614	2556	2555
2614	2615	2557	2556
2615	2616	2558	2557
2616	2617	2559	2558
2617	2618	2560	2559
2618	2619	2561	2560
2619	2620	2562	2561
2620	2621	2563	2562
2621	2622	2564	2563
2622	2623	2565	2564
2623	2624	2566	2565
2624	2625	2567	2566
2625	2626	2568	2567
2626	2627	2569	2568
2627	2628	2570	2569
2628	2629	2571	2570
2629	2630	2572	2571
2630	2631	2573	2572
2631	2632	2574	2573
2632	2633	2575	2574
2633	2634	2576	2575
2634	2635	2577	2576
2635	2636	2578	2577
2636	2637	2579	2578
2637	2638	2580	2579
2638	2639	2581	2580
2639	2640	2582	2581
2640	2641	2583	2582
2641	2642	2584	2583
2642	2643	2585	2584
2643	2644	2586	2585
2644	2645	2587	2586
2645	2646	2588	2587
2646	2647	2589	2588
2647	2648	2590	2589
2648	2649	2591	2590
2649	2650	2592	2591
2650	2651	2593	2592
2651	2652	2594	2593
2652	2653	2595	2594
2653	2654	2596	2595
2654	2655	2597	2596
2655	2656	2598	2597
2656	2657	2599	2598
2657	2658	2600	2599
2658	2659	2601	2600
2659	2660	2602	2601
2660	2661	2603	2602
2661	2662	2604	2603
2662	2663	2605	2604
2663	2664	2606	2605
2664	2665	2607	2606
2665	2666	2608	2607
2666	2667	2609	2608
2667	2668	2610	2609
2668	2611	2553	2610
2669	2670	2612	2611
2670	2671	2613	2612
2671	2672	2614	2613
2672	2673	2615	2614
2673	2674	2616	2615
2674	2675	2617	2616
2675	2676	2618	2617
2676	2677	2619	2618
2677	2678	2620	2619
2678	2679	2621	2620
2679	2680	2622	2621
2680	2681	2623	2622
2681	2682	2624	2623
2682	2683	2625	2624
2683	2684	2626	2625
2684	2685	2627	2626
2685	2686	2628	2627
2686	2687	2629	2628
2687	2688	2630	2629
2688	2689	2631	2630
2689	2690	2632	2631
2690	2691	2633	2632
2691	2692	2634	2633
2692	2693	2635	2634
2693	2694	2636	2635
2694	2695	2637	2636
2695	2696	2638	2637
2696	2697	2639	2638
2697	2698	2640	2639
2698	2699	2641	2640
2699	2700	2642	2641
2700	2701	2643	2642
2701	2702	2644	2643
2702	2703	2645	2644
2703	2704	2646	2645
2704	2705	2647	2646
2705	2706	2648	2647
2706	2707	2649	2648
2707	2708	2650	2649
2708	2709	2651	2650
2709	2710	2652	2651
2710	2711	2653	2652
2711	2712	2654	2653
2712	2713	2655	2654
2713	2714	2656	2655
2714	2715	2657	2656
2715	2716	2658	2657
2716	2717	2659	2658
2717	2718	2660	2659
2718	2719	2661	2660
2719	2720	2662	2661
2720	2721	2663	2662
2721	2722	2664	2663
2722	2723	2665	2664
2723	2724	2666	2665
2724	2725	2667	2666
2725	2726	2668	2667
2726	2669	2611	2668
2727	2728	2670	2669
2728	2729	2671	2670
2729	2730	2672	2671
2730	2731	2673	2672
2731	2732	2674	2673
2732	2733	2675	2674
2733	2734	2676	2675
2734	2735	2677	2676
2735	2736	2678	2677
2736	2737	2679	2678
2737	2738	2680	2679
2738	2739	2681	2680
2739	2740	2682	2681
2740	2741	2683	2682
2741	2742	2684	2683
2742	2743	2685	2684
2743	2744	2686	2685
2744	2745	2687	2686
2745	2746	2688	2687
2746	2747	2689	2688
2747	2748	2690	2689
2748	2749	2691	2690
2749	2750	2692	2691
2750	2751	2693	2692
2751	2752	2694	2693
2752	2753	2695	2694
2753	2754	2696	2695
2754	2755	2697	2696
2755	2756	2698	2697
2756	2757	2699	2698
2757	2758	2700	2699
2758	2759	2701	2700
2759	2760	2702	2701
2760	2761	2703	2702
2761	2762	2704	2703
2762	2763	2705	2704
2763	2764	2706	2705
2764	2765	2707	2706
2765	2766	2708	2707
2766	2767	2709	2708
2767	2768	2710	2709
2768	2769	2711	2710
2769	2770	2712	2711
2770	2771	2713	2712
2771	2772	2714	2713
2772	2773	2715	2714
2773	2774	2716	2715
2774	2775	2717	2716
2775	2776	2718	2717
2776	2777	2719	2718
2777	2778	2720	2719
2778	2779	2721	2720
2779	2780	2722	2721
2780	2781	2723	2722
2781	2782	2724	2723
2782	2783	2725	2724
2783	2784	2726	2725
2784	2727	2669	2726
2785	2786	2728	2727
2786	2787	2729	2728
2787	2788	2730	2729
2788	2789	2731	2730
2789	2790	2732	2731
2790	2791	2733	2732
2791	2792	2734	2733
2792	2793	2735	2734
2793	2794	2736	2735
2794	2795	2737	2736
2795	2796	2738	2737
2796	2797	2739	2738
2797	2798	2740	2739
2798	2799	2741	2740
2799	2800	2742	2741
2800	2801	2743	2742
2801	2802	2744	2743
2802	2803	2745	2744
2803	2804	2746	2745
2804	2805	2747	2746
2805	2806	2748	2747
2806	2807	2749	2748
2807	2808	2750	2749
2808	2809	2751	2750
2809	2810	2752	2751
2810	2811	2753	2752
2811	2812	2754	2753
2812	2813	2755	2754
2813	2814	2756	2755
2814	2815	2757	2756
2815	2816	2758	2757
2816	2817	2759	2758
2817	2818	2760	2759
2818	2819	2761	2760
2819	2820	2762	2761
2820	2821	2763	2762
2821	2822	2764	2763
2822	2823	2765	2764
2823	2824	2766	2765
2824	2825	2767	2766
2825	2826	2768	2767
2826	2827	2769	2768
2827	2828	2770	2769
2828	2829	2771	2770
2829	2830	2772	2771
2830	2831	2773	2772
2831	2832	2774	2773
2832	2833	2775	2774
2833	2834	2776	2775
2834	2835	2777	2776
2835	2836	2778	2777
2836	2837	2779	2778
2837	2838	2780	2779
2838	2839	2781	2780
2839	2840	2782	2781
2840	2841	2783	2782
2841	2842	2784	2783
2842	2785	2727	2784
2843	2844	2786	2785
2844	2845	2787	2786
2845	2846	2788	2787
2846	2847	2789	2788
2847	2848	2790	2789
2848	2849	2791	2790
2849	2850	2792	2791
2850	2851	2793	2792
2851	2852	2794	2793
2852	2853	2795	2794
2853	2854	2796	2795
2854	2855	2797	2796
2855	2856	2798	2797
2856	2857	2799	2798
2857	2858	2800	2799
2858	2859	2801	2800
2859	2860	2802	2801
2860	2861	2803	2802
2861	2862	2804	2803
2862	2863	2805	2804
2863	2864	2806	2805
2864	2865	2807	2806
2865	2866	2808	2807
2866	2867	2809	2808
2867	2868	2810	2809
2868	2869	2811	2810
2869	2870	2812	2811
2870	2871	2813	2812
2871	2872	2814	2813
2872	2873	2815	2814
2873	2874	2816	2815
2874	2875	2817	2816
2875	2876	2818	2817
2876	2877	2819	2818
2877	2878	2820	2819
2878	2879	2821	2820
2879	2880	2822	2821
2880	2881	2823	2822
2881	2882	2824	2823
2882	2883	2825	2824
2883	2884	2826	2825
2884	2885	2827	2826
2885	2886	2828	2827
2886	2887	2829	2828
2887	2888	2830	2829
2888	2889	2831	2830
2889	2890	2832	2831
2890	2891	2833	2832
2891	2892	2834	2833
2892	2893	2835	2834
2893	2894	2836	2835
2894	2895	2837	2836
2895	2896	2838	2837
2896	2897	2839	2838
2897	2898	2840	2839
2898	2899	2841	2840
2899	2900	2842	2841
2900	2843	2785	2842
2901	2902	2844	2843
2902	2903	2845	2844
2903	2904	2846	2845
2904	2905	2847	2846
2905	2906	2848	2847
2906	2907	2849	2848
2907	2908	2850	2849
2908	2909	2851	2850
2909	2910	2852	2851
2910	2911	2853	2852
2911	2912	2854	2853
2912	2913	2855	2854
2913	2914	2856	2855
2914	2915	2857	2856
2915	2916	2858	2857
2916	2917	2859	2858
2917	2918	2860	2859
2918	2919	2861	2860
2919	2920	2862	2861
2920	2921	2863	2862
2921	2922	2864	2863
2922	2923	2865	2864
2923	2924	2866	2865
2924	2925	2867	2866
2925	2926	2868	2867
2926	2927	2869	2868
2927	2928	2870	2869
2928	2929	2871	2870
2929	2930	2872	2871
2930	2931	2873	2872
2931	2932	2874	2873
2932	2933	2875	2874
2933	2934	2876	2875
2934	2935	2877	2876
2935	2936	2878	2877
2936	2937	2879	2878
2937	2938	2880	2879
2938	2939	2881	2880
2939	2940	2882	2881
2940	2941	2883	2882
2941	2942	2884	2883
2942	2943	2885	2884
2943	2944	2886	2885
2944	2945	2887	2886
2945	2946	2888	2887
2946	2947	2889	2888
2947	2948	2890	2889
2948	2949	2891	2890
2949	2950	2892	2891
2950	2951	2893	2892
2951	2952	2894	2893
2952	2953	2895	2894
2953	2954	2896	2895
2954	2955	2897	2896
2955	2956	2898	2897
2956	2957	2899	2898
2957	2958	2900	2899
2958	2901	2843	2900
2959	2960	2902	2901
2960	2961	2903	2902
2961	2962	2904	2903
2962	2963	2905	2904
2963	2964	2906	2905
2964	2965	2907	2906
2965	2966	2908	2907
2966	2967	2909	2908
2967	2968	2910	2909
2968	2969	2911	2910
2969	2970	2912	2911
2970	2971	2913	2912
2971	2972	2914	2913
2972	2973	2915	2914
2973	2974	2916	2915
2974	2975	2917	2916
2975	2976	2918	2917
2976	2977	2919	2918
2977	2978	2920	2919
2978	2979	2921	2920
2979	2980	2922	2921
2980	2981	2923	2922
2981	2982	2924	2923
2982	2983	2925	2924
2983	2984	2926	2925
2984	2985	2927	2926
2985	2986	2928	2927
2986	2987	2929	2928
2987	2988	2930	2929
2988	2989	2931	2930
2989	2990	2932	2931
2990	2991	2933	2932
2991	2992	2934	2933
2992	2993	2935	2934
2993	2994	2936	2935
2994	2995	2937	2936
2995	2996	2938	2937
2996	2997	2939	2938
2997	2998	2940	2939
2998	2999	2941	2940
2999	3000	2942	2941
3000	3001	2943	2942
3001	3002	2944	2943
3002	3003	2945	2944
3003	3004	2946	2945
3004	3005	2947	2946
3005	3006	2948	2947
3006	3007	2949	2948
3007	3008	2950	2949
3008	3009	2951	2950
3009	3010	2952	2951
3010	3011	2953	2952
3011	3012	2954	2953
3012	3013	2955	2954
3013	3014	2956	2955
3014	3015	2957	2956
3015	3016	2958	2957
3016	2959	2901	2958
3017	3018	2960	2959
3018	3019	2961	2960
3019	3020	2962	2961
3020	3021	2963	2962
3021	3022	2964	2963
3022	3023	2965	2964
3023	3024	2966	2965
3024	3025	2967	2966
3025	3026	2968	2967
3026	3027	2969	2968
3027	3028	2970	2969
3028	3029	2971	2970
3029	3030	2972	2971
3030	3031	2973	2972
3031	3032	2974	2973
3032	3033	2975	2974
3033	3034	2976	2975
3034	3035	2977	2976
3035	3036	2978	2977
3036	3037	2979	2978
3037	3038	2980	2979
3038	3039	2981	2980
3039	3040	2982	2981
3040	3041	2983	2982
3041	3042	2984	2983
3042	3043	2985	2984
3043	3044	2986	2985
3044	3045	2987	2986
3045	3046	2988	2987
3046	3047	2989	2988
3047	3048	2990	2989
3048	3049	2991	2990
3049	3050	2992	2991
3050	3051	2993	2992
3051	3052	2994	2993
3052	3053	2995	2994
3053	3054	2996	2995
3054	3055	2997	2996
3055	3056	2998	2997
3056	3057	2999	2998
3057	3058	3000	2999
3058	3059	3001	3000
3059	3060	3002	3001
3060	3061	3003	3002
3061	3062	3004	3003
3062	3063	3005	3004
3063	3064	3006	3005
3064	3065	3007	3006
3065	3066	3008	3007
3066	3067	3009	3008
3067	3068	3010	3009
3068	3069	3011	3010
3069	3070	3012	3011
3070	3071	3013	3012
3071	3072	3014	3013
3072	3073	3015	3014
3073	3074	3016	3015
3074	3017	2959	3016
3075	3076	3018	3017
3076	3077	3019	3018
3077	3078	3020	3019
3078	3079	3021	3020
3079	3080	3022	3021
3080	3081	3023	3022
3081	3082	3024	3023
3082	3083	3025	3024
3083	3084	3026	3025
3084	3085	3027	3026
3085	3086	3028	3027
3086	3087	3029	3028
3087	3088	3030	3029
3088	3089	3031	3030
3089	3090	3032	3031
3090	3091	3033	3032
3091	3092	3034	3033
3092	3093	3035	3034
3093	3094	3036	3035
3094	3095	3037	3036
3095	3096	3038	3037
3096	3097	3039	3038
3097	3098	3040	3039
3098	3099	3041	3040
3099	3100	3042	3041
3100	3101	3043	3042
3101	3102	3044	3043
3102	3103	3045	3044
3103	3104	3046	3045
3104	3105	3047	3046
3105	3106	3048	3047
3106	3107	3049	3048
3107	3108	3050	3049
3108	3109	3051	3050
3109	3110	3052	3051
3110	3111	3053	3052
3111	3112	3054	3053
3112	3113	3055	3054
3113	3114	3056	3055
3114	3115	3057	3056
3115	3116	3058	3057
3116	3117	3059	3058
3117	3118	3060	3059
3118	3119	3061	3060
3119	3120	3062	3061
3120	3121	3063	3062
3121	3122	3064	3063
3122	3123	3065	3064
3123	3124	3066	3065
3124	3125	3067	3066
3125	3126	3068	3067
3126	3127	3069	3068
3127	3128	3070	3069
3128	3129	3071	3070
3129	3130	3072	3071
3130	3131	3073	3072
3131	3132	3074	3073
3132	3075	3017	3074
3133	3134	3076	3075
3134	3135	3077	3076
3135	3136	3078	3077
3136	3137	3079	3078
3137	3138	3080	3079
3138	3139	3081	3080
3139	3140	3082	3081
3140	3141	3083	3082
3141	3142	3084	3083
3142	3143	3085	3084
3143	3144	3086	3085
3144	3145	3087	3086
3145	3146	3088	3087
3146	3147	3089	3088
3147	3148	3090	3089
3148	3149	3091	3090
3149	3150	3092	3091
3150	3151	3093	3092
3151	3152	3094	3093
3152	3153	3095	3094
3153	3154	3096	3095
3154	3155	3097	3096
3155	3156	3098	3097
3156	3157	3099	3098
3157	3158	3100	3099
3158	3159	3101	3100
3159	3160	3102	3101
3160	3161	3103	3102
3161	3162	3104	3103
3162	3163	3105	3104
3163	3164	3106	3105
3164	3165	3107	3106
3165	3166	3108	3107
3166	3167	3109	3108
3167	3168	3110	3109
3168	3169	3111	3110
3169	3170	3112	3111
3170	3171	3113	3112
3171	3172	3114	3113
3172	3173	3115	3114
3173	3174	3116	3115
3174	3175	3117	3116
3175	3176	3118	3117
3176	3177	3119	3118
3177	3178	3120	3119
3178	3179	3121	3120
3179	3180	3122	3121
3180	3181	3123	3122
3181	3182	3124	3123
3182	3183	3125	3124
3183	3184	3126	3125
3184	3185	3127	3126
3185	3186	3128	3127
3186	3187	3129	3128
3187	3188	3130	3129
3188	3189	3131	3130
3189	3190	3132	3131
3190	3133	3075	3132
3191	3192	3134	3133
3192	3193	3135	3134
3193	3194	3136	3135
3194	3195	3137	3136
3195	3196	3138	3137
3196	3197	3139	3138
3197	3198	3140	3139
3198	3199	3141	3140
3199	3200	3142	3141
3200	3201	3143	3142
3201	3202	3144	3143
3202	3203	3145	3144
3203	3204	3146	3145
3204	3205	3147	3146
3205	3206	3148	3147
3206	3207	3149	3148
3207	3208	3150	3149
3208	3209	3151	3150
3209	3210	3152	3151
3210	3211	3153	3152
3211	3212	3154	3153
3212	3213	3155	3154
3213	3214	3156	3155
3214	3215	3157	3156
3215	3216	3158	3157
3216	3217	3159	3158
3217	3218	3160	3159
3218	3219	3161	3160
3219	3220	3162	3161
3220	3221	3163	3162
3221	3222	3164	3163
3222	3223	3165	3164
3223	3224	3166	3165
3224	3225	3167	3166
3225	3226	3168	3167
3226	3227	3169	3168
3227	3228	3170	3169
3228	3229	3171	3170
3229	3230	3172	3171
3230	3231	3173	3172
3231	3232	3174	3173
3232	3233	3175	3174
3233	3234	3176	3175
3234	3235	3177	3176
3235	3236	3178	3177
3236	3237	3179	3178
3237	3238	3180	3179
3238	3239	3181	3180
3239	3240	3182	3181
3240	3241	3183	3182
3241	3242	3184	3183
3242	3243	3185	3184
3243	3244	3186	3185
3244	3245	3187	3186
3245	3246	3188	3187
3246	3247	3189	3188
3247	3248	3190	3189
3248	3191	3133	3190
3249	3250	3192	3191
3250	3251	3193	3192
3251	3252	3194	3193
3252	3253	3195	3194
3253	3254	3196	3195
3254	3255	3197	3196
3255	3256	3198	3197
3256	3257	3199	3198
3257	3258	3200	3199
3258	3259	3201	3200
3259	3260	3202	3201
3260	3261	3203	3202
3261	3262	3204	3203
3262	3263	3205	3204
3263	3264	3206	3205
3264	3265	3207	3206
3265	3266	3208	3207
3266	3267	3209	3208
3267	3268	3210	3209
3268	3269	3211	3210
3269	3270	3212	3211
3270	3271	3213	3212
3271	3272	3214	3213
3272	3273	3215	3214
3273	3274	3216	3215
3274	3275	3217	3216
3275	3276	3218	3217
3276	3277	3219	3218
3277	3278	3220	3219
3278	3279	3221	3220
3279	3280	3222	3221
3280	3281	3223	3222
3281	3282	3224	3223
3282	3283	3225	3224
3283	3284	3226	3225
3284	3285	3227	3226
3285	3286	3228	3227
3286	3287	3229	3228
3287	3288	3230	3229
3288	3289	3231	3230
3289	3290	3232	3231
3290	3291	3233	3232
3291	3292	3234	3233
3292	3293	3235	3234
3293	3294	3236	3235
3294	3295	3237	3236
3295	3296	3238	3237
3296	3297	3239	3238
3297	3298	3240	3239
3298	3299	3241	3240
3299	3300	3242	3241
3300	3301	3243	3242
3301	3302	3244	3243
3302	3303	3245	3244
3303	3304	3246	3245
3304	3305	3247	3246
3305	3306	3248	3247
3306	3249	3191	3248
3307	3308	3250	3249
3308	3309	3251	3250
3309	3310	3252	3251
3310	3311	3253	3252
3311	3312	3254	3253
3312	3313	3255	3254
3313	3314	3256	3255
3314	3315	3257	3256
3315	3316	3258	3257
3316	3317	3259	3258
3317	3318	3260	3259
3318	3319	3261	3260
3319	3320	3262	3261
3320	3321	3263	3262
3321	3322	3264	3263
3322	3323	3265	3264
3323	3324	3266	3265
3324	3325	3267	3266
3325	3326	3268	3267
3326	3327	3269	3268
3327	3328	3270	3269
3328	3329	3271	3270
3329	3330	3272	3271
3330	3331	3273	3272
3331	3332	3274	3273
3332	3333	3275	3274
3333	3334	3276	3275
3334	3335	3277	3276
3335	3336	3278	3277
3336	3337	3279	3278
3337	3338	3280	3279
3338	3339	3281	3280
3339	3340	3282	3281
3340	3341	3283	3282
3341	3342	3284	3283
3342	3343	3285	3284
3343	3344	3286	3285
3344	3345	3287	3286
3345	3346	3288	3287
3346	3347	3289	3288
3347	3348	3290	3289
3348	3349	3291	3290
3349	3350	3292	3291
3350	3351	3293	3292
3351	3352	3294	3293
3352	3353	3295	3294
3353	3354	3296	3295
3354	3355	3297	3296
3355	3356	3298	3297
3356	3357	3299	3298
3357	3358	3300	3299
3358	3359	3301	3300
3359	3360	3302	3301
3360	3361	3303	3302
3361	3362	3304	3303
3362	3363	3305	3304
3363	3364	3306	3305
3364	3307	3249	3306
3365	3366	3308	3307
3366	3367	3309	3308
3367	3368	3310	3309
3368	3369	3311	3310
3369	3370	3312	3311
3370	3371	3313	3312
3371	3372	3314	3313
3372	3373	3315	3314
3373	3374	3316	3315
3374	3375	3317	3316
3375	3376	3318	3317
3376	3377	3319	3318
3377	3378	3320	3319
3378	3379	3321	3320
3379	3380	3322	3321
3380	3381	3323	3322
3381	3382	3324	3323
3382	3383	3325	3324
3383	3384	3326	3325
3384	3385	3327	3326
3385	3386	3328	3327
3386	3387	3329	3328
3387	3388	3330	3329
3388	3389	3331	3330
3389	3390	3332	3331
3390	3391	3333	3332
3391	3392	3334	3333
3392	3393	3335	3334
3393	3394	3336	3335
3394	3395	3337	3336
3395	3396	3338	3337
3396	3397	3339	3338
3397	3398	3340	3339
3398	3399	3341	3340
3399	3400	3342	3341
3400	3401	3343	3342
3401	3402	3344	3343
3402	3403	3345	3344
3403	3404	3346	3345
3404	3405	3347	3346
3405	3406	3348	3347
3406	3407	3349	3348
3407	3408	3350	3349
3408	3409	3351	3350
3409	3410	3352	3351
3410	3411	3353	3352
3411	3412	3354	3353
3412	3413	3355	3354
3413	3414	3356	3355
3414	3415	3357	3356
3415	3416	3358	3357
3416	3417	3359	3358
3417	3418	3360	3359
3418	3419	3361	3360
3419	3420	3362	3361
3420	3421	3363	3362
3421	3422	3364	3363
3422	3365	3307	3364
3423	3424	3366	3365
3424	3425	3367	3366
3425	3426	3368	3367
3426	3427	3369	3368
3427	3428	3370	3369
3428	3429	3371	3370
3429	3430	3372	3371
3430	3431	3373	3372
3431	3432	3374	3373
3432	3433	3375	3374
3433	3434	3376	3375
3434	3435	3377	3376
3435	3436	3378	3377
3436	3437	3379	3378
3437	3438	3380	3379
3438	3439	3381	3380
3439	3440	3382	3381
3440	3441	3383	3382
3441	3442	3384	3383
3442	3443	3385	3384
3443	3444	3386	3385
3444	3445	3387	3386
3445	3446	3388	3387
3446	3447	3389	3388
3447	3448	3390	3389
3448	3449	3391	3390
3449	3450	3392	3391
3450	3451	3393	3392
3451	3452	3394	3393
3452	3453	3395	3394
3453	3454	3396	3395
3454	3455	3397	3396
3455	3456	3398	3397
3456	3457	3399	3398
3457	3458	3400	3399
3458	3459	3401	3400
3459	3460	3402	3401
3460	3461	3403	3402
3461	3462	3404	3403
3462	3463	3405	3404
3463	3464	3406	3405
3464	3465	3407	3406
3465	3466	3408	3407
3466	3467	3409	3408
3467	3468	3410	3409
3468	3469	3411	3410
3469	3470	3412	3411
3470	3471	3413	3412
3471	3472	3414	3413
3472	3473	3415	3414
3473	3474	3416	3415
3474	3475	3417	3416
3475	3476	3418	3417
3476	3477	3419	3418
3477	3478	3420	3419
3478	3479	3421	3420
3479	3480	3422	3421
3480	3423	3365	3422
3481	3482	3424	3423
3482	3483	3425	3424
3483	3484	3426	3425
3484	3485	3427	3426
3485	3486	3428	3427
3486	3487	3429	3428
3487	3488	3430	3429
3488	3489	3431	3430
3489	3490	3432	3431
3490	3491	3433	3432
3491	3492	3434	3433
3492	3493	3435	3434
3493	3494	3436	3435
3494	3495	3437	3436
3495	3496	3438	3437
3496	3497	3439	3438
3497	3498	3440	3439
3498	3499	3441	3440
3499	3500	3442	3441
3500	3501	3443	3442
3501	3502	3444	3443
3502	3503	3445	3444
3503	3504	3446	3445
3504	3505	3447	3446
3505	3506	3448	3447
3506	3507	3449	3448
3507	3508	3450	3449
3508	3509	3451	3450
3509	3510	3452	3451
3510	3511	3453	3452
3511	3512	3454	3453
3512	3513	3455	3454
3513	3514	3456	3455
3514	3515	3457	3456
3515	3516	3458	3457
3516	3517	3459	3458
3517	3518	3460	3459
3518	3519	3461	3460
3519	3520	3462	3461
3520	3521	3463	3462
3521	3522	3464	3463
3522	3523	3465	3464
3523	3524	3466	3465
3524	3525	3467	3466
3525	3526	3468	3467
3526	3527	3469	3468
3527	3528	3470	3469
3528	3529	3471	3470
3529	3530	3472	3471
3530	3531	3473	3472
3531	3532	3474	3473
3532	3533	3475	3474
3533	3534	3476	3475
3534	3535	3477	3476
3535	3536	3478	3477
3536	3537	3479	3478
3537	3538	3480	3479
3538	3481	3423	3480
3539	3540	3482	3481
3540	3541	3483	3482
3541	3542	3484	3483
3542	3543	3485	3484
3543	3544	3486	3485
3544	3545	3487	3486
3545	3546	3488	3487
3546	3547	3489	3488
3547	3548	3490	3489
3548	3549	3491	3490
3549	3550	3492	3491
3550	3551	3493	3492
3551	3552	3494	3493
3552	3553	3495	3494
3553	3554	3496	3495
3554	3555	3497	3496
3555	3556	3498	3497
3556	3557	3499	3498
3557	3558	3500	3499
3558	3559	3501	3500
3559	3560	3502	3501
3560	3561	3503	3502
3561	3562	3504	3503
3562	3563	3505	3504
3563	3564	3506	3505
3564	3565	3507	3506
3565	3566	3508	3507
3566	3567	3509	3508
3567	3568	3510	3509
3568	3569	3511	3510
3569	3570	3512	3511
3570	3571	3513	3512
3571	3572	3514	3513
3572	3573	3515	3514
3573	3574	3516	3515
3574	3575	3517	3516
3575	3576	3518	3517
3576	3577	3519	3518
3577	3578	3520	3519
3578	3579	3521	3520
3579	3580	3522	3521
3580	3581	3523	3522
3581	3582	3524	3523
3582	3583	3525	3524
3583	3584	3526	3525
3584	3585	3527	3526
3585	3586	3528	3527
3586	3587	3529	3528
3587	3588	3530	3529
3588	3589	3531	3530
3589	3590	3532	3531
3590	3591	3533	3532
3591	3592	3534	3533
3592	3593	3535	3534
3593	3594	3536	3535
3594	3595	3537	3536
3595	3596	3538	3537
3596	3539	3481	3538
3597	3598	3540	3539
3598	3599	3541	3540
3599	3600	3542	3541
3600	3601	3543	3542
3601	3602	3544	3543
3602	3603	3545	3544
3603	3604	3546	3545
3604	3605	3547	3546
3605	3606	3548	3547
3606	3607	3549	3548
3607	3608	3550	3549
3608	3609	3551	3550
3609	3610	3552	3551
3610	3611	3553	3552
3611	3612	3554	3553
3612	3613	3555	3554
3613	3614	3556	3555
3614	3615	3557	3556
3615	3616	3558	3557
3616	3617	3559	3558
3617	3618	3560	3559
3618	3619	3561	3560
3619	3620	3562	3561
3620	3621	3563	3562
3621	3622	3564	3563
3622	3623	3565	3564
3623	3624	3566	3565
3624	3625	3567	3566
3625	3626	3568	3567
3626	3627	3569	3568
3627	3628	3570	3569
3628	3629	3571	3570
3629	3630	3572	3571
3630	3631	3573	3572
3631	3632	3574	3573
3632	3633	3575	3574
3633	3634	3576	3575
3634	3635	3577	3576
3635	3636	3578	3577
3636	3637	3579	3578
3637	3638	3580	3579
3638	3639	3581	3580
3639	3640	3582	3581
3640	3641	3583	3582
3641	3642	3584	3583
3642	3643	3585	3584
3643	3644	3586	3585
3644	3645	3587	3586
3645	3646	3588	3587
3646	3647	3589	3588
3647	3648	3590	3589
3648	3649	3591	3590
3649	3650	3592	3591
3650	3651	3593	3592
3651	3652	3594	3593
3652	3653	3595	3594
3653	3654	3596	3595
3654	3597	3539	3596
3655	3656	3598	3597
3656	3657	3599	3598
3657	3658	3600	3599
3658	3659	3601	3600
3659	3660	3602	3601
3660	3661	3603	3602
3661	3662	3604	3603
3662	3663	3605	3604
3663	3664	3606	3605
3664	3665	3607	3606
3665	3666	3608	3607
3666	3667	3609	3608
3667	3668	3610	3609
3668	3669	3611	3610
3669	3670	3612	3611
3670	3671	3613	3612
3671	3672	3614	3613
3672	3673	3615	3614
3673	3674	3616	3615
3674	3675	3617	3616
3675	3676	3618	3617
3676	3677	3619	3618
3677	3678	3620	3619
3678	3679	3621	3620
3679	3680	3622	3621
3680	3681	3623	3622
3681	3682	3624	3623
3682	3683	3625	3624
3683	3684	3626	3625
3684	3685	3627	3626
3685	3686	3628	3627
3686	3687	3629	3628
3687	3688	3630	3629
3688	3689	3631	3630
3689	3690	3632	3631
3690	3691	3633	3632
3691	3692	3634	3633
3692	3693	3635	3634
3693	3694	3636	3635
3694	3695	3637	3636
3695	3696	3638	3637
3696	3697	3639	3638
3697	3698	3640	3639
3698	3699	3641	3640
3699	3700	3642	3641
3700	3701	3643	3642
3701	3702	3644	3643
3702	3703	3645	3644
3703	3704	3646	3645
3704	3705	3647	3646
3705	3706	3648	3647
3706	3707	3649	3648
3707	3708	3650	3649
3708	3709	3651	3650
3709	3710	3652	3651
3710	3711	3653	3652
3711	3712	3654	3653
3712	3655	3597	3654
3713	3714	3656	3655
3714	3715	3657	3656
3715	3716	3658	3657
3716	3717	3659	3658
3717	3718	3660	3659
3718	3719	3661	3660
3719	3720	3662	3661
3720	3721	3663	3662
3721	3722	3664	3663
3722	3723	3665	3664
3723	3724	3666	3665
3724	3725	3667	3666
3725	3726	3668	3667
3726	3727	3669	3668
3727	3728	3670	3669
3728	3729	3671	3670
3729	3730	3672	3671
3730	3731	3673	3672
3731	3732	3674	3673
3732	3733	3675	3674
3733	3734	3676	3675
3734	3735	3677	3676
3735	3736	3678	3677
3736	3737	3679	3678
3737	3738	3680	3679
3738	3739	3681	3680
3739	3740	3682	3681
3740	3741	3683	3682
3741	3742	3684	3683
3742	3743	3685	3684
3743	3744	3686	3685
3744	3745	3687	3686
3745	3746	3688	3687
3746	3747	3689	3688
3747	3748	3690	3689
3748	3749	3691	3690
3749	3750	3692	3691
3750	3751	3693	3692
3751	3752	3694	3693
3752	3753	3695	3694
3753	3754	3696	3695
3754	3755	3697	3696
3755	3756	3698	3697
3756	3757	3699	3698
3757	3758	3700	3699
3758	3759	3701	3700
3759	3760	3702	3701
3760	3761	3703	3702
3761	3762	3704	3703
3762	3763	3705	3704
3763	3764	3706	3705
3764	3765	3707	3706
3765	3766	3708	3707
3766	3767	3709	3708
3767	3768	3710	3709
3768	3769	3711	3710
3769	3770	3712	3711
3770	3713	3655	3712
3771	3772	3714	3713
3772	3773	3715	3714
3773	3774	3716	3715
3774	3775	3717	3716
3775	3776	3718	3717
3776	3777	3719	3718
3777	3778	3720	3719
3778	3779	3721	3720
3779	3780	3722	3721
3780	3781	3723	3722
3781	3782	3724	3723
3782	3783	3725	3724
3783	3784	3726	3725
3784	3785	3727	3726
3785	3786	3728	3727
3786	3787	3729	3728
3787	3788	3730	3729
3788	3789	3731	3730
3789	3790	3732	3731
3790	3791	3733	3732
3791	3792	3734	3733
3792	3793	3735	3734
3793	3794	3736	3735
3794	3795	3737	3736
3795	3796	3738	3737
3796	3797	3739	3738
3797	3798	3740	3739
3798	3799	3741	3740
3799	3800	3742	3741
3800	3801	3743	3742
3801	3802	3744	3743
3802	3803	3745	3744
3803	3804	3746	3745
3804	3805	3747	3746
3805	3806	3748	3747
3806	3807	3749	3748
3807	3808	3750	3749
3808	3809	3751	3750
3809	3810	3752	3751
3810	3811	3753	3752
3811	3812	3754	3753
3812	3813	3755	3754
3813	3814	3756	3755
3814	3815	3757	3756
3815	3816	3758	3757
3816	3817	3759	3758
3817	3818	3760	3759
3818	3819	3761	3760
3819	3820	3762	3761
3820	3821	3763	3762
3821	3822	3764	3763
3822	3823	3765	3764
3823	3824	3766	3765
3824	3825	3767	3766
3825	3826	3768	3767
3826	3827	3769	3768
3827	3828	3770	3769
3828	3771	3713	3770
