0.03250000	0.01670603	-0.01839855
0.03250000	0.01402460	-0.01710013
0.03250000	0.01127150	-0.01600894
0.03250000	0.00853684	-0.01498398
0.03250000	0.00585577	-0.01397865
0.03250000	0.00325443	-0.01296983
0.03250000	0.00075340	-0.01195164
0.03250000	-0.00162702	-0.01092049
0.03250000	-0.00384546	-0.00983005
0.03250000	-0.00588074	-0.00868616
0.03250000	-0.00771909	-0.00750872
0.03250000	-0.00934816	-0.00631789
0.03250000	-0.01075082	-0.00512655
0.03250000	-0.01191625	-0.00395661
0.03250000	-0.01283427	-0.00283151
0.03250000	-0.01349253	-0.00177637
0.03250000	-0.01386597	-0.00081976
0.03250000	-0.01395745	-0.00002059
0.03250000	-0.01386881	0.00055125
0.03250000	-0.01373575	0.00087360
0.03250000	-0.01367598	0.00097384
0.03250000	-0.01360772	0.00107186
0.03250000	-0.01336384	0.00133259
0.03250000	-0.01287713	0.00167086
0.03250000	-0.01212333	0.00200549
0.03250000	-0.01109773	0.00223814
0.03250000	-0.00982683	0.00230762
0.03250000	-0.00834580	0.00218720
0.03250000	-0.00668960	0.00185227
0.03250000	-0.00489503	0.00128185
0.03250000	-0.00300331	0.00045456
0.03250000	-0.00104846	-0.00062657
0.03250000	0.00093978	-0.00195123
0.03250000	0.00292950	-0.00351322
0.03250000	0.00489289	-0.00529980
0.03250000	0.00682925	-0.00727148
0.03250000	0.00878011	-0.00935680
0.03250000	0.01075078	-0.01152613
0.03250000	0.01275354	-0.01374605
0.03250000	0.01477149	-0.01601259
0.03639674	0.02065638	-0.02015969
0.03639674	0.01760988	-0.01870770
0.03639674	0.01452426	-0.01739692
0.03639674	0.01147473	-0.01611717
0.03639674	0.00849540	-0.01483538
0.03639674	0.00560530	-0.01355558
0.03639674	0.00282542	-0.01227835
0.03639674	0.00018429	-0.01098909
0.03639674	-0.00229523	-0.00968666
0.03639674	-0.00459510	-0.00837971
0.03639674	-0.00670393	-0.00708696
0.03639674	-0.00861470	-0.00583114
0.03639674	-0.01032029	-0.00463125
0.03639674	-0.01180445	-0.00349150
0.03639674	-0.01304533	-0.00241070
0.03639674	-0.01401779	-0.00139037
0.03639674	-0.01469139	-0.00044063
0.03639674	-0.01503844	0.00040213
0.03639674	-0.01508158	0.00105413
0.03639674	-0.01497271	0.00143322
0.03639674	-0.01490984	0.00154949
0.03639674	-0.01483162	0.00166077
0.03639674	-0.01453556	0.00193889
0.03639674	-0.01394272	0.00226113
0.03639674	-0.01304212	0.00252893
0.03639674	-0.01185209	0.00267319
0.03639674	-0.01040186	0.00265322
0.03639674	-0.00872287	0.00243572
0.03639674	-0.00684786	0.00199895
0.03639674	-0.00480964	0.00132905
0.03639674	-0.00264156	0.00041599
0.03639674	-0.00038043	-0.00075190
0.03639674	0.00193492	-0.00218254
0.03639674	0.00426187	-0.00388224
0.03639674	0.00656148	-0.00584598
0.03639674	0.00883225	-0.00802635
0.03639674	0.01111445	-0.01034443
0.03639674	0.01345949	-0.01272046
0.03639674	0.01586897	-0.01512619
0.03639674	0.01830462	-0.01757556
0.04029348	0.02299472	-0.02101597
0.04029348	0.01971667	-0.01946158
0.04029348	0.01642670	-0.01799296
0.04029348	0.01318515	-0.01653378
0.04029348	0.01002059	-0.01506999
0.04029348	0.00694695	-0.01362078
0.04029348	0.00398328	-0.01219432
0.04029348	0.00116918	-0.01075758
0.04029348	-0.00148697	-0.00933889
0.04029348	-0.00396771	-0.00794789
0.04029348	-0.00625824	-0.00659660
0.04029348	-0.00835080	-0.00530632
0.04029348	-0.01024603	-0.00410829
0.04029348	-0.01192415	-0.00299827
0.04029348	-0.01336053	-0.00196499
0.04029348	-0.01452723	-0.00099736
0.04029348	-0.01539141	-0.00009093
0.04029348	-0.01591886	0.00073567
0.04029348	-0.01607765	0.00141768
0.04029348	-0.01599879	0.00183368
0.04029348	-0.01593561	0.00196090
0.04029348	-0.01585184	0.00208044
0.04029348	-0.01552613	0.00237003
0.04029348	-0.01487584	0.00268857
0.04029348	-0.01389570	0.00292616
0.04029348	-0.01261181	0.00301196
0.04029348	-0.01105873	0.00290302
0.04029348	-0.00927213	0.00256971
0.04029348	-0.00728489	0.00200187
0.04029348	-0.00512305	0.00120690
0.04029348	-0.00280625	0.00020118
0.04029348	-0.00037370	-0.00104246
0.04029348	0.00213322	-0.00254323
0.04029348	0.00467744	-0.00430299
0.04029348	0.00722449	-0.00631572
0.04029348	0.00976745	-0.00854128
0.04029348	0.01229200	-0.01095371
0.04029348	0.01491891	-0.01339091
0.04029348	0.01762494	-0.01584700
0.04029348	0.02035261	-0.01835706
0.04419022	0.02413317	-0.02113348
0.04419022	0.02073797	-0.01957946
0.04419022	0.01735651	-0.01806092
0.04419022	0.01403222	-0.01653541
0.04419022	0.01078804	-0.01500337
0.04419022	0.00763806	-0.01348518
0.04419022	0.00459712	-0.01199927
0.04419022	0.00170552	-0.01051282
0.04419022	-0.00103064	-0.00905834
0.04419022	-0.00359394	-0.00764588
0.04419022	-0.00596741	-0.00628358
0.04419022	-0.00814159	-0.00499030
0.04419022	-0.01011814	-0.00380008
0.04419022	-0.01187903	-0.00271098
0.04419022	-0.01340317	-0.00171464
0.04419022	-0.01466592	-0.00079865
0.04419022	-0.01563788	0.00004826
0.04419022	-0.01628677	0.00082200
0.04419022	-0.01655597	0.00148988
0.04419022	-0.01652203	0.00192295
0.04419022	-0.01646169	0.00205600
0.04419022	-0.01637632	0.00217886
0.04419022	-0.01603517	0.00246702
0.04419022	-0.01535503	0.00276440
0.04419022	-0.01434002	0.00296196
0.04419022	-0.01302101	0.00299069
0.04419022	-0.01143532	0.00280699
0.04419022	-0.00962053	0.00238389
0.04419022	-0.00760863	0.00171820
0.04419022	-0.00541983	0.00083091
0.04419022	-0.00306337	-0.00024329
0.04419022	-0.00057626	-0.00153240
0.04419022	0.00200397	-0.00305493
0.04419022	0.00464924	-0.00480548
0.04419022	0.00733362	-0.00677380
0.04419022	0.01004749	-0.00892793
0.04419022	0.01273497	-0.01129327
0.04419022	0.01553911	-0.01366686
0.04419022	0.01842012	-0.01606176
0.04419022	0.02131567	-0.01852202
0.04808696	0.02472659	-0.02090009
0.04808696	0.02127460	-0.01941193
0.04808696	0.01785948	-0.01791222
0.04808696	0.01450800	-0.01639141
0.04808696	0.01123807	-0.01486137
0.04808696	0.00806464	-0.01334140
0.04808696	0.00500169	-0.01185215
0.04808696	0.00208333	-0.01037307
0.04808696	-0.00067941	-0.00892729
0.04808696	-0.00327037	-0.00752716
0.04808696	-0.00567116	-0.00617817
0.04808696	-0.00786961	-0.00489481
0.04808696	-0.00986449	-0.00370702
0.04808696	-0.01164476	-0.00262462
0.04808696	-0.01319696	-0.00165077
0.04808696	-0.01450167	-0.00077758
0.04808696	-0.01553397	0.00000866
0.04808696	-0.01626417	0.00071628
0.04808696	-0.01663133	0.00134230
0.04808696	-0.01664814	0.00177712
0.04808696	-0.01659215	0.00191293
0.04808696	-0.01650675	0.00203617
0.04808696	-0.01615657	0.00231456
0.04808696	-0.01546224	0.00258236
0.04808696	-0.01443718	0.00273800
0.04808696	-0.01311456	0.00271771
0.04808696	-0.01153228	0.00247729
0.04808696	-0.00972853	0.00199044
0.04808696	-0.00773427	0.00125750
0.04808696	-0.00556474	0.00030854
0.04808696	-0.00322253	-0.00081209
0.04808696	-0.00073965	-0.00212523
0.04808696	0.00185460	-0.00363947
0.04808696	0.00453880	-0.00534536
0.04808696	0.00729306	-0.00723014
0.04808696	0.01010480	-0.00927022
0.04808696	0.01291422	-0.01150417
0.04808696	0.01583159	-0.01375241
0.04808696	0.01881263	-0.01603674
0.04808696	0.02180226	-0.01839612
0.05198370	0.02506617	-0.02048894
0.05198370	0.02158163	-0.01909471
0.05198370	0.01815210	-0.01764828
0.05198370	0.01479095	-0.01616853
0.05198370	0.01151218	-0.01467616
0.05198370	0.00833085	-0.01319059
0.05198370	0.00526303	-0.01172833
0.05198370	0.00233589	-0.01028214
0.05198370	-0.00043492	-0.00886653
0.05198370	-0.00303330	-0.00749369
0.05198370	-0.00544053	-0.00616844
0.05198370	-0.00764216	-0.00490149
0.05198370	-0.00963173	-0.00371454
0.05198370	-0.01140595	-0.00263079
0.05198370	-0.01296089	-0.00166874
0.05198370	-0.01428259	-0.00082757
0.05198370	-0.01534938	-0.00009331
0.05198370	-0.01613222	0.00055281
0.05198370	-0.01657314	0.00112917
0.05198370	-0.01663516	0.00155679
0.05198370	-0.01658371	0.00169393
0.05198370	-0.01649894	0.00181662
0.05198370	-0.01614353	0.00208403
0.05198370	-0.01544369	0.00232593
0.05198370	-0.01441941	0.00244970
0.05198370	-0.01310423	0.00239741
0.05198370	-0.01153548	0.00212365
0.05198370	-0.00975155	0.00160091
0.05198370	-0.00778285	0.00083051
0.05198370	-0.00564116	-0.00015170
0.05198370	-0.00332572	-0.00129770
0.05198370	-0.00086109	-0.00261543
0.05198370	0.00173062	-0.00410423
0.05198370	0.00443138	-0.00575361
0.05198370	0.00722385	-0.00755075
0.05198370	0.01009298	-0.00947838
0.05198370	0.01299733	-0.01155663
0.05198370	0.01598808	-0.01367425
0.05198370	0.01902790	-0.01584695
0.05198370	0.02207289	-0.01810134
0.05588043	0.02529261	-0.01999155
0.05588043	0.02178472	-0.01868946
0.05588043	0.01834279	-0.01730658
0.05588043	0.01497186	-0.01588167
0.05588043	0.01168366	-0.01444116
0.05588043	0.00849348	-0.01300417
0.05588043	0.00541948	-0.01158291
0.05588043	0.00248403	-0.01017962
0.05588043	-0.00029488	-0.00880422
0.05588043	-0.00289958	-0.00746565
0.05588043	-0.00531181	-0.00616962
0.05588043	-0.00751575	-0.00492458
0.05588043	-0.00950003	-0.00374454
0.05588043	-0.01126676	-0.00266241
0.05588043	-0.01282023	-0.00171008
0.05588043	-0.01415072	-0.00089322
0.05588043	-0.01523819	-0.00019809
0.05588043	-0.01605295	0.00040171
0.05588043	-0.01654025	0.00093733
0.05588043	-0.01663461	0.00135585
0.05588043	-0.01658722	0.00149380
0.05588043	-0.01650371	0.00161639
0.05588043	-0.01614700	0.00187787
0.05588043	-0.01544675	0.00210696
0.05588043	-0.01442620	0.00221836
0.05588043	-0.01311795	0.00215826
0.05588043	-0.01155821	0.00187963
0.05588043	-0.00978541	0.00135238
0.05588043	-0.00783036	0.00057647
0.05588043	-0.00570395	-0.00041048
0.05588043	-0.00340475	-0.00155986
0.05588043	-0.00095000	-0.00286623
0.05588043	0.00164256	-0.00432310
0.05588043	0.00435638	-0.00591970
0.05588043	0.00717502	-0.00764363
0.05588043	0.01008236	-0.00948073
0.05588043	0.01305463	-0.01142778
0.05588043	0.01609332	-0.01344248
0.05588043	0.01917055	-0.01552804
0.05588043	0.02225179	-0.01769891
0.05977717	0.02540909	-0.01943844
0.05977717	0.02189393	-0.01821199
0.05977717	0.01844778	-0.01689248
0.05977717	0.01507284	-0.01552711
0.05977717	0.01178020	-0.01414439
0.05977717	0.00858591	-0.01276185
0.05977717	0.00550867	-0.01139044
0.05977717	0.00256825	-0.01003759
0.05977717	-0.00021591	-0.00871000
0.05977717	-0.00282499	-0.00741394
0.05977717	-0.00524115	-0.00615585
0.05977717	-0.00744802	-0.00494320
0.05977717	-0.00943185	-0.00378614
0.05977717	-0.01119661	-0.00272155
0.05977717	-0.01275028	-0.00178786
0.05977717	-0.01408522	-0.00099409
0.05977717	-0.01518207	-0.00032665
0.05977717	-0.01601099	0.00024432
0.05977717	-0.01651930	0.00075527
0.05977717	-0.01663067	0.00116651
0.05977717	-0.01658626	0.00130461
0.05977717	-0.01650454	0.00142738
0.05977717	-0.01615092	0.00168872
0.05977717	-0.01545530	0.00191880
0.05977717	-0.01444123	0.00203679
0.05977717	-0.01313973	0.00199060
0.05977717	-0.01158556	0.00173192
0.05977717	-0.00981675	0.00122814
0.05977717	-0.00786484	0.00047665
0.05977717	-0.00574179	-0.00048606
0.05977717	-0.00344727	-0.00161238
0.05977717	-0.00099461	-0.00288927
0.05977717	0.00160049	-0.00430715
0.05977717	0.00432236	-0.00585459
0.05977717	0.00715508	-0.00751900
0.05977717	0.01008219	-0.00928742
0.05977717	0.01308595	-0.01114789
0.05977717	0.01614731	-0.01308993
0.05977717	0.01924280	-0.01511032
0.05977717	0.02234267	-0.01721699
0.06367391	0.02523551	-0.01878214
0.06367391	0.02174815	-0.01762306
0.06367391	0.01832778	-0.01637057
0.06367391	0.01497709	-0.01507163
0.06367391	0.01170738	-0.01375437
0.06367391	0.00853478	-0.01243580
0.06367391	0.00547794	-0.01112638
0.06367391	0.00255629	-0.00983355
0.06367391	-0.00021076	-0.00856338
0.06367391	-0.00280450	-0.00732166
0.06367391	-0.00520722	-0.00611457
0.06367391	-0.00740266	-0.00494918
0.06367391	-0.00937701	-0.00383519
0.06367391	-0.01113374	-0.00280921
0.06367391	-0.01268030	-0.00190950
0.06367391	-0.01400922	-0.00114515
0.06367391	-0.01510157	-0.00050250
0.06367391	-0.01592832	0.00004854
0.06367391	-0.01643804	0.00054484
0.06367391	-0.01655443	0.00094892
0.06367391	-0.01651260	0.00108587
0.06367391	-0.01643368	0.00120819
0.06367391	-0.01608831	0.00147105
0.06367391	-0.01540497	0.00170785
0.06367391	-0.01440579	0.00183874
0.06367391	-0.01312060	0.00181196
0.06367391	-0.01158293	0.00157926
0.06367391	-0.00982986	0.00110776
0.06367391	-0.00789257	0.00039422
0.06367391	-0.00578345	-0.00052563
0.06367391	-0.00350296	-0.00160492
0.06367391	-0.00106422	-0.00283050
0.06367391	0.00151720	-0.00419302
0.06367391	0.00422579	-0.00568122
0.06367391	0.00704570	-0.00728288
0.06367391	0.00996046	-0.00898548
0.06367391	0.01295251	-0.01077731
0.06367391	0.01600215	-0.01264959
0.06367391	0.01908637	-0.01459906
0.06367391	0.02217612	-0.01663370
0.06757065	0.02474969	-0.01802302
0.06757065	0.02132275	-0.01693748
0.06757065	0.01796003	-0.01575969
0.06757065	0.01466481	-0.01453550
0.06757065	0.01144855	-0.01329228
0.06757065	0.00832725	-0.01204643
0.06757065	0.00531930	-0.01080794
0.06757065	0.00244381	-0.00958381
0.06757065	-0.00028016	-0.00837969
0.06757065	-0.00283421	-0.00720101
0.06757065	-0.00520096	-0.00605355
0.06757065	-0.00736438	-0.00494401
0.06757065	-0.00931086	-0.00388170
0.06757065	-0.01104327	-0.00290248
0.06757065	-0.01256839	-0.00204386
0.06757065	-0.01387875	-0.00131463
0.06757065	-0.01495605	-0.00070116
0.06757065	-0.01577228	-0.00017361
0.06757065	-0.01627771	0.00030476
0.06757065	-0.01639716	0.00069838
0.06757065	-0.01635815	0.00083291
0.06757065	-0.01628267	0.00095365
0.06757065	-0.01594851	0.00121555
0.06757065	-0.01528341	0.00145665
0.06757065	-0.01430792	0.00159851
0.06757065	-0.01305049	0.00159008
0.06757065	-0.01154327	0.00138370
0.06757065	-0.00982207	0.00094671
0.06757065	-0.00791735	0.00027551
0.06757065	-0.00584170	-0.00059509
0.06757065	-0.00359624	-0.00161927
0.06757065	-0.00119396	-0.00278436
0.06757065	0.00134977	-0.00408140
0.06757065	0.00401961	-0.00549962
0.06757065	0.00679992	-0.00702725
0.06757065	0.00967439	-0.00865232
0.06757065	0.01262571	-0.01036358
0.06757065	0.01563446	-0.01215273
0.06757065	0.01867810	-0.01401691
0.06757065	0.02172833	-0.01596430
0.07146739	0.02414417	-0.01724140
0.07146739	0.02079040	-0.01623032
0.07146739	0.01749794	-0.01512849
0.07146739	0.01427063	-0.01398054
0.07146739	0.01111998	-0.01281298
0.07146739	0.00806183	-0.01164156
0.07146739	0.00511420	-0.01047577
0.07146739	0.00229584	-0.00932218
0.07146739	-0.00037462	-0.00818602
0.07146739	-0.00287917	-0.00707233
0.07146739	-0.00520080	-0.00598652
0.07146739	-0.00732381	-0.00493489
0.07146739	-0.00923479	-0.00392633
0.07146739	-0.01093608	-0.00299580
0.07146739	-0.01243374	-0.00217996
0.07146739	-0.01372040	-0.00148727
0.07146739	-0.01477840	-0.00090419
0.07146739	-0.01558087	-0.00040128
0.07146739	-0.01607983	0.00005794
0.07146739	-0.01620157	0.00043982
0.07146739	-0.01616539	0.00057143
0.07146739	-0.01609349	0.00069011
0.07146739	-0.01577146	0.00094983
0.07146739	-0.01512670	0.00119377
0.07146739	-0.01417817	0.00134526
0.07146739	-0.01295289	0.00135415
0.07146739	-0.01148154	0.00117357
0.07146739	-0.00979856	0.00077121
0.07146739	-0.00793358	0.00014315
0.07146739	-0.00589935	-0.00067688
0.07146739	-0.00369756	-0.00164422
0.07146739	-0.00134108	-0.00274673
0.07146739	0.00115503	-0.00397589
0.07146739	0.00377566	-0.00532140
0.07146739	0.00650541	-0.00677201
0.07146739	0.00932823	-0.00831627
0.07146739	0.01222710	-0.00994348
0.07146739	0.01518298	-0.01164579
0.07146739	0.01817389	-0.01342073
0.07146739	0.02117235	-0.01527665
0.07536413	0.02354603	-0.01649139
0.07536413	0.02026485	-0.01555142
0.07536413	0.01704218	-0.01452223
0.07536413	0.01388235	-0.01344724
0.07536413	0.01079696	-0.01235209
0.07536413	0.00780163	-0.01125193
0.07536413	0.00491407	-0.01015578
0.07536413	0.00215261	-0.00906977
0.07536413	-0.00046450	-0.00799875
0.07536413	-0.00291967	-0.00694739
0.07536413	-0.00519624	-0.00592071
0.07536413	-0.00727884	-0.00492468
0.07536413	-0.00915428	-0.00396775
0.07536413	-0.01082437	-0.00308404
0.07536413	-0.01229453	-0.00230933
0.07536413	-0.01355745	-0.00165177
0.07536413	-0.01459611	-0.00109793
0.07536413	-0.01538472	-0.00061873
0.07536413	-0.01587705	-0.00017804
0.07536413	-0.01600082	0.00019239
0.07536413	-0.01596735	0.00032110
0.07536413	-0.01589891	0.00043770
0.07536413	-0.01558868	0.00069511
0.07536413	-0.01496378	0.00094149
0.07536413	-0.01404167	0.00110188
0.07536413	-0.01284800	0.00112705
0.07536413	-0.01141202	0.00097091
0.07536413	-0.00976688	0.00060152
0.07536413	-0.00794138	0.00001468
0.07536413	-0.00594839	-0.00075691
0.07536413	-0.00379017	-0.00166977
0.07536413	-0.00147941	-0.00271225
0.07536413	0.00096909	-0.00387623
0.07536413	0.00354048	-0.00515190
0.07536413	0.00621961	-0.00652849
0.07536413	0.00899068	-0.00799507
0.07536413	0.01183696	-0.00954144
0.07536413	0.01473980	-0.01116021
0.07536413	0.01767775	-0.01284927
0.07536413	0.02062414	-0.01461713
0.07926087	0.02294644	-0.01577151
0.07926087	0.01973795	-0.01489941
0.07926087	0.01658527	-0.01393961
0.07926087	0.01349320	-0.01293437
0.07926087	0.01047336	-0.01190850
0.07926087	0.00754119	-0.01087657
0.07926087	0.00471404	-0.00984711
0.07926087	0.00200985	-0.00882588
0.07926087	-0.00055354	-0.00781732
0.07926087	-0.00295893	-0.00682577
0.07926087	-0.00519004	-0.00585591
0.07926087	-0.00723180	-0.00491333
0.07926087	-0.00907125	-0.00400608
0.07926087	-0.01070971	-0.00316742
0.07926087	-0.01215197	-0.00243228
0.07926087	-0.01339082	-0.00180850
0.07926087	-0.01440987	-0.00128279
0.07926087	-0.01518436	-0.00082646
0.07926087	-0.01566975	-0.00040374
0.07926087	-0.01579520	-0.00004455
0.07926087	-0.01576429	0.00008126
0.07926087	-0.01569915	0.00019573
0.07926087	-0.01540035	0.00045054
0.07926087	-0.01479492	0.00069877
0.07926087	-0.01389886	0.00086718
0.07926087	-0.01273650	0.00090749
0.07926087	-0.01133572	0.00077443
0.07926087	-0.00972838	0.00043645
0.07926087	-0.00794247	-0.00011095
0.07926087	-0.00599098	-0.00083610
0.07926087	-0.00387666	-0.00169665
0.07926087	-0.00161206	-0.00268145
0.07926087	0.00078832	-0.00378278
0.07926087	0.00330988	-0.00499127
0.07926087	0.00593772	-0.00629664
0.07926087	0.00865630	-0.00768846
0.07926087	0.01144919	-0.00915699
0.07926087	0.01429813	-0.01069531
0.07926087	0.01718220	-0.01230163
0.07926087	0.02007554	-0.01398459
0.08315761	0.02229662	-0.01506332
0.08315761	0.01916583	-0.01425724
0.08315761	0.01608816	-0.01336517
0.08315761	0.01306882	-0.01242813
0.08315761	0.01011945	-0.01147009
0.08315761	0.00725522	-0.01050502
0.08315761	0.00449314	-0.00954098
0.08315761	0.00185071	-0.00858333
0.08315761	-0.00065467	-0.00763617
0.08315761	-0.00300621	-0.00670349
0.08315761	-0.00518801	-0.00578961
0.08315761	-0.00718537	-0.00489980
0.08315761	-0.00898559	-0.00404170
0.08315761	-0.01058949	-0.00324768
0.08315761	-0.01200130	-0.00255174
0.08315761	-0.01321389	-0.00196143
0.08315761	-0.01421151	-0.00146359
0.08315761	-0.01497043	-0.00103001
0.08315761	-0.01544787	-0.00062535
0.08315761	-0.01557452	-0.00027778
0.08315761	-0.01554611	-0.00015505
0.08315761	-0.01548427	-0.00004290
0.08315761	-0.01519710	0.00020873
0.08315761	-0.01461172	0.00045797
0.08315761	-0.01374272	0.00063340
0.08315761	-0.01261315	0.00068774
0.08315761	-0.01124953	0.00057663
0.08315761	-0.00968240	0.00026897
0.08315761	-0.00793893	-0.00023998
0.08315761	-0.00603216	-0.00091957
0.08315761	-0.00396533	-0.00172868
0.08315761	-0.00175075	-0.00265664
0.08315761	0.00059734	-0.00369613
0.08315761	0.00306466	-0.00483821
0.08315761	0.00563656	-0.00607310
0.08315761	0.00829782	-0.00739086
0.08315761	0.01103232	-0.00878223
0.08315761	0.01382223	-0.01024072
0.08315761	0.01664717	-0.01176486
0.08315761	0.01948213	-0.01336340
0.08705435	0.02159842	-0.01436704
0.08705435	0.01855004	-0.01362513
0.08705435	0.01555210	-0.01279909
0.08705435	0.01261018	-0.01192867
0.08705435	0.00973589	-0.01103697
0.08705435	0.00694412	-0.01013735
0.08705435	0.00425149	-0.00923742
0.08705435	0.00167504	-0.00834215
0.08705435	-0.00076827	-0.00745530
0.08705435	-0.00306213	-0.00658052
0.08705435	-0.00519104	-0.00572180
0.08705435	-0.00714066	-0.00488406
0.08705435	-0.00889857	-0.00407456
0.08705435	-0.01046515	-0.00332471
0.08705435	-0.01184407	-0.00266755
0.08705435	-0.01302833	-0.00211033
0.08705435	-0.01400278	-0.00164008
0.08705435	-0.01474479	-0.00122912
0.08705435	-0.01521329	-0.00084260
0.08705435	-0.01534065	-0.00050695
0.08705435	-0.01531466	-0.00038749
0.08705435	-0.01525609	-0.00027788
0.08705435	-0.01498066	-0.00003001
0.08705435	-0.01441582	0.00021936
0.08705435	-0.01357484	0.00040076
0.08705435	-0.01247945	0.00046802
0.08705435	-0.01115480	0.00037775
0.08705435	-0.00963015	0.00009938
0.08705435	-0.00793181	-0.00037204
0.08705435	-0.00607280	-0.00100695
0.08705435	-0.00405680	-0.00176548
0.08705435	-0.00189592	-0.00263745
0.08705435	0.00039596	-0.00361592
0.08705435	0.00280486	-0.00469241
0.08705435	0.00531643	-0.00585760
0.08705435	0.00791577	-0.00710207
0.08705435	0.01058714	-0.00841702
0.08705435	0.01331313	-0.00979640
0.08705435	0.01607396	-0.01123903
0.08705435	0.01884547	-0.01275372
0.09095109	0.02089204	-0.01369769
0.09095109	0.01792656	-0.01301696
0.09095109	0.01500892	-0.01225402
0.09095109	0.01214504	-0.01144736
0.09095109	0.00934647	-0.01061918
0.09095109	0.00662783	-0.00978227
0.09095109	0.00400531	-0.00894381
0.09095109	0.00149552	-0.00810840
0.09095109	-0.00088506	-0.00727945
0.09095109	-0.00312055	-0.00646030
0.09095109	-0.00519589	-0.00565464
0.09095109	-0.00709711	-0.00486704
0.09095109	-0.00881206	-0.00410439
0.09095109	-0.01034073	-0.00339715
0.09095109	-0.01168624	-0.00277742
0.09095109	-0.01284171	-0.00225213
0.09095109	-0.01379263	-0.00180850
0.09095109	-0.01451738	-0.00141941
0.09095109	-0.01497661	-0.00105055
0.09095109	-0.01510437	-0.00072668
0.09095109	-0.01508068	-0.00061051
0.09095109	-0.01502529	-0.00050347
0.09095109	-0.01476134	-0.00025962
0.09095109	-0.01421678	-0.00001062
0.09095109	-0.01340358	0.00017597
0.09095109	-0.01234221	0.00025512
0.09095109	-0.01105654	0.00018440
0.09095109	-0.00957453	-0.00006616
0.09095109	-0.00792163	-0.00050173
0.09095109	-0.00611086	-0.00109379
0.09095109	-0.00414628	-0.00180373
0.09095109	-0.00203977	-0.00262184
0.09095109	0.00019513	-0.00354156
0.09095109	0.00254474	-0.00455484
0.09095109	0.00499505	-0.00565284
0.09095109	0.00753148	-0.00682659
0.09095109	0.01013864	-0.00806778
0.09095109	0.01279960	-0.00937074
0.09095109	0.01549514	-0.01073460
0.09095109	0.01820195	-0.01216820
0.09484783	0.02020441	-0.01306507
0.09484783	0.01731949	-0.01244192
0.09484783	0.01447994	-0.01173843
0.09484783	0.01169198	-0.01099186
0.09484783	0.00896710	-0.01022360
0.09484783	0.00631965	-0.00944587
0.09484783	0.00376541	-0.00866543
0.09484783	0.00132054	-0.00788654
0.09484783	-0.00099891	-0.00711230
0.09484783	-0.00317751	-0.00634575
0.09484783	-0.00520060	-0.00559027
0.09484783	-0.00705457	-0.00485014
0.09484783	-0.00872756	-0.00413188
0.09484783	-0.01021917	-0.00346502
0.09484783	-0.01153202	-0.00288075
0.09484783	-0.01265935	-0.00238570
0.09484783	-0.01358726	-0.00196732
0.09484783	-0.01429512	-0.00159897
0.09484783	-0.01474517	-0.00124695
0.09484783	-0.01487314	-0.00093441
0.09484783	-0.01485162	-0.00082143
0.09484783	-0.01479923	-0.00071691
0.09484783	-0.01454627	-0.00047708
0.09484783	-0.01402119	-0.00022874
0.09484783	-0.01323474	-0.00003757
0.09484783	-0.01220625	0.00005248
0.09484783	-0.01095831	-0.00000001
0.09484783	-0.00951768	-0.00022449
0.09484783	-0.00790898	-0.00062628
0.09484783	-0.00614519	-0.00117788
0.09484783	-0.00423073	-0.00184189
0.09484783	-0.00217726	-0.00260905
0.09484783	0.00000203	-0.00347317
0.09484783	0.00229375	-0.00442659
0.09484783	0.00468420	-0.00546092
0.09484783	0.00715914	-0.00656765
0.09484783	0.00970353	-0.00773891
0.09484783	0.01230087	-0.00896942
0.09484783	0.01493252	-0.01025856
0.09484783	0.01757597	-0.01161521
0.09874457	0.01953758	-0.01246858
0.09874457	0.01673060	-0.01189956
0.09874457	0.01396666	-0.01125203
0.09874457	0.01125225	-0.01056205
0.09874457	0.00859878	-0.00985026
0.09874457	0.00602032	-0.00912831
0.09874457	0.00353227	-0.00840259
0.09874457	0.00115036	-0.00767702
0.09874457	-0.00110979	-0.00695441
0.09874457	-0.00323318	-0.00623752
0.09874457	-0.00520554	-0.00552946
0.09874457	-0.00701362	-0.00483420
0.09874457	-0.00864581	-0.00415792
0.09874457	-0.01010137	-0.00352928
0.09874457	-0.01138246	-0.00297857
0.09874457	-0.01248245	-0.00251214
0.09874457	-0.01338798	-0.00211764
0.09874457	-0.01407936	-0.00176897
0.09874457	-0.01452040	-0.00143296
0.09874457	-0.01464844	-0.00113127
0.09874457	-0.01462895	-0.00102138
0.09874457	-0.01457940	-0.00091932
0.09874457	-0.01433692	-0.00068349
0.09874457	-0.01383049	-0.00043604
0.09874457	-0.01306975	-0.00024083
0.09874457	-0.01207290	-0.00014074
0.09874457	-0.01086136	-0.00017627
0.09874457	-0.00946073	-0.00037629
0.09874457	-0.00789482	-0.00074628
0.09874457	-0.00617658	-0.00125972
0.09874457	-0.00431075	-0.00188037
0.09874457	-0.00230876	-0.00259940
0.09874457	-0.00018350	-0.00341095
0.09874457	0.00205196	-0.00430776
0.09874457	0.00438423	-0.00528185
0.09874457	0.00679936	-0.00632517
0.09874457	0.00928268	-0.00743023
0.09874457	0.01181811	-0.00859213
0.09874457	0.01438756	-0.00981050
0.09874457	0.01696929	-0.01109423
0.10264130	0.01889244	-0.01190532
0.10264130	0.01616066	-0.01138722
0.10264130	0.01346970	-0.01079237
0.10264130	0.01082630	-0.01015572
0.10264130	0.00824179	-0.00949714
0.10264130	0.00572997	-0.00882780
0.10264130	0.00330586	-0.00815368
0.10264130	0.00098480	-0.00747842
0.10264130	-0.00121803	-0.00680454
0.10264130	-0.00328804	-0.00613454
0.10264130	-0.00521132	-0.00547128
0.10264130	-0.00697497	-0.00481843
0.10264130	-0.00856766	-0.00418186
0.10264130	-0.00998829	-0.00358939
0.10264130	-0.01123862	-0.00307043
0.10264130	-0.01231211	-0.00263108
0.10264130	-0.01319596	-0.00225918
0.10264130	-0.01387136	-0.00192914
0.10264130	-0.01430360	-0.00160835
0.10264130	-0.01443157	-0.00131706
0.10264130	-0.01441400	-0.00121015
0.10264130	-0.01436715	-0.00111047
0.10264130	-0.01413464	-0.00087857
0.10264130	-0.01364605	-0.00063217
0.10264130	-0.01290996	-0.00043339
0.10264130	-0.01194351	-0.00032406
0.10264130	-0.01076699	-0.00034376
0.10264130	-0.00940489	-0.00052083
0.10264130	-0.00788029	-0.00086088
0.10264130	-0.00620606	-0.00133833
0.10264130	-0.00438725	-0.00191803
0.10264130	-0.00243507	-0.00259160
0.10264130	-0.00036210	-0.00335346
0.10264130	0.00181890	-0.00419674
0.10264130	0.00409481	-0.00511387
0.10264130	0.00645200	-0.00609717
0.10264130	0.00887615	-0.00713958
0.10264130	0.01135157	-0.00823654
0.10264130	0.01386070	-0.00938789
0.10264130	0.01638256	-0.01060254
0.10653804	0.01828121	-0.01137574
0.10653804	0.01562056	-0.01090525
0.10653804	0.01299864	-0.01035971
0.10653804	0.01042243	-0.00977299
0.10653804	0.00790318	-0.00916424
0.10653804	0.00545443	-0.00854415
0.10653804	0.00309085	-0.00791836
0.10653804	0.00082739	-0.00729024
0.10653804	-0.00132119	-0.00666202
0.10653804	-0.00334064	-0.00603597
0.10653804	-0.00521745	-0.00541469
0.10653804	-0.00693903	-0.00480161
0.10653804	-0.00849428	-0.00420229
0.10653804	-0.00988183	-0.00364373
0.10653804	-0.01110300	-0.00315456
0.10653804	-0.01215138	-0.00274060
0.10653804	-0.01301468	-0.00238990
0.10653804	-0.01367494	-0.00207735
0.10653804	-0.01409881	-0.00177086
0.10653804	-0.01422666	-0.00148936
0.10653804	-0.01421087	-0.00138526
0.10653804	-0.01416655	-0.00128784
0.10653804	-0.01394342	-0.00105971
0.10653804	-0.01347164	-0.00081441
0.10653804	-0.01275879	-0.00061238
0.10653804	-0.01182103	-0.00049449
0.10653804	-0.01067760	-0.00049944
0.10653804	-0.00935195	-0.00065506
0.10653804	-0.00786644	-0.00096709
0.10653804	-0.00623387	-0.00141082
0.10653804	-0.00445959	-0.00195215
0.10653804	-0.00255458	-0.00258309
0.10653804	-0.00053113	-0.00329837
0.10653804	0.00159826	-0.00409145
0.10653804	0.00382076	-0.00495514
0.10653804	0.00612305	-0.00588216
0.10653804	0.00849110	-0.00686581
0.10653804	0.01090963	-0.00790183
0.10653804	0.01336158	-0.00899030
0.10653804	0.01582666	-0.01014013
0.11043478	0.01771877	-0.01088404
0.11043478	0.01512363	-0.01045780
0.11043478	0.01256530	-0.00995805
0.11043478	0.01005095	-0.00941769
0.11043478	0.00759179	-0.00885521
0.11043478	0.00520110	-0.00828086
0.11043478	0.00289325	-0.00769994
0.11043478	0.00068280	-0.00711556
0.11043478	-0.00141583	-0.00652971
0.11043478	-0.00338877	-0.00594444
0.11043478	-0.00522281	-0.00536211
0.11043478	-0.00690567	-0.00478592
0.11043478	-0.00842649	-0.00422113
0.11043478	-0.00978361	-0.00369403
0.11043478	-0.01097797	-0.00323247
0.11043478	-0.01200326	-0.00284206
0.11043478	-0.01284767	-0.00251102
0.11043478	-0.01349399	-0.00221468
0.11043478	-0.01391018	-0.00192143
0.11043478	-0.01403797	-0.00164898
0.11043478	-0.01402384	-0.00154748
0.11043478	-0.01398187	-0.00145213
0.11043478	-0.01376742	-0.00122744
0.11043478	-0.01331118	-0.00098307
0.11043478	-0.01261979	-0.00077795
0.11043478	-0.01170850	-0.00065204
0.11043478	-0.01059557	-0.00064325
0.11043478	-0.00930351	-0.00077893
0.11043478	-0.00785398	-0.00106493
0.11043478	-0.00625977	-0.00147736
0.11043478	-0.00452646	-0.00198310
0.11043478	-0.00266486	-0.00257450
0.11043478	-0.00068699	-0.00324656
0.11043478	0.00139493	-0.00399310
0.11043478	0.00356831	-0.00480724
0.11043478	0.00582010	-0.00568207
0.11043478	0.00813657	-0.00661122
0.11043478	0.01050280	-0.00759076
0.11043478	0.01290217	-0.00862094
0.11043478	0.01531505	-0.00971067
0.11433152	0.01721486	-0.01043428
0.11433152	0.01467863	-0.01004906
0.11433152	0.01217744	-0.00959171
0.11433152	0.00971868	-0.00909423
0.11433152	0.00731348	-0.00857452
0.11433152	0.00497493	-0.00804242
0.11433152	0.00271710	-0.00750295
0.11433152	0.00055423	-0.00695896
0.11433152	-0.00149959	-0.00641222
0.11433152	-0.00343081	-0.00586456
0.11433152	-0.00522652	-0.00531814
0.11433152	-0.00687470	-0.00477594
0.11433152	-0.00836470	-0.00424295
0.11433152	-0.00969458	-0.00374479
0.11433152	-0.01086495	-0.00330864
0.11433152	-0.01186957	-0.00293990
0.11433152	-0.01269707	-0.00262694
0.11433152	-0.01333095	-0.00234549
0.11433152	-0.01374034	-0.00206437
0.11433152	-0.01386818	-0.00180012
0.11433152	-0.01385559	-0.00170096
0.11433152	-0.01381577	-0.00160747
0.11433152	-0.01360925	-0.00138579
0.11433152	-0.01316711	-0.00114209
0.11433152	-0.01249516	-0.00093389
0.11433152	-0.01160780	-0.00080037
0.11433152	-0.01052239	-0.00077871
0.11433152	-0.00926055	-0.00089585
0.11433152	-0.00784336	-0.00115776
0.11433152	-0.00628357	-0.00154127
0.11433152	-0.00458700	-0.00201416
0.11433152	-0.00276430	-0.00256911
0.11433152	-0.00082724	-0.00320136
0.11433152	0.00121217	-0.00390502
0.11433152	0.00334160	-0.00467355
0.11433152	0.00554821	-0.00550035
0.11433152	0.00781855	-0.00637938
0.11433152	0.01013801	-0.00730697
0.11433152	0.01249040	-0.00828357
0.11433152	0.01485665	-0.00931809
0.11822826	0.01677529	-0.01002155
0.11822826	0.01429073	-0.00967431
0.11822826	0.01183959	-0.00925613
0.11822826	0.00942948	-0.00879821
0.11822826	0.00707148	-0.00831793
0.11822826	0.00477852	-0.00782476
0.11822826	0.00256439	-0.00732344
0.11822826	0.00044309	-0.00681661
0.11822826	-0.00157162	-0.00630581
0.11822826	-0.00346645	-0.00579270
0.11822826	-0.00522876	-0.00527922
0.11822826	-0.00684675	-0.00476815
0.11822826	-0.00830996	-0.00426425
0.11822826	-0.00961619	-0.00379256
0.11822826	-0.01076571	-0.00337965
0.11822826	-0.01175238	-0.00303074
0.11822826	-0.01256519	-0.00273432
0.11822826	-0.01318831	-0.00246645
0.11822826	-0.01359191	-0.00219631
0.11822826	-0.01371998	-0.00193940
0.11822826	-0.01370882	-0.00184228
0.11822826	-0.01367097	-0.00175040
0.11822826	-0.01347159	-0.00153123
0.11822826	-0.01304206	-0.00128778
0.11822826	-0.01238741	-0.00107639
0.11822826	-0.01152123	-0.00093552
0.11822826	-0.01046009	-0.00090174
0.11822826	-0.00922482	-0.00100163
0.11822826	-0.00783596	-0.00124129
0.11822826	-0.00630623	-0.00159821
0.11822826	-0.00464172	-0.00204093
0.11822826	-0.00285292	-0.00256243
0.11822826	-0.00095138	-0.00315820
0.11822826	0.00105107	-0.00382261
0.11822826	0.00314230	-0.00454940
0.11822826	0.00530967	-0.00533229
0.11822826	0.00753997	-0.00616550
0.11822826	0.00981887	-0.00704563
0.11822826	0.01213053	-0.00797330
0.11822826	0.01445643	-0.00895747
0.12212500	0.01640514	-0.00963611
0.12212500	0.01396437	-0.00932392
0.12212500	0.01155556	-0.00894179
0.12212500	0.00918654	-0.00852024
0.12212500	0.00686838	-0.00807616
0.12212500	0.00461385	-0.00761869
0.12212500	0.00243655	-0.00715234
0.12212500	0.00035022	-0.00667951
0.12212500	-0.00163160	-0.00620158
0.12212500	-0.00349588	-0.00572000
0.12212500	-0.00523019	-0.00523655
0.12212500	-0.00682293	-0.00475382
0.12212500	-0.00826377	-0.00427635
0.12212500	-0.00955029	-0.00382866
0.12212500	-0.01068243	-0.00343684
0.12212500	-0.01165413	-0.00310592
0.12212500	-0.01245471	-0.00282449
0.12212500	-0.01306891	-0.00256890
0.12212500	-0.01346784	-0.00230857
0.12212500	-0.01359639	-0.00205805
0.12212500	-0.01358655	-0.00196268
0.12212500	-0.01355048	-0.00187213
0.12212500	-0.01335743	-0.00165490
0.12212500	-0.01293894	-0.00141123
0.12212500	-0.01229929	-0.00119642
0.12212500	-0.01145139	-0.00104836
0.12212500	-0.01041104	-0.00100309
0.12212500	-0.00919838	-0.00108693
0.12212500	-0.00783348	-0.00130610
0.12212500	-0.00632909	-0.00163866
0.12212500	-0.00469153	-0.00205382
0.12212500	-0.00293116	-0.00254485
0.12212500	-0.00105939	-0.00310742
0.12212500	0.00091215	-0.00373616
0.12212500	0.00297148	-0.00442506
0.12212500	0.00510612	-0.00516810
0.12212500	0.00730306	-0.00595979
0.12212500	0.00954819	-0.00679694
0.12212500	0.01182601	-0.00768033
0.12212500	0.01411844	-0.00861896
0.12488152	0.01618824	-0.00938475
0.12488152	0.01377347	-0.00909578
0.12488152	0.01138972	-0.00873743
0.12488152	0.00904497	-0.00833981
0.12488152	0.00675030	-0.00791951
0.12488152	0.00451842	-0.00748548
0.12488152	0.00236280	-0.00704204
0.12488152	0.00029702	-0.00659148
0.12488152	-0.00166550	-0.00613503
0.12488152	-0.00351187	-0.00567403
0.12488152	-0.00522982	-0.00521014
0.12488152	-0.00680784	-0.00474582
0.12488152	-0.00823569	-0.00428548
0.12488152	-0.00951078	-0.00385335
0.12488152	-0.01063286	-0.00347519
0.12488152	-0.01159587	-0.00315593
0.12488152	-0.01238937	-0.00288422
0.12488152	-0.01299845	-0.00263653
0.12488152	-0.01339481	-0.00238244
0.12488152	-0.01352387	-0.00213589
0.12488152	-0.01351492	-0.00204155
0.12488152	-0.01347999	-0.00195176
0.12488152	-0.01329095	-0.00173552
0.12488152	-0.01287931	-0.00149133
0.12488152	-0.01224886	-0.00127389
0.12488152	-0.01141204	-0.00112076
0.12488152	-0.01038420	-0.00106767
0.12488152	-0.00918503	-0.00114081
0.12488152	-0.00783432	-0.00134647
0.12488152	-0.00634482	-0.00166308
0.12488152	-0.00472305	-0.00206026
0.12488152	-0.00297931	-0.00253144
0.12488152	-0.00112488	-0.00307243
0.12488152	0.00082869	-0.00367800
0.12488152	0.00286949	-0.00434234
0.12488152	0.00498516	-0.00505958
0.12488152	0.00716280	-0.00582440
0.12488152	0.00938844	-0.00663375
0.12488152	0.01164674	-0.00748855
0.12488152	0.01391993	-0.00839781
0.12761452	0.01600998	-0.00916112
0.12761452	0.01361702	-0.00889409
0.12761452	0.01125424	-0.00855811
0.12761452	0.00892975	-0.00818294
0.12761452	0.00665468	-0.00778492
0.12761452	0.00444166	-0.00737280
0.12761452	0.00230406	-0.00695077
0.12761452	0.00025536	-0.00652097
0.12761452	-0.00169117	-0.00608453
0.12761452	-0.00352275	-0.00564268
0.12761452	-0.00522720	-0.00519696
0.12761452	-0.00679313	-0.00474970
0.12761452	-0.00821036	-0.00430521
0.12761452	-0.00947613	-0.00388743
0.12761452	-0.01058998	-0.00352188
0.12761452	-0.01154589	-0.00321339
0.12761452	-0.01233361	-0.00295065
0.12761452	-0.01293856	-0.00271022
0.12761452	-0.01333297	-0.00246180
0.12761452	-0.01346268	-0.00221872
0.12761452	-0.01345456	-0.00212525
0.12761452	-0.01342068	-0.00203608
0.12761452	-0.01323522	-0.00182051
0.12761452	-0.01282961	-0.00157551
0.12761452	-0.01220716	-0.00135528
0.12761452	-0.01137989	-0.00119708
0.12761452	-0.01036273	-0.00113642
0.12761452	-0.00917494	-0.00119937
0.12761452	-0.00783607	-0.00139234
0.12761452	-0.00635894	-0.00169405
0.12761452	-0.00475021	-0.00207448
0.12761452	-0.00302014	-0.00252721
0.12761452	-0.00117994	-0.00304819
0.12761452	0.00075891	-0.00363233
0.12761452	0.00278460	-0.00427396
0.12761452	0.00488483	-0.00496738
0.12761452	0.00704678	-0.00570740
0.12761452	0.00925659	-0.00649115
0.12761452	0.01149911	-0.00731964
0.12761452	0.01375679	-0.00820194
0.13030068	0.01586327	-0.00895868
0.13030068	0.01348864	-0.00871227
0.13030068	0.01114341	-0.00839723
0.13030068	0.00883586	-0.00804303
0.13030068	0.00657712	-0.00766579
0.13030068	0.00437980	-0.00727410
0.13030068	0.00225718	-0.00687200
0.13030068	0.00022264	-0.00646154
0.13030068	-0.00171065	-0.00604371
0.13030068	-0.00353000	-0.00561964
0.13030068	-0.00522335	-0.00519076
0.13030068	-0.00677936	-0.00475931
0.13030068	-0.00818792	-0.00432945
0.13030068	-0.00944610	-0.00392490
0.13030068	-0.01055326	-0.00357097
0.13030068	-0.01150338	-0.00327241
0.13030068	-0.01228640	-0.00301792
0.13030068	-0.01288803	-0.00278417
0.13030068	-0.01328098	-0.00254087
0.13030068	-0.01341141	-0.00230083
0.13030068	-0.01340405	-0.00220810
0.13030068	-0.01337113	-0.00211944
0.13030068	-0.01318886	-0.00190432
0.13030068	-0.01278854	-0.00165835
0.13030068	-0.01217305	-0.00143527
0.13030068	-0.01135403	-0.00127210
0.13030068	-0.01034599	-0.00120417
0.13030068	-0.00916782	-0.00125746
0.13030068	-0.00783886	-0.00143850
0.13030068	-0.00637198	-0.00172631
0.13030068	-0.00477403	-0.00209116
0.13030068	-0.00305521	-0.00252679
0.13030068	-0.00122667	-0.00302924
0.13030068	0.00070015	-0.00359357
0.13030068	0.00271351	-0.00421423
0.13030068	0.00480118	-0.00488568
0.13030068	0.00695039	-0.00560288
0.13030068	0.00914739	-0.00636307
0.13030068	0.01137716	-0.00716738
0.13030068	0.01362237	-0.00802494
0.13291709	0.01573188	-0.00875868
0.13291709	0.01337364	-0.00853145
0.13291709	0.01104407	-0.00823593
0.13291709	0.00875159	-0.00790130
0.13291709	0.00650739	-0.00754343
0.13291709	0.00432403	-0.00717078
0.13291709	0.00221472	-0.00678725
0.13291709	0.00019276	-0.00639477
0.13291709	-0.00172877	-0.00599424
0.13291709	-0.00353729	-0.00558667
0.13291709	-0.00522080	-0.00517341
0.13291709	-0.00676804	-0.00475660
0.13291709	-0.00816896	-0.00434029
0.13291709	-0.00942046	-0.00394803
0.13291709	-0.01052173	-0.00360490
0.13291709	-0.01146676	-0.00331558
0.13291709	-0.01224564	-0.00306876
0.13291709	-0.01284438	-0.00284118
0.13291709	-0.01323610	-0.00260262
0.13291709	-0.01336731	-0.00236539
0.13291709	-0.01336071	-0.00227331
0.13291709	-0.01332871	-0.00218509
0.13291709	-0.01314945	-0.00197024
0.13291709	-0.01275403	-0.00172318
0.13291709	-0.01214490	-0.00149727
0.13291709	-0.01133335	-0.00132935
0.13291709	-0.01033352	-0.00125460
0.13291709	-0.00916399	-0.00129892
0.13291709	-0.00784389	-0.00146893
0.13291709	-0.00638615	-0.00174387
0.13291709	-0.00479777	-0.00209430
0.13291709	-0.00308894	-0.00251409
0.13291709	-0.00127075	-0.00299937
0.13291709	0.00064544	-0.00354533
0.13291709	0.00264791	-0.00414655
0.13291709	0.00472448	-0.00479763
0.13291709	0.00686247	-0.00549365
0.13291709	0.00904821	-0.00623197
0.13291709	0.01126678	-0.00701383
0.13291709	0.01350106	-0.00784842
0.13544143	0.01559581	-0.00857272
0.13544143	0.01325429	-0.00836335
0.13544143	0.01094074	-0.00808608
0.13544143	0.00866372	-0.00776979
0.13544143	0.00643443	-0.00743013
0.13544143	0.00426541	-0.00707539
0.13544143	0.00216980	-0.00670936
0.13544143	0.00016079	-0.00633385
0.13544143	-0.00174863	-0.00594967
0.13544143	-0.00354596	-0.00555774
0.13544143	-0.00521928	-0.00515931
0.13544143	-0.00675742	-0.00475641
0.13544143	-0.00815036	-0.00435300
0.13544143	-0.00939487	-0.00397240
0.13544143	-0.01048997	-0.00363949
0.13544143	-0.01142968	-0.00335890
0.13544143	-0.01220423	-0.00311935
0.13544143	-0.01279989	-0.00289765
0.13544143	-0.01319021	-0.00266362
0.13544143	-0.01332198	-0.00242910
0.13544143	-0.01331602	-0.00233769
0.13544143	-0.01328484	-0.00224995
0.13544143	-0.01310839	-0.00203559
0.13544143	-0.01271770	-0.00178781
0.13544143	-0.01211484	-0.00155953
0.13544143	-0.01131075	-0.00138737
0.13544143	-0.01031921	-0.00130630
0.13544143	-0.00915847	-0.00134216
0.13544143	-0.00784748	-0.00150168
0.13544143	-0.00639918	-0.00176440
0.13544143	-0.00482075	-0.00210115
0.13544143	-0.00312233	-0.00250590
0.13544143	-0.00131494	-0.00297490
0.13544143	0.00059008	-0.00350343
0.13544143	0.00258110	-0.00408622
0.13544143	0.00464598	-0.00471799
0.13544143	0.00677211	-0.00539392
0.13544143	0.00894589	-0.00611151
0.13544143	0.01115256	-0.00687205
0.13544143	0.01337520	-0.00768476
0.13785216	0.01543293	-0.00846217
0.13785216	0.01311157	-0.00826990
0.13785216	0.01081748	-0.00801020
0.13785216	0.00855933	-0.00771162
0.13785216	0.00634833	-0.00738957
0.13785216	0.00419694	-0.00705219
0.13785216	0.00211821	-0.00670311
0.13785216	0.00012523	-0.00634408
0.13785216	-0.00176912	-0.00597577
0.13785216	-0.00355246	-0.00559905
0.13785216	-0.00521297	-0.00521506
0.13785216	-0.00673957	-0.00482576
0.13785216	-0.00812232	-0.00443506
0.13785216	-0.00935789	-0.00406614
0.13785216	-0.01044513	-0.00374355
0.13785216	-0.01137805	-0.00347174
0.13785216	-0.01214704	-0.00323945
0.13785216	-0.01273865	-0.00302359
0.13785216	-0.01312682	-0.00279412
0.13785216	-0.01325881	-0.00256255
0.13785216	-0.01325352	-0.00247194
0.13785216	-0.01322324	-0.00238478
0.13785216	-0.01304993	-0.00217115
0.13785216	-0.01266454	-0.00192292
0.13785216	-0.01206876	-0.00169263
0.13785216	-0.01127320	-0.00151663
0.13785216	-0.01029129	-0.00142969
0.13785216	-0.00914096	-0.00145752
0.13785216	-0.00784092	-0.00160696
0.13785216	-0.00640419	-0.00185787
0.13785216	-0.00483806	-0.00218137
0.13785216	-0.00315260	-0.00257149
0.13785216	-0.00135876	-0.00302455
0.13785216	0.00053221	-0.00353599
0.13785216	0.00250873	-0.00410062
0.13785216	0.00455876	-0.00471331
0.13785216	0.00666976	-0.00536936
0.13785216	0.00882824	-0.00606638
0.13785216	0.01101959	-0.00680574
0.13785216	0.01322709	-0.00759669
0.14012871	0.01520503	-0.00848402
0.14012871	0.01291195	-0.00830835
0.14012871	0.01064539	-0.00806590
0.14012871	0.00841409	-0.00778483
0.14012871	0.00622920	-0.00748030
0.14012871	0.00410307	-0.00716025
0.14012871	0.00204862	-0.00682820
0.14012871	0.00007877	-0.00648578
0.14012871	-0.00179375	-0.00613359
0.14012871	-0.00355673	-0.00577240
0.14012871	-0.00519847	-0.00540328
0.14012871	-0.00670803	-0.00502811
0.14012871	-0.00807559	-0.00465075
0.14012871	-0.00929778	-0.00429423
0.14012871	-0.01037325	-0.00398260
0.14012871	-0.01129603	-0.00372009
0.14012871	-0.01205669	-0.00349545
0.14012871	-0.01264204	-0.00328580
0.14012871	-0.01302647	-0.00306126
0.14012871	-0.01315782	-0.00283322
0.14012871	-0.01315307	-0.00274373
0.14012871	-0.01312369	-0.00265749
0.14012871	-0.01295393	-0.00244544
0.14012871	-0.01257502	-0.00219785
0.14012871	-0.01198825	-0.00196662
0.14012871	-0.01120388	-0.00178766
0.14012871	-0.01023494	-0.00169534
0.14012871	-0.00909894	-0.00171521
0.14012871	-0.00781435	-0.00185431
0.14012871	-0.00639420	-0.00209313
0.14012871	-0.00484587	-0.00240307
0.14012871	-0.00317934	-0.00277813
0.14012871	-0.00140542	-0.00321471
0.14012871	0.00046474	-0.00370838
0.14012871	0.00241968	-0.00425412
0.14012871	0.00444747	-0.00484692
0.14012871	0.00653570	-0.00548222
0.14012871	0.00867106	-0.00615769
0.14012871	0.01083912	-0.00687481
0.14012871	0.01302344	-0.00764279
0.14225166	0.01485230	-0.00864004
0.14225166	0.01260194	-0.00848001
0.14225166	0.01037723	-0.00825446
0.14225166	0.00818689	-0.00799088
0.14225166	0.00604194	-0.00770407
0.14225166	0.00395456	-0.00740169
0.14225166	0.00193743	-0.00708711
0.14225166	0.00000325	-0.00676184
0.14225166	-0.00183551	-0.00642640
0.14225166	-0.00356684	-0.00608150
0.14225166	-0.00517929	-0.00572814
0.14225166	-0.00666209	-0.00536809
0.14225166	-0.00800564	-0.00500529
0.14225166	-0.00920660	-0.00466259
0.14225166	-0.01026342	-0.00436321
0.14225166	-0.01117015	-0.00411107
0.14225166	-0.01191756	-0.00389492
0.14225166	-0.01249284	-0.00369223
0.14225166	-0.01287087	-0.00347358
0.14225166	-0.01300052	-0.00325032
0.14225166	-0.01299633	-0.00316251
0.14225166	-0.01296804	-0.00307772
0.14225166	-0.01280295	-0.00286853
0.14225166	-0.01243287	-0.00262314
0.14225166	-0.01185871	-0.00239256
0.14225166	-0.01109035	-0.00221211
0.14225166	-0.01014038	-0.00211552
0.14225166	-0.00902582	-0.00212804
0.14225166	-0.00776479	-0.00225685
0.14225166	-0.00637027	-0.00248328
0.14225166	-0.00484968	-0.00277912
0.14225166	-0.00321280	-0.00313828
0.14225166	-0.00147025	-0.00355725
0.14225166	0.00036701	-0.00403176
0.14225166	0.00228769	-0.00455696
0.14225166	0.00428008	-0.00512798
0.14225166	0.00633197	-0.00574040
0.14225166	0.00843031	-0.00639200
0.14225166	0.01056095	-0.00708426
0.14225166	0.01270783	-0.00782628
0.14420289	0.01431908	-0.00888884
0.14420289	0.01213153	-0.00874314
0.14420289	0.00996853	-0.00853408
0.14420289	0.00783873	-0.00828810
0.14420289	0.00575291	-0.00801942
0.14420289	0.00372296	-0.00773535
0.14420289	0.00176123	-0.00743907
0.14420289	-0.00011993	-0.00713196
0.14420289	-0.00190840	-0.00681447
0.14420289	-0.00359251	-0.00648725
0.14420289	-0.00516111	-0.00615123
0.14420289	-0.00660374	-0.00580807
0.14420289	-0.00791111	-0.00546176
0.14420289	-0.00907996	-0.00513482
0.14420289	-0.01010855	-0.00484942
0.14420289	-0.01099101	-0.00460906
0.14420289	-0.01171839	-0.00440261
0.14420289	-0.01227831	-0.00420811
0.14420289	-0.01264635	-0.00399681
0.14420289	-0.01277280	-0.00378009
0.14420289	-0.01276907	-0.00369473
0.14420289	-0.01274203	-0.00361218
0.14420289	-0.01258285	-0.00340791
0.14420289	-0.01222468	-0.00316725
0.14420289	-0.01166804	-0.00293993
0.14420289	-0.01092238	-0.00276027
0.14420289	-0.00999978	-0.00266105
0.14420289	-0.00891663	-0.00266700
0.14420289	-0.00769051	-0.00278545
0.14420289	-0.00633428	-0.00299879
0.14420289	-0.00485529	-0.00327945
0.14420289	-0.00326301	-0.00362120
0.14420289	-0.00156781	-0.00402064
0.14420289	0.00021967	-0.00447370
0.14420289	0.00208842	-0.00497573
0.14420289	0.00402703	-0.00552202
0.14420289	0.00602364	-0.00610833
0.14420289	0.00806556	-0.00673248
0.14420289	0.01013906	-0.00739591
0.14420289	0.01222863	-0.00810739
0.14596576	0.01357706	-0.00917762
0.14596576	0.01147525	-0.00904615
0.14596576	0.00939672	-0.00885408
0.14596576	0.00734989	-0.00862658
0.14596576	0.00534520	-0.00837717
0.14596576	0.00339412	-0.00811274
0.14596576	0.00150851	-0.00783625
0.14596576	-0.00029973	-0.00754896
0.14596576	-0.00201897	-0.00725126
0.14596576	-0.00363799	-0.00694373
0.14596576	-0.00514609	-0.00662723
0.14596576	-0.00653320	-0.00630333
0.14596576	-0.00779043	-0.00597604
0.14596576	-0.00891469	-0.00566737
0.14596576	-0.00990409	-0.00539815
0.14596576	-0.01075288	-0.00517141
0.14596576	-0.01145247	-0.00497625
0.14596576	-0.01199104	-0.00479151
0.14596576	-0.01234507	-0.00458944
0.14596576	-0.01246685	-0.00438143
0.14596576	-0.01246359	-0.00429942
0.14596576	-0.01243805	-0.00421999
0.14596576	-0.01228638	-0.00402279
0.14596576	-0.01194374	-0.00378952
0.14596576	-0.01141028	-0.00356810
0.14596576	-0.01069496	-0.00339154
0.14596576	-0.00980922	-0.00329135
0.14596576	-0.00876872	-0.00329146
0.14596576	-0.00759033	-0.00339926
0.14596576	-0.00628661	-0.00359838
0.14596576	-0.00486476	-0.00386213
0.14596576	-0.00333388	-0.00418422
0.14596576	-0.00170391	-0.00456140
0.14596576	0.00001489	-0.00498979
0.14596576	0.00181191	-0.00546501
0.14596576	0.00367621	-0.00598254
0.14596576	0.00559634	-0.00653833
0.14596576	0.00756016	-0.00713028
0.14596576	0.00955449	-0.00775975
0.14596576	0.01156449	-0.00843512
0.14752524	0.01263307	-0.00946411
0.14752524	0.01063863	-0.00934867
0.14752524	0.00866618	-0.00917495
0.14752524	0.00672375	-0.00896714
0.14752524	0.00482124	-0.00873822
0.14752524	0.00296954	-0.00849476
0.14752524	0.00117991	-0.00823956
0.14752524	-0.00053637	-0.00797376
0.14752524	-0.00216826	-0.00769773
0.14752524	-0.00370511	-0.00741198
0.14752524	-0.00513678	-0.00711731
0.14752524	-0.00645371	-0.00681515
0.14752524	-0.00764751	-0.00650949
0.14752524	-0.00871524	-0.00622148
0.14752524	-0.00965492	-0.00597049
0.14752524	-0.01046103	-0.00575911
0.14752524	-0.01112541	-0.00557681
0.14752524	-0.01163690	-0.00540345
0.14752524	-0.01197314	-0.00521255
0.14752524	-0.01208881	-0.00501533
0.14752524	-0.01208592	-0.00493752
0.14752524	-0.01206200	-0.00486205
0.14752524	-0.01191906	-0.00467419
0.14752524	-0.01159513	-0.00445112
0.14752524	-0.01109007	-0.00423837
0.14752524	-0.01041222	-0.00406723
0.14752524	-0.00957232	-0.00396758
0.14752524	-0.00858505	-0.00396229
0.14752524	-0.00746641	-0.00405877
0.14752524	-0.00622853	-0.00424211
0.14752524	-0.00487839	-0.00448680
0.14752524	-0.00342457	-0.00478652
0.14752524	-0.00187654	-0.00513821
0.14752524	-0.00024406	-0.00553826
0.14752524	0.00146279	-0.00598257
0.14752524	0.00323359	-0.00646688
0.14752524	0.00505750	-0.00698740
0.14752524	0.00692297	-0.00754215
0.14752524	0.00881749	-0.00813258
0.14752524	0.01072700	-0.00876686
0.14886800	0.01154278	-0.00972671
0.14886800	0.00967038	-0.00963039
0.14886800	0.00781901	-0.00947626
0.14886800	0.00599597	-0.00928855
0.14886800	0.00421045	-0.00908022
0.14886800	0.00247261	-0.00885776
0.14886800	0.00079299	-0.00862395
0.14886800	-0.00081785	-0.00837988
0.14886800	-0.00234953	-0.00812589
0.14886800	-0.00379209	-0.00786245
0.14886800	-0.00513600	-0.00759032
0.14886800	-0.00637230	-0.00731079
0.14886800	-0.00749313	-0.00702776
0.14886800	-0.00849578	-0.00676140
0.14886800	-0.00937822	-0.00652949
0.14886800	-0.01013520	-0.00633416
0.14886800	-0.01075906	-0.00616537
0.14886800	-0.01123937	-0.00600419
0.14886800	-0.01155508	-0.00582566
0.14886800	-0.01166371	-0.00564070
0.14886800	-0.01166120	-0.00556770
0.14886800	-0.01163905	-0.00549676
0.14886800	-0.01150581	-0.00531973
0.14886800	-0.01120289	-0.00510873
0.14886800	-0.01072988	-0.00490656
0.14886800	-0.01009451	-0.00474257
0.14886800	-0.00930669	-0.00464476
0.14886800	-0.00838006	-0.00463476
0.14886800	-0.00732965	-0.00471989
0.14886800	-0.00616700	-0.00488672
0.14886800	-0.00489879	-0.00511111
0.14886800	-0.00353309	-0.00538686
0.14886800	-0.00207877	-0.00571110
0.14886800	-0.00054503	-0.00608051
0.14886800	0.00105865	-0.00649130
0.14886800	0.00272248	-0.00693952
0.14886800	0.00443624	-0.00742172
0.14886800	0.00618907	-0.00793622
0.14886800	0.00796916	-0.00848481
0.14886800	0.00976319	-0.00907608
0.14998261	0.01041241	-0.00995929
0.14998261	0.00866477	-0.00988423
0.14998261	0.00693771	-0.00974934
0.14998261	0.00523752	-0.00958020
0.14998261	0.00357252	-0.00939045
0.14998261	0.00195203	-0.00918684
0.14998261	0.00038583	-0.00897230
0.14998261	-0.00111624	-0.00874794
0.14998261	-0.00254454	-0.00851413
0.14998261	-0.00388977	-0.00827131
0.14998261	-0.00514306	-0.00802019
0.14998261	-0.00629604	-0.00776195
0.14998261	-0.00734143	-0.00750037
0.14998261	-0.00827672	-0.00725449
0.14998261	-0.00909992	-0.00704058
0.14998261	-0.00980605	-0.00686040
0.14998261	-0.01038797	-0.00670446
0.14998261	-0.01083599	-0.00655505
0.14998261	-0.01113041	-0.00638887
0.14998261	-0.01123164	-0.00621642
0.14998261	-0.01122940	-0.00614837
0.14998261	-0.01120892	-0.00608216
0.14998261	-0.01108530	-0.00591659
0.14998261	-0.01080364	-0.00571865
0.14998261	-0.01036337	-0.00552822
0.14998261	-0.00977157	-0.00537259
0.14998261	-0.00903735	-0.00527780
0.14998261	-0.00817330	-0.00526415
0.14998261	-0.00719339	-0.00533880
0.14998261	-0.00610854	-0.00548976
0.14998261	-0.00492508	-0.00569435
0.14998261	-0.00365054	-0.00594653
0.14998261	-0.00229319	-0.00624367
0.14998261	-0.00086163	-0.00658270
0.14998261	0.00063527	-0.00696019
0.14998261	0.00218836	-0.00737251
0.14998261	0.00378807	-0.00781662
0.14998261	0.00542420	-0.00829130
0.14998261	0.00708562	-0.00879904
0.14998261	0.00875961	-0.00934950
0.15085954	0.00937043	-0.01015591
0.15085954	0.00773676	-0.01010086
0.15085954	0.00612357	-0.00998275
0.15085954	0.00453609	-0.00982911
0.15085954	0.00298172	-0.00965460
0.15085954	0.00146902	-0.00946642
0.15085954	0.00000703	-0.00926768
0.15085954	-0.00139510	-0.00905959
0.15085954	-0.00272837	-0.00884254
0.15085954	-0.00398410	-0.00861698
0.15085954	-0.00515403	-0.00838356
0.15085954	-0.00623033	-0.00814338
0.15085954	-0.00720624	-0.00790012
0.15085954	-0.00807947	-0.00767174
0.15085954	-0.00884807	-0.00747318
0.15085954	-0.00950734	-0.00730591
0.15085954	-0.01005063	-0.00716093
0.15085954	-0.01046886	-0.00702175
0.15085954	-0.01074360	-0.00686656
0.15085954	-0.01083795	-0.00670553
0.15085954	-0.01083591	-0.00664201
0.15085954	-0.01081693	-0.00658017
0.15085954	-0.01070200	-0.00642530
0.15085954	-0.01043972	-0.00623970
0.15085954	-0.01002940	-0.00606054
0.15085954	-0.00947760	-0.00591324
0.15085954	-0.00879268	-0.00582203
0.15085954	-0.00798629	-0.00580596
0.15085954	-0.00707142	-0.00587195
0.15085954	-0.00605839	-0.00600923
0.15085954	-0.00495320	-0.00619652
0.15085954	-0.00376284	-0.00642799
0.15085954	-0.00249507	-0.00670117
0.15085954	-0.00115792	-0.00701327
0.15085954	0.00024031	-0.00736115
0.15085954	0.00169106	-0.00774151
0.15085954	0.00318536	-0.00815170
0.15085954	0.00471360	-0.00859100
0.15085954	0.00626523	-0.00906272
0.15085954	0.00782800	-0.00957787
0.15149132	0.00853575	-0.01030587
0.15149132	0.00699310	-0.01026604
0.15149132	0.00547088	-0.01016052
0.15149132	0.00397346	-0.01001846
0.15149132	0.00250752	-0.00985531
0.15149132	0.00108096	-0.00967866
0.15149132	-0.00029773	-0.00949177
0.15149132	-0.00161995	-0.00929592
0.15149132	-0.00287722	-0.00909152
0.15149132	-0.00406138	-0.00887901
0.15149132	-0.00516461	-0.00865903
0.15149132	-0.00617954	-0.00843263
0.15149132	-0.00709984	-0.00820336
0.15149132	-0.00792336	-0.00798837
0.15149132	-0.00864822	-0.00780153
0.15149132	-0.00926997	-0.00764408
0.15149132	-0.00978230	-0.00750748
0.15149132	-0.01017666	-0.00737616
0.15149132	-0.01043560	-0.00722961
0.15149132	-0.01052444	-0.00707767
0.15149132	-0.01052259	-0.00701777
0.15149132	-0.01050481	-0.00695943
0.15149132	-0.01039682	-0.00681314
0.15149132	-0.01015000	-0.00663749
0.15149132	-0.00976361	-0.00646753
0.15149132	-0.00924376	-0.00632718
0.15149132	-0.00859827	-0.00623926
0.15149132	-0.00783804	-0.00622180
0.15149132	-0.00697532	-0.00628147
0.15149132	-0.00601989	-0.00640842
0.15149132	-0.00497747	-0.00658248
0.15149132	-0.00385468	-0.00679801
0.15149132	-0.00265880	-0.00705272
0.15149132	-0.00139742	-0.00734400
0.15149132	-0.00007840	-0.00766893
0.15149132	0.00129019	-0.00802447
0.15149132	0.00269985	-0.00840829
0.15149132	0.00414147	-0.00882006
0.15149132	0.00560492	-0.00926372
0.15149132	0.00707837	-0.00975138
0.15200000	0.00781371	-0.01043136
0.15200000	0.00634987	-0.01040324
0.15200000	0.00490633	-0.01030778
0.15200000	0.00348674	-0.01017520
0.15200000	0.00209719	-0.01002150
0.15200000	0.00074506	-0.00985451
0.15200000	-0.00056167	-0.00967760
0.15200000	-0.00181485	-0.00949207
0.15200000	-0.00300648	-0.00929837
0.15200000	-0.00412879	-0.00909692
0.15200000	-0.00517439	-0.00888834
0.15200000	-0.00613629	-0.00867362
0.15200000	-0.00700851	-0.00845626
0.15200000	-0.00778906	-0.00825262
0.15200000	-0.00847611	-0.00807572
0.15200000	-0.00906542	-0.00792659
0.15200000	-0.00955099	-0.00779709
0.15200000	-0.00992470	-0.00767249
0.15200000	-0.01016998	-0.00753337
0.15200000	-0.01025407	-0.00738927
0.15200000	-0.01025237	-0.00733249
0.15200000	-0.01023561	-0.00727719
0.15200000	-0.01013358	-0.00713835
0.15200000	-0.00990008	-0.00697139
0.15200000	-0.00953430	-0.00680952
0.15200000	-0.00904201	-0.00667540
0.15200000	-0.00843056	-0.00659062
0.15200000	-0.00771023	-0.00657232
0.15200000	-0.00689261	-0.00662696
0.15200000	-0.00598703	-0.00674539
0.15200000	-0.00499895	-0.00690844
0.15200000	-0.00393463	-0.00711067
0.15200000	-0.00280100	-0.00734990
0.15200000	-0.00160525	-0.00762370
0.15200000	-0.00035481	-0.00792933
0.15200000	0.00094262	-0.00826396
0.15200000	0.00227897	-0.00862551
0.15200000	0.00364556	-0.00901396
0.15200000	0.00503267	-0.00943371
0.15200000	0.00642884	-0.00989759
