0.02350000	-0.00526707	-0.00947492
0.02350000	-0.00425472	-0.00860033
0.02350000	-0.00329289	-0.00769586
0.02350000	-0.00236324	-0.00678398
0.02350000	-0.00145853	-0.00587832
0.02350000	-0.00057788	-0.00498745
0.02350000	0.00027607	-0.00411701
0.02350000	0.00109872	-0.00327091
0.02350000	0.00188444	-0.00245198
0.02350000	0.00262694	-0.00166226
0.02350000	0.00331957	-0.00090331
0.02350000	0.00395555	-0.00017648
0.02350000	0.00452821	0.00051674
0.02350000	0.00503148	0.00117419
0.02350000	0.00546049	0.00179244
0.02350000	0.00581254	0.00236632
0.02350000	0.00608822	0.00288859
0.02350000	0.00629229	0.00335040
0.02350000	0.00640837	0.00374885
0.02350000	0.00634005	0.00406347
0.02350000	0.00620244	0.00425217
0.02350000	0.00609787	0.00434665
0.02350000	0.00605976	0.00437431
0.02350000	0.00601821	0.00440122
0.02350000	0.00588254	0.00445966
0.02350000	0.00563864	0.00448922
0.02350000	0.00529607	0.00447664
0.02350000	0.00486191	0.00442004
0.02350000	0.00435018	0.00428076
0.02350000	0.00377234	0.00405396
0.02350000	0.00314013	0.00373644
0.02350000	0.00246609	0.00332292
0.02350000	0.00176169	0.00281223
0.02350000	0.00103766	0.00220512
0.02350000	0.00030451	0.00150332
0.02350000	-0.00042701	0.00070915
0.02350000	-0.00114576	-0.00017451
0.02350000	-0.00184041	-0.00114392
0.02350000	-0.00250030	-0.00219390
0.02350000	-0.00311665	-0.00331758
0.02350000	-0.00368352	-0.00450675
0.02350000	-0.00419726	-0.00575350
0.02350000	-0.00465367	-0.00705289
0.02350000	-0.00504270	-0.00840668
0.02588545	-0.00598411	-0.00994565
0.02588545	-0.00493208	-0.00897221
0.02588545	-0.00391178	-0.00798352
0.02588545	-0.00291354	-0.00699648
0.02588545	-0.00193498	-0.00602195
0.02588545	-0.00097791	-0.00506720
0.02588545	-0.00004655	-0.00413732
0.02588545	0.00085351	-0.00323600
0.02588545	0.00171587	-0.00236595
0.02588545	0.00253360	-0.00152913
0.02588545	0.00329952	-0.00072700
0.02588545	0.00400626	0.00003935
0.02588545	0.00464649	0.00076881
0.02588545	0.00521318	0.00145988
0.02588545	0.00570006	0.00211006
0.02588545	0.00610247	0.00271518
0.02588545	0.00641854	0.00326873
0.02588545	0.00665089	0.00376165
0.02588545	0.00679565	0.00418665
0.02588545	0.00676308	0.00453254
0.02588545	0.00662799	0.00474493
0.02588545	0.00651647	0.00484833
0.02588545	0.00647582	0.00487885
0.02588545	0.00643187	0.00490797
0.02588545	0.00628917	0.00497482
0.02588545	0.00603213	0.00502309
0.02588545	0.00566723	0.00501670
0.02588545	0.00520635	0.00494732
0.02588545	0.00466773	0.00477661
0.02588545	0.00405491	0.00452888
0.02588545	0.00338635	0.00418134
0.02588545	0.00267634	0.00372830
0.02588545	0.00193702	0.00316960
0.02588545	0.00117913	0.00250744
0.02588545	0.00041248	0.00174535
0.02588545	-0.00035367	0.00088766
0.02588545	-0.00111043	-0.00006066
0.02588545	-0.00184942	-0.00109388
0.02588545	-0.00256323	-0.00220528
0.02588545	-0.00324604	-0.00338713
0.02588545	-0.00389378	-0.00463101
0.02588545	-0.00450362	-0.00592875
0.02588545	-0.00507200	-0.00727415
0.02588545	-0.00559147	-0.00866529
0.02827091	-0.00666343	-0.01014124
0.02827091	-0.00555170	-0.00912543
0.02827091	-0.00446839	-0.00809640
0.02827091	-0.00340524	-0.00707110
0.02827091	-0.00236064	-0.00606065
0.02827091	-0.00133701	-0.00507250
0.02827091	-0.00033916	-0.00411176
0.02827091	0.00062673	-0.00318204
0.02827091	0.00155371	-0.00228590
0.02827091	0.00243443	-0.00142518
0.02827091	0.00326127	-0.00060119
0.02827091	0.00402654	0.00018511
0.02827091	0.00472250	0.00093290
0.02827091	0.00534146	0.00164120
0.02827091	0.00587601	0.00230841
0.02827091	0.00631939	0.00293163
0.02827091	0.00666651	0.00350571
0.02827091	0.00691589	0.00402209
0.02827091	0.00706639	0.00447027
0.02827091	0.00705284	0.00483668
0.02827091	0.00692435	0.00506800
0.02827091	0.00681144	0.00518138
0.02827091	0.00676928	0.00521432
0.02827091	0.00672392	0.00524560
0.02827091	0.00657788	0.00532202
0.02827091	0.00631301	0.00538952
0.02827091	0.00593181	0.00539410
0.02827091	0.00545034	0.00532025
0.02827091	0.00488583	0.00514656
0.02827091	0.00424658	0.00488456
0.02827091	0.00355026	0.00451655
0.02827091	0.00281131	0.00403803
0.02827091	0.00204226	0.00344914
0.02827091	0.00125368	0.00275289
0.02827091	0.00045465	0.00195397
0.02827091	-0.00034685	0.00105803
0.02827091	-0.00114362	0.00007138
0.02827091	-0.00192921	-0.00099909
0.02827091	-0.00269804	-0.00214593
0.02827091	-0.00344544	-0.00336113
0.02827091	-0.00416768	-0.00463650
0.02827091	-0.00486131	-0.00596427
0.02827091	-0.00552188	-0.00733836
0.02827091	-0.00614164	-0.00875620
0.03065636	-0.00728779	-0.00998013
0.03065636	-0.00612078	-0.00897732
0.03065636	-0.00498337	-0.00795858
0.03065636	-0.00386601	-0.00694345
0.03065636	-0.00276677	-0.00594416
0.03065636	-0.00168842	-0.00496829
0.03065636	-0.00063642	-0.00402055
0.03065636	0.00038242	-0.00310399
0.03065636	0.00136066	-0.00222074
0.03065636	0.00229070	-0.00137240
0.03065636	0.00316495	-0.00056027
0.03065636	0.00397594	0.00021454
0.03065636	0.00471625	0.00095101
0.03065636	0.00537848	0.00164818
0.03065636	0.00595498	0.00230500
0.03065636	0.00643762	0.00292010
0.03065636	0.00681734	0.00349110
0.03065636	0.00708402	0.00401289
0.03065636	0.00722712	0.00447422
0.03065636	0.00722214	0.00485063
0.03065636	0.00711311	0.00509820
0.03065636	0.00700705	0.00522248
0.03065636	0.00696629	0.00525894
0.03065636	0.00692178	0.00529313
0.03065636	0.00677645	0.00537716
0.03065636	0.00651002	0.00545814
0.03065636	0.00612235	0.00547747
0.03065636	0.00562997	0.00541509
0.03065636	0.00504768	0.00526479
0.03065636	0.00439363	0.00500518
0.03065636	0.00367831	0.00464194
0.03065636	0.00291621	0.00416936
0.03065636	0.00212025	0.00358635
0.03065636	0.00130128	0.00289538
0.03065636	0.00046827	0.00210118
0.03065636	-0.00037126	0.00120981
0.03065636	-0.00121080	0.00022803
0.03065636	-0.00204460	-0.00083689
0.03065636	-0.00286746	-0.00197741
0.03065636	-0.00367473	-0.00318570
0.03065636	-0.00446217	-0.00445396
0.03065636	-0.00522559	-0.00577483
0.03065636	-0.00596009	-0.00714232
0.03065636	-0.00665848	-0.00855339
0.03304182	-0.00781302	-0.00953364
0.03304182	-0.00660423	-0.00858040
0.03304182	-0.00542569	-0.00760820
0.03304182	-0.00426717	-0.00663882
0.03304182	-0.00312671	-0.00568530
0.03304182	-0.00200745	-0.00475508
0.03304182	-0.00091529	-0.00385236
0.03304182	0.00014256	-0.00297963
0.03304182	0.00115849	-0.00213857
0.03304182	0.00212485	-0.00133048
0.03304182	0.00303415	-0.00055651
0.03304182	0.00387913	0.00018226
0.03304182	0.00465269	0.00088482
0.03304182	0.00534777	0.00155020
0.03304182	0.00595712	0.00217754
0.03304182	0.00647281	0.00276595
0.03304182	0.00688539	0.00331429
0.03304182	0.00718233	0.00381992
0.03304182	0.00734650	0.00427437
0.03304182	0.00736757	0.00465117
0.03304182	0.00728642	0.00490955
0.03304182	0.00719306	0.00504385
0.03304182	0.00715524	0.00508339
0.03304182	0.00711336	0.00512097
0.03304182	0.00697327	0.00521416
0.03304182	0.00671059	0.00530862
0.03304182	0.00632324	0.00534577
0.03304182	0.00582744	0.00530391
0.03304182	0.00523800	0.00517649
0.03304182	0.00456993	0.00494982
0.03304182	0.00383782	0.00461674
0.03304182	0.00305485	0.00417487
0.03304182	0.00223262	0.00362490
0.03304182	0.00138144	0.00296945
0.03304182	0.00051047	0.00221252
0.03304182	-0.00037210	0.00135917
0.03304182	-0.00125895	0.00041532
0.03304182	-0.00214359	-0.00061238
0.03304182	-0.00302029	-0.00171669
0.03304182	-0.00388402	-0.00288997
0.03304182	-0.00473018	-0.00412450
0.03304182	-0.00555427	-0.00541305
0.03304182	-0.00635120	-0.00674973
0.03304182	-0.00711418	-0.00813144
0.03542727	-0.00830412	-0.00909654
0.03542727	-0.00705676	-0.00818984
0.03542727	-0.00583874	-0.00726295
0.03542727	-0.00464070	-0.00633816
0.03542727	-0.00346118	-0.00542869
0.03542727	-0.00230360	-0.00454197
0.03542727	-0.00117399	-0.00368202
0.03542727	-0.00007964	-0.00285109
0.03542727	0.00097177	-0.00205058
0.03542727	0.00197252	-0.00128147
0.03542727	0.00291511	-0.00054462
0.03542727	0.00379223	0.00015919
0.03542727	0.00459679	0.00082921
0.03542727	0.00532178	0.00146473
0.03542727	0.00596003	0.00206513
0.03542727	0.00650388	0.00262975
0.03542727	0.00694439	0.00315768
0.03542727	0.00727008	0.00364673
0.03542727	0.00746543	0.00408983
0.03542727	0.00751721	0.00446449
0.03542727	0.00745830	0.00472936
0.03542727	0.00737583	0.00487094
0.03542727	0.00734100	0.00491328
0.03542727	0.00730175	0.00495392
0.03542727	0.00716749	0.00505645
0.03542727	0.00690935	0.00516558
0.03542727	0.00652256	0.00522089
0.03542727	0.00602335	0.00520064
0.03542727	0.00542664	0.00509737
0.03542727	0.00474704	0.00489728
0.03542727	0.00399875	0.00459324
0.03542727	0.00319463	0.00418275
0.03542727	0.00234619	0.00366612
0.03542727	0.00146376	0.00304550
0.03542727	0.00055671	0.00232438
0.03542727	-0.00036642	0.00150728
0.03542727	-0.00129791	0.00059965
0.03542727	-0.00223079	-0.00039230
0.03542727	-0.00315882	-0.00146170
0.03542727	-0.00407647	-0.00260116
0.03542727	-0.00497874	-0.00380316
0.03542727	-0.00586084	-0.00506056
0.03542727	-0.00671755	-0.00636754
0.03542727	-0.00754234	-0.00772097
0.03781273	-0.00876439	-0.00867314
0.03781273	-0.00748077	-0.00781083
0.03781273	-0.00622559	-0.00692719
0.03781273	-0.00499037	-0.00604501
0.03781273	-0.00377410	-0.00517767
0.03781273	-0.00258046	-0.00433256
0.03781273	-0.00141564	-0.00351355
0.03781273	-0.00028700	-0.00272266
0.03781273	0.00079770	-0.00196098
0.03781273	0.00183071	-0.00122923
0.03781273	0.00280447	-0.00052796
0.03781273	0.00371165	0.00014231
0.03781273	0.00454516	0.00078112
0.03781273	0.00529798	0.00138801
0.03781273	0.00596307	0.00196257
0.03781273	0.00653292	0.00250435
0.03781273	0.00699898	0.00301267
0.03781273	0.00735058	0.00348568
0.03781273	0.00757365	0.00391727
0.03781273	0.00765412	0.00428813
0.03781273	0.00761765	0.00455783
0.03781273	0.00754676	0.00470607
0.03781273	0.00751515	0.00475107
0.03781273	0.00747878	0.00479469
0.03781273	0.00735088	0.00490632
0.03781273	0.00709767	0.00502956
0.03781273	0.00671172	0.00510199
0.03781273	0.00620953	0.00510244
0.03781273	0.00560614	0.00502235
0.03781273	0.00491581	0.00484771
0.03781273	0.00415242	0.00457141
0.03781273	0.00332862	0.00419079
0.03781273	0.00245580	0.00370589
0.03781273	0.00154433	0.00311845
0.03781273	0.00060374	0.00243152
0.03781273	-0.00035720	0.00164916
0.03781273	-0.00133041	0.00077636
0.03781273	-0.00230851	-0.00018107
0.03781273	-0.00328483	-0.00121659
0.03781273	-0.00425339	-0.00232311
0.03781273	-0.00520880	-0.00349331
0.03781273	-0.00614593	-0.00472019
0.03781273	-0.00705945	-0.00599797
0.03781273	-0.00794294	-0.00732358
0.04019818	-0.00919329	-0.00826366
0.04019818	-0.00787575	-0.00744370
0.04019818	-0.00658582	-0.00660137
0.04019818	-0.00531578	-0.00575989
0.04019818	-0.00406513	-0.00493281
0.04019818	-0.00283778	-0.00412750
0.04019818	-0.00164005	-0.00334765
0.04019818	-0.00047939	-0.00259505
0.04019818	0.00063637	-0.00187053
0.04019818	0.00169945	-0.00117452
0.04019818	0.00270223	-0.00050731
0.04019818	0.00363737	0.00013088
0.04019818	0.00449775	0.00073981
0.04019818	0.00527639	0.00131928
0.04019818	0.00596627	0.00186908
0.04019818	0.00656006	0.00238899
0.04019818	0.00704950	0.00287851
0.04019818	0.00742450	0.00333608
0.04019818	0.00767215	0.00375630
0.04019818	0.00777877	0.00412213
0.04019818	0.00776411	0.00439496
0.04019818	0.00770512	0.00454896
0.04019818	0.00767691	0.00459640
0.04019818	0.00764360	0.00464279
0.04019818	0.00752253	0.00476311
0.04019818	0.00727457	0.00489976
0.04019818	0.00688972	0.00498824
0.04019818	0.00638507	0.00500836
0.04019818	0.00577568	0.00495031
0.04019818	0.00507552	0.00479989
0.04019818	0.00429823	0.00454994
0.04019818	0.00345629	0.00419767
0.04019818	0.00256102	0.00374287
0.04019818	0.00162278	0.00318697
0.04019818	0.00065121	0.00253263
0.04019818	-0.00034473	0.00178350
0.04019818	-0.00135666	0.00094419
0.04019818	-0.00237690	0.00002012
0.04019818	-0.00339838	-0.00098251
0.04019818	-0.00441473	-0.00205688
0.04019818	-0.00542018	-0.00319589
0.04019818	-0.00640929	-0.00439269
0.04019818	-0.00737652	-0.00564163
0.04019818	-0.00831550	-0.00693969
0.04258364	-0.00959034	-0.00786836
0.04258364	-0.00824129	-0.00708877
0.04258364	-0.00691902	-0.00628587
0.04258364	-0.00561663	-0.00548326
0.04258364	-0.00433401	-0.00469465
0.04258364	-0.00307534	-0.00392734
0.04258364	-0.00184706	-0.00318490
0.04258364	-0.00065672	-0.00246886
0.04258364	0.00048781	-0.00177983
0.04258364	0.00157870	-0.00111795
0.04258364	0.00260832	-0.00048326
0.04258364	0.00356928	0.00012427
0.04258364	0.00445446	0.00070465
0.04258364	0.00525689	0.00125791
0.04258364	0.00596960	0.00178404
0.04258364	0.00658536	0.00228301
0.04258364	0.00709613	0.00275454
0.04258364	0.00749225	0.00319732
0.04258364	0.00776169	0.00360646
0.04258364	0.00789179	0.00396646
0.04258364	0.00789764	0.00424082
0.04258364	0.00785041	0.00439953
0.04258364	0.00782563	0.00444911
0.04258364	0.00779547	0.00449801
0.04258364	0.00768149	0.00462637
0.04258364	0.00743906	0.00477559
0.04258364	0.00705557	0.00487900
0.04258364	0.00654899	0.00491757
0.04258364	0.00593436	0.00488031
0.04258364	0.00522536	0.00475276
0.04258364	0.00443547	0.00452771
0.04258364	0.00357703	0.00420224
0.04258364	0.00266128	0.00377593
0.04258364	0.00169858	0.00324994
0.04258364	0.00069864	0.00262660
0.04258364	-0.00032943	0.00190924
0.04258364	-0.00137705	0.00110209
0.04258364	-0.00243625	0.00021024
0.04258364	-0.00349967	-0.00076041
0.04258364	-0.00456058	-0.00180335
0.04258364	-0.00561285	-0.00291168
0.04258364	-0.00665074	-0.00407876
0.04258364	-0.00766848	-0.00529906
0.04258364	-0.00865962	-0.00656971
0.04496909	-0.00995508	-0.00748743
0.04496909	-0.00857698	-0.00674632
0.04496909	-0.00722490	-0.00598103
0.04496909	-0.00589264	-0.00521553
0.04496909	-0.00458055	-0.00446363
0.04496909	-0.00329302	-0.00373258
0.04496909	-0.00203664	-0.00302580
0.04496909	-0.00081901	-0.00234462
0.04496909	0.00035194	-0.00168939
0.04496909	0.00146836	-0.00106003
0.04496909	0.00252258	-0.00045632
0.04496909	0.00350720	0.00012200
0.04496909	0.00441510	0.00067516
0.04496909	0.00523930	0.00120341
0.04496909	0.00597289	0.00170693
0.04496909	0.00660872	0.00218590
0.04496909	0.00713890	0.00264021
0.04496909	0.00755410	0.00306883
0.04496909	0.00784286	0.00346727
0.04496909	0.00799383	0.00382100
0.04496909	0.00801842	0.00409559
0.04496909	0.00798238	0.00425795
0.04496909	0.00796094	0.00430932
0.04496909	0.00793389	0.00436039
0.04496909	0.00782700	0.00449593
0.04496909	0.00759016	0.00465663
0.04496909	0.00720825	0.00477376
0.04496909	0.00670031	0.00482939
0.04496909	0.00608122	0.00481152
0.04496909	0.00536446	0.00470543
0.04496909	0.00456334	0.00450378
0.04496909	0.00369009	0.00420353
0.04496909	0.00275589	0.00380410
0.04496909	0.00177109	0.00330640
0.04496909	0.00074544	0.00271252
0.04496909	-0.00031185	0.00202547
0.04496909	-0.00139206	0.00124919
0.04496909	-0.00248698	0.00038847
0.04496909	-0.00358901	-0.00055110
0.04496909	-0.00469112	-0.00156325
0.04496909	-0.00578686	-0.00264136
0.04496909	-0.00687019	-0.00377896
0.04496909	-0.00793509	-0.00497074
0.04496909	-0.00897495	-0.00621400
0.04735455	-0.01028712	-0.00712107
0.04735455	-0.00888256	-0.00641663
0.04735455	-0.00750327	-0.00568722
0.04735455	-0.00614377	-0.00495713
0.04735455	-0.00480481	-0.00424025
0.04735455	-0.00349100	-0.00354376
0.04735455	-0.00220905	-0.00287094
0.04735455	-0.00096664	-0.00222292
0.04735455	0.00022830	-0.00159983
0.04735455	0.00136786	-0.00100138
0.04735455	0.00244437	-0.00042712
0.04735455	0.00345044	0.00012342
0.04735455	0.00437893	0.00065068
0.04735455	0.00522288	0.00115508
0.04735455	0.00597542	0.00163701
0.04735455	0.00662946	0.00209682
0.04735455	0.00717725	0.00253461
0.04735455	0.00760969	0.00294960
0.04735455	0.00791566	0.00333775
0.04735455	0.00808471	0.00368517
0.04735455	0.00812574	0.00395905
0.04735455	0.00809987	0.00412407
0.04735455	0.00808156	0.00417689
0.04735455	0.00805746	0.00422975
0.04735455	0.00795744	0.00437155
0.04735455	0.00772620	0.00454263
0.04735455	0.00734610	0.00467223
0.04735455	0.00683730	0.00474332
0.04735455	0.00621461	0.00474326
0.04735455	0.00549123	0.00465703
0.04735455	0.00468036	0.00447719
0.04735455	0.00379410	0.00420056
0.04735455	0.00284359	0.00382637
0.04735455	0.00183915	0.00335537
0.04735455	0.00079053	0.00278940
0.04735455	-0.00029298	0.00213124
0.04735455	-0.00140255	0.00138457
0.04735455	-0.00252983	0.00055391
0.04735455	-0.00366700	-0.00035541
0.04735455	-0.00480679	-0.00133739
0.04735455	-0.00594249	-0.00238562
0.04735455	-0.00706774	-0.00349390
0.04735455	-0.00817626	-0.00465714
0.04735455	-0.00926123	-0.00587292
0.04974000	-0.01058614	-0.00676946
0.04974000	-0.00915783	-0.00609994
0.04974000	-0.00775408	-0.00540479
0.04974000	-0.00637009	-0.00470848
0.04974000	-0.00500700	-0.00402498
0.04974000	-0.00366963	-0.00336140
0.04974000	-0.00236480	-0.00272085
0.04974000	-0.00110022	-0.00210432
0.04974000	0.00011613	-0.00151173
0.04974000	0.00127634	-0.00094258
0.04974000	0.00237276	-0.00039626
0.04974000	0.00339797	0.00012790
0.04974000	0.00434486	0.00063053
0.04974000	0.00520650	0.00111220
0.04974000	0.00597605	0.00157348
0.04974000	0.00664648	0.00201489
0.04974000	0.00721018	0.00243673
0.04974000	0.00765818	0.00283848
0.04974000	0.00797955	0.00321661
0.04974000	0.00816375	0.00355806
0.04974000	0.00821826	0.00383077
0.04974000	0.00820104	0.00399758
0.04974000	0.00818548	0.00405151
0.04974000	0.00816405	0.00410581
0.04974000	0.00807053	0.00425290
0.04974000	0.00784500	0.00443346
0.04974000	0.00746704	0.00457447
0.04974000	0.00695788	0.00465913
0.04974000	0.00633247	0.00467502
0.04974000	0.00560373	0.00460689
0.04974000	0.00478468	0.00444714
0.04974000	0.00388734	0.00419242
0.04974000	0.00292277	0.00384183
0.04974000	0.00190125	0.00339591
0.04974000	0.00083254	0.00285633
0.04974000	-0.00027406	0.00222567
0.04974000	-0.00140966	0.00150738
0.04974000	-0.00256578	0.00070574
0.04974000	-0.00373446	-0.00017412
0.04974000	-0.00490824	-0.00112647
0.04974000	-0.00608015	-0.00214513
0.04974000	-0.00724360	-0.00322416
0.04974000	-0.00839201	-0.00435875
0.04974000	-0.00951829	-0.00554680
0.05212545	-0.01085185	-0.00643273
0.05212545	-0.00940258	-0.00579645
0.05212545	-0.00797720	-0.00513394
0.05212545	-0.00657155	-0.00446983
0.05212545	-0.00518714	-0.00381809
0.05212545	-0.00382900	-0.00318576
0.05212545	-0.00250403	-0.00257581
0.05212545	-0.00121998	-0.00198906
0.05212545	0.00001516	-0.00142529
0.05212545	0.00119349	-0.00088384
0.05212545	0.00230737	-0.00036391
0.05212545	0.00334940	0.00013530
0.05212545	0.00431248	0.00061457
0.05212545	0.00518973	0.00107463
0.05212545	0.00597434	0.00151619
0.05212545	0.00665937	0.00193991
0.05212545	0.00723730	0.00234630
0.05212545	0.00769931	0.00273513
0.05212545	0.00803446	0.00310347
0.05212545	0.00823115	0.00343945
0.05212545	0.00829617	0.00371087
0.05212545	0.00828579	0.00387884
0.05212545	0.00827246	0.00393357
0.05212545	0.00825327	0.00398892
0.05212545	0.00816550	0.00414026
0.05212545	0.00794559	0.00432918
0.05212545	0.00757007	0.00448047
0.05212545	0.00706099	0.00457666
0.05212545	0.00643374	0.00460652
0.05212545	0.00570090	0.00455464
0.05212545	0.00487531	0.00441319
0.05212545	0.00396887	0.00417869
0.05212545	0.00299253	0.00385002
0.05212545	0.00195656	0.00342760
0.05212545	0.00087066	0.00291291
0.05212545	-0.00025585	0.00230836
0.05212545	-0.00141405	0.00161722
0.05212545	-0.00259542	0.00084361
0.05212545	-0.00379189	-0.00000760
0.05212545	-0.00499584	-0.00093085
0.05212545	-0.00620012	-0.00192023
0.05212545	-0.00739789	-0.00297005
0.05212545	-0.00858230	-0.00407583
0.05212545	-0.00974597	-0.00523588
0.05451091	-0.01108400	-0.00611103
0.05451091	-0.00961654	-0.00550627
0.05451091	-0.00817232	-0.00487476
0.05451091	-0.00674781	-0.00424124
0.05451091	-0.00534487	-0.00361961
0.05451091	-0.00396871	-0.00301683
0.05451091	-0.00262632	-0.00243574
0.05451091	-0.00132546	-0.00187703
0.05451091	-0.00007411	-0.00134035
0.05451091	0.00111985	-0.00082491
0.05451091	0.00224879	-0.00032977
0.05451091	0.00330534	0.00014598
0.05451091	0.00428244	0.00060324
0.05451091	0.00517326	0.00104285
0.05451091	0.00597103	0.00146566
0.05451091	0.00666889	0.00187247
0.05451091	0.00725943	0.00226397
0.05451091	0.00773390	0.00264029
0.05451091	0.00808124	0.00299912
0.05451091	0.00828848	0.00333000
0.05451091	0.00836172	0.00360015
0.05451091	0.00835643	0.00376884
0.05451091	0.00834476	0.00382411
0.05451091	0.00832722	0.00388017
0.05451091	0.00824385	0.00403450
0.05451091	0.00802871	0.00422993
0.05451091	0.00765569	0.00438990
0.05451091	0.00714710	0.00449566
0.05451091	0.00651884	0.00453757
0.05451091	0.00578316	0.00450013
0.05451091	0.00495262	0.00437529
0.05451091	0.00403900	0.00415934
0.05451091	0.00305317	0.00385101
0.05451091	0.00200530	0.00345054
0.05451091	0.00090509	0.00295927
0.05451091	-0.00023820	0.00237948
0.05451091	-0.00141564	0.00171429
0.05451091	-0.00261870	0.00096766
0.05451091	-0.00383924	0.00014429
0.05451091	-0.00506955	-0.00075045
0.05451091	-0.00630232	-0.00171089
0.05451091	-0.00753050	-0.00273161
0.05451091	-0.00874697	-0.00380850
0.05451091	-0.00994404	-0.00494030
0.05689636	-0.01128259	-0.00580436
0.05689636	-0.00979965	-0.00522938
0.05689636	-0.00833933	-0.00462726
0.05689636	-0.00689870	-0.00402268
0.05689636	-0.00547995	-0.00342950
0.05689636	-0.00408847	-0.00285453
0.05689636	-0.00273130	-0.00230054
0.05689636	-0.00141621	-0.00176809
0.05689636	-0.00015117	-0.00125672
0.05689636	0.00105598	-0.00076554
0.05689636	0.00219763	-0.00029355
0.05689636	0.00326648	0.00016028
0.05689636	0.00425549	0.00059690
0.05689636	0.00515788	0.00101728
0.05689636	0.00596697	0.00142235
0.05689636	0.00667595	0.00181305
0.05689636	0.00727749	0.00219029
0.05689636	0.00776291	0.00255454
0.05689636	0.00812089	0.00290430
0.05689636	0.00833730	0.00323023
0.05689636	0.00841719	0.00349908
0.05689636	0.00841544	0.00366820
0.05689636	0.00840481	0.00372380
0.05689636	0.00838830	0.00378027
0.05689636	0.00830754	0.00393628
0.05689636	0.00809555	0.00413576
0.05689636	0.00772478	0.00430232
0.05689636	0.00721702	0.00441579
0.05689636	0.00658858	0.00446796
0.05689636	0.00585124	0.00444328
0.05689636	0.00501731	0.00433344
0.05689636	0.00409839	0.00413449
0.05689636	0.00310524	0.00384498
0.05689636	0.00204798	0.00346499
0.05689636	0.00093622	0.00299574
0.05689636	-0.00022080	0.00243939
0.05689636	-0.00141420	0.00179896
0.05689636	-0.00263545	0.00107827
0.05689636	-0.00387641	0.00028190
0.05689636	-0.00512929	-0.00058497
0.05689636	-0.00638670	-0.00151688
0.05689636	-0.00764138	-0.00250869
0.05689636	-0.00888599	-0.00355666
0.05689636	-0.01011249	-0.00466004
0.05928182	-0.01144865	-0.00551218
0.05928182	-0.00995283	-0.00496530
0.05928182	-0.00847905	-0.00439094
0.05928182	-0.00702493	-0.00381372
0.05928182	-0.00559299	-0.00324734
0.05928182	-0.00418875	-0.00269852
0.05928182	-0.00281932	-0.00216990
0.05928182	-0.00149247	-0.00166197
0.05928182	-0.00021612	-0.00117419
0.05928182	0.00100191	-0.00070562
0.05928182	0.00215408	-0.00025519
0.05928182	0.00323311	0.00017818
0.05928182	0.00423205	0.00059551
0.05928182	0.00514414	0.00099782
0.05928182	0.00596279	0.00138614
0.05928182	0.00668126	0.00176153
0.05928182	0.00729230	0.00212511
0.05928182	0.00778723	0.00247780
0.05928182	0.00815439	0.00281892
0.05928182	0.00837913	0.00313982
0.05928182	0.00846477	0.00340725
0.05928182	0.00846537	0.00357658
0.05928182	0.00845524	0.00363235
0.05928182	0.00843913	0.00368896
0.05928182	0.00835914	0.00384542
0.05928182	0.00814834	0.00404637
0.05928182	0.00777932	0.00421719
0.05928182	0.00727277	0.00433675
0.05928182	0.00664488	0.00439765
0.05928182	0.00590698	0.00438426
0.05928182	0.00507107	0.00428803
0.05928182	0.00414856	0.00410475
0.05928182	0.00315009	0.00383274
0.05928182	0.00208571	0.00347195
0.05928182	0.00096496	0.00302346
0.05928182	-0.00020299	0.00248935
0.05928182	-0.00140931	0.00187255
0.05928182	-0.00264551	0.00117679
0.05928182	-0.00390346	0.00040655
0.05928182	-0.00517536	-0.00043315
0.05928182	-0.00645371	-0.00133705
0.05928182	-0.00773114	-0.00230030
0.05928182	-0.00900007	-0.00331950
0.05928182	-0.01025217	-0.00439446
0.06166727	-0.01158356	-0.00523376
0.06166727	-0.01007735	-0.00471334
0.06166727	-0.00859261	-0.00416518
0.06166727	-0.00712749	-0.00361375
0.06166727	-0.00568483	-0.00307260
0.06166727	-0.00427026	-0.00254832
0.06166727	-0.00289094	-0.00204344
0.06166727	-0.00155463	-0.00155840
0.06166727	-0.00026920	-0.00109261
0.06166727	0.00095757	-0.00064509
0.06166727	0.00211820	-0.00021473
0.06166727	0.00320547	0.00019955
0.06166727	0.00421247	0.00059884
0.06166727	0.00513253	0.00098418
0.06166727	0.00595910	0.00135668
0.06166727	0.00668554	0.00171753
0.06166727	0.00730466	0.00206809
0.06166727	0.00780772	0.00240974
0.06166727	0.00818275	0.00274265
0.06166727	0.00841542	0.00305815
0.06166727	0.00850654	0.00332387
0.06166727	0.00850865	0.00349325
0.06166727	0.00849857	0.00354906
0.06166727	0.00848233	0.00360558
0.06166727	0.00840136	0.00376138
0.06166727	0.00818974	0.00396126
0.06166727	0.00782182	0.00413393
0.06166727	0.00731682	0.00425826
0.06166727	0.00669016	0.00432663
0.06166727	0.00595268	0.00432336
0.06166727	0.00511604	0.00423961
0.06166727	0.00419146	0.00407089
0.06166727	0.00318946	0.00381528
0.06166727	0.00211998	0.00347257
0.06166727	0.00099251	0.00304375
0.06166727	-0.00018386	0.00253081
0.06166727	-0.00140036	0.00193661
0.06166727	-0.00264857	0.00126482
0.06166727	-0.00392037	0.00051983
0.06166727	-0.00520798	-0.00029348
0.06166727	-0.00650385	-0.00117002
0.06166727	-0.00780049	-0.00210518
0.06166727	-0.00909016	-0.00309597
0.06166727	-0.01036425	-0.00414268
0.06405273	-0.01168867	-0.00496841
0.06405273	-0.01017448	-0.00447287
0.06405273	-0.00868121	-0.00394941
0.06405273	-0.00720753	-0.00342229
0.06405273	-0.00575653	-0.00290486
0.06405273	-0.00433398	-0.00240358
0.06405273	-0.00294705	-0.00192093
0.06405273	-0.00160348	-0.00145726
0.06405273	-0.00031111	-0.00101197
0.06405273	0.00092236	-0.00058407
0.06405273	0.00208949	-0.00017245
0.06405273	0.00318313	0.00022400
0.06405273	0.00419643	0.00060637
0.06405273	0.00512280	0.00097574
0.06405273	0.00595575	0.00133328
0.06405273	0.00668872	0.00168030
0.06405273	0.00731457	0.00201838
0.06405273	0.00782451	0.00234946
0.06405273	0.00820625	0.00267451
0.06405273	0.00844649	0.00298420
0.06405273	0.00854290	0.00324787
0.06405273	0.00854584	0.00341714
0.06405273	0.00853544	0.00347288
0.06405273	0.00851862	0.00352912
0.06405273	0.00843527	0.00368327
0.06405273	0.00822127	0.00387997
0.06405273	0.00785389	0.00405234
0.06405273	0.00735072	0.00418024
0.06405273	0.00672590	0.00425499
0.06405273	0.00598976	0.00426082
0.06405273	0.00515356	0.00418857
0.06405273	0.00422830	0.00403344
0.06405273	0.00322439	0.00379327
0.06405273	0.00215168	0.00346769
0.06405273	0.00101957	0.00305756
0.06405273	-0.00016291	0.00256482
0.06405273	-0.00138708	0.00199228
0.06405273	-0.00264456	0.00134355
0.06405273	-0.00392731	0.00062294
0.06405273	-0.00522755	-0.00016476
0.06405273	-0.00653771	-0.00101464
0.06405273	-0.00785023	-0.00192233
0.06405273	-0.00915721	-0.00288516
0.06405273	-0.01044986	-0.00390392
0.06643818	-0.01176525	-0.00471545
0.06643818	-0.01024554	-0.00424333
0.06643818	-0.00874623	-0.00374316
0.06643818	-0.00726646	-0.00323894
0.06643818	-0.00580957	-0.00274384
0.06643818	-0.00438142	-0.00226418
0.06643818	-0.00298920	-0.00180235
0.06643818	-0.00164061	-0.00135870
0.06643818	-0.00034344	-0.00093260
0.06643818	0.00089467	-0.00052307
0.06643818	0.00206634	-0.00012900
0.06643818	0.00316449	0.00025070
0.06643818	0.00418234	0.00061713
0.06643818	0.00511337	0.00097139
0.06643818	0.00595117	0.00131467
0.06643818	0.00668926	0.00164841
0.06643818	0.00732057	0.00197442
0.06643818	0.00783625	0.00229516
0.06643818	0.00822374	0.00261244
0.06643818	0.00847071	0.00291623
0.06643818	0.00857160	0.00317776
0.06643818	0.00857460	0.00334676
0.06643818	0.00856356	0.00340231
0.06643818	0.00854585	0.00345809
0.06643818	0.00845937	0.00360990
0.06643818	0.00824241	0.00380221
0.06643818	0.00787536	0.00397280
0.06643818	0.00737430	0.00410297
0.06643818	0.00675195	0.00418295
0.06643818	0.00601803	0.00419682
0.06643818	0.00518341	0.00413510
0.06643818	0.00425886	0.00399263
0.06643818	0.00325464	0.00376700
0.06643818	0.00218051	0.00345765
0.06643818	0.00104578	0.00306533
0.06643818	-0.00014058	0.00259191
0.06643818	-0.00136998	0.00204016
0.06643818	-0.00263412	0.00141364
0.06643818	-0.00392500	0.00071661
0.06643818	-0.00523489	-0.00004624
0.06643818	-0.00655621	-0.00087015
0.06643818	-0.00788136	-0.00175098
0.06643818	-0.00920234	-0.00268635
0.06643818	-0.01051019	-0.00367749
0.06882364	-0.01181450	-0.00447424
0.06882364	-0.01029177	-0.00402416
0.06882364	-0.00878895	-0.00354594
0.06882364	-0.00730559	-0.00306330
0.06882364	-0.00584526	-0.00258921
0.06882364	-0.00441390	-0.00212987
0.06882364	-0.00301870	-0.00168761
0.06882364	-0.00166732	-0.00126274
0.06882364	-0.00036750	-0.00085466
0.06882364	0.00087320	-0.00046238
0.06882364	0.00204746	-0.00008484
0.06882364	0.00314828	0.00027906
0.06882364	0.00416895	0.00063038
0.06882364	0.00510302	0.00097024
0.06882364	0.00594417	0.00129986
0.06882364	0.00668601	0.00162076
0.06882364	0.00732155	0.00193497
0.06882364	0.00784191	0.00224549
0.06882364	0.00823433	0.00255491
0.06882364	0.00848689	0.00285295
0.06882364	0.00859118	0.00311234
0.06882364	0.00859355	0.00328090
0.06882364	0.00858167	0.00333614
0.06882364	0.00856291	0.00339133
0.06882364	0.00847309	0.00354037
0.06882364	0.00825325	0.00372773
0.06882364	0.00788659	0.00389556
0.06882364	0.00738790	0.00402673
0.06882364	0.00676860	0.00411079
0.06882364	0.00603777	0.00413167
0.06882364	0.00520584	0.00407952
0.06882364	0.00428333	0.00394882
0.06882364	0.00328034	0.00373687
0.06882364	0.00220652	0.00344291
0.06882364	0.00107112	0.00306758
0.06882364	-0.00011700	0.00261267
0.06882364	-0.00134931	0.00208091
0.06882364	-0.00261760	0.00147582
0.06882364	-0.00391393	0.00080160
0.06882364	-0.00523062	0.00006286
0.06882364	-0.00656010	-0.00073578
0.06882364	-0.00789476	-0.00159037
0.06882364	-0.00922653	-0.00249880
0.06882364	-0.01054635	-0.00346269
0.07120909	-0.01183761	-0.00424415
0.07120909	-0.01031434	-0.00381480
0.07120909	-0.00881053	-0.00335723
0.07120909	-0.00732608	-0.00289491
0.07120909	-0.00586476	-0.00244060
0.07120909	-0.00443257	-0.00200038
0.07120909	-0.00303669	-0.00157653
0.07120909	-0.00168473	-0.00116934
0.07120909	-0.00038437	-0.00077823
0.07120909	0.00085689	-0.00040223
0.07120909	0.00203183	-0.00004031
0.07120909	0.00313350	0.00030859
0.07120909	0.00415528	0.00064553
0.07120909	0.00509079	0.00097160
0.07120909	0.00593382	0.00128806
0.07120909	0.00667807	0.00159647
0.07120909	0.00731664	0.00189908
0.07120909	0.00784068	0.00219938
0.07120909	0.00823724	0.00250078
0.07120909	0.00849416	0.00279333
0.07120909	0.00860081	0.00305064
0.07120909	0.00860210	0.00321857
0.07120909	0.00858930	0.00327342
0.07120909	0.00856947	0.00332791
0.07120909	0.00847651	0.00347396
0.07120909	0.00825424	0.00365625
0.07120909	0.00788821	0.00382068
0.07120909	0.00739217	0.00395172
0.07120909	0.00677648	0.00403880
0.07120909	0.00604957	0.00406570
0.07120909	0.00522140	0.00402221
0.07120909	0.00430219	0.00390243
0.07120909	0.00330189	0.00370335
0.07120909	0.00223005	0.00342399
0.07120909	0.00109582	0.00306488
0.07120909	-0.00009204	0.00262773
0.07120909	-0.00132507	0.00211521
0.07120909	-0.00259514	0.00153082
0.07120909	-0.00389439	0.00087868
0.07120909	-0.00521518	0.00016332
0.07120909	-0.00654998	-0.00061074
0.07120909	-0.00789118	-0.00143973
0.07120909	-0.00923068	-0.00232178
0.07120909	-0.01055937	-0.00325885
0.07359455	-0.01183570	-0.00402459
0.07359455	-0.01031454	-0.00361474
0.07359455	-0.00881239	-0.00317664
0.07359455	-0.00732949	-0.00273346
0.07359455	-0.00586976	-0.00229779
0.07359455	-0.00443925	-0.00187562
0.07359455	-0.00304511	-0.00146916
0.07359455	-0.00169490	-0.00107870
0.07359455	-0.00039623	-0.00070368
0.07359455	0.00084348	-0.00034317
0.07359455	0.00201708	0.00000385
0.07359455	0.00311771	0.00033840
0.07359455	0.00413882	0.00066151
0.07359455	0.00507412	0.00097425
0.07359455	0.00591751	0.00127788
0.07359455	0.00666279	0.00157402
0.07359455	0.00730322	0.00186502
0.07359455	0.00783002	0.00215479
0.07359455	0.00822996	0.00244787
0.07359455	0.00848954	0.00273564
0.07359455	0.00859697	0.00299112
0.07359455	0.00859682	0.00315823
0.07359455	0.00858319	0.00321261
0.07359455	0.00856246	0.00326638
0.07359455	0.00846722	0.00340965
0.07359455	0.00824365	0.00358756
0.07359455	0.00787885	0.00374867
0.07359455	0.00738581	0.00387852
0.07359455	0.00677432	0.00396746
0.07359455	0.00605216	0.00399927
0.07359455	0.00522884	0.00396343
0.07359455	0.00431425	0.00385362
0.07359455	0.00331816	0.00366654
0.07359455	0.00224999	0.00340098
0.07359455	0.00111878	0.00305733
0.07359455	-0.00006677	0.00263722
0.07359455	-0.00129831	0.00214325
0.07359455	-0.00256779	0.00157887
0.07359455	-0.00386742	0.00094815
0.07359455	-0.00518962	0.00025552
0.07359455	-0.00652691	-0.00049459
0.07359455	-0.00787170	-0.00129857
0.07359455	-0.00921590	-0.00215476
0.07359455	-0.01055040	-0.00306539
0.07598000	-0.01180987	-0.00381495
0.07598000	-0.01029348	-0.00342346
0.07598000	-0.00879570	-0.00300366
0.07598000	-0.00731703	-0.00257851
0.07598000	-0.00586150	-0.00216044
0.07598000	-0.00443520	-0.00175532
0.07598000	-0.00304524	-0.00136533
0.07598000	-0.00169913	-0.00099079
0.07598000	-0.00040439	-0.00063112
0.07598000	0.00083164	-0.00028542
0.07598000	0.00200188	0.00004729
0.07598000	0.00309956	0.00036800
0.07598000	0.00411822	0.00067772
0.07598000	0.00505166	0.00097749
0.07598000	0.00589388	0.00126856
0.07598000	0.00663883	0.00155254
0.07598000	0.00727992	0.00183187
0.07598000	0.00780860	0.00211070
0.07598000	0.00821119	0.00239503
0.07598000	0.00847171	0.00267876
0.07598000	0.00857847	0.00293264
0.07598000	0.00857684	0.00309873
0.07598000	0.00856260	0.00315261
0.07598000	0.00854131	0.00320569
0.07598000	0.00844496	0.00334667
0.07598000	0.00822146	0.00352127
0.07598000	0.00785863	0.00367952
0.07598000	0.00736900	0.00380740
0.07598000	0.00676227	0.00389713
0.07598000	0.00604570	0.00393281
0.07598000	0.00522828	0.00390360
0.07598000	0.00431958	0.00380282
0.07598000	0.00332917	0.00362686
0.07598000	0.00226631	0.00337431
0.07598000	0.00113995	0.00304538
0.07598000	-0.00004132	0.00264161
0.07598000	-0.00126925	0.00216554
0.07598000	-0.00253585	0.00162053
0.07598000	-0.00383343	0.00101059
0.07598000	-0.00515447	0.00034009
0.07598000	-0.00649155	-0.00038668
0.07598000	-0.00783710	-0.00116623
0.07598000	-0.00918308	-0.00199708
0.07598000	-0.01052043	-0.00288168
0.07836545	-0.01176114	-0.00361467
0.07836545	-0.01025204	-0.00324036
0.07836545	-0.00876115	-0.00283770
0.07836545	-0.00728919	-0.00242946
0.07836545	-0.00584030	-0.00202792
0.07836545	-0.00442056	-0.00163890
0.07836545	-0.00303705	-0.00126454
0.07836545	-0.00169721	-0.00090514
0.07836545	-0.00040846	-0.00056015
0.07836545	0.00082192	-0.00022867
0.07836545	0.00198694	0.00009025
0.07836545	0.00307991	0.00039758
0.07836545	0.00409447	0.00069430
0.07836545	0.00502451	0.00098145
0.07836545	0.00586414	0.00126023
0.07836545	0.00660744	0.00153227
0.07836545	0.00724803	0.00179999
0.07836545	0.00777765	0.00206769
0.07836545	0.00818217	0.00234292
0.07836545	0.00844276	0.00262270
0.07836545	0.00854850	0.00287480
0.07836545	0.00854588	0.00303967
0.07836545	0.00853135	0.00309306
0.07836545	0.00850984	0.00314552
0.07836545	0.00841335	0.00328464
0.07836545	0.00819089	0.00345665
0.07836545	0.00783064	0.00361233
0.07836545	0.00734486	0.00373794
0.07836545	0.00674346	0.00382789
0.07836545	0.00603318	0.00386671
0.07836545	0.00522255	0.00384335
0.07836545	0.00432083	0.00375081
0.07836545	0.00333735	0.00358523
0.07836545	0.00228122	0.00334495
0.07836545	0.00116127	0.00303008
0.07836545	-0.00001402	0.00264200
0.07836545	-0.00123648	0.00218319
0.07836545	-0.00249822	0.00165693
0.07836545	-0.00379163	0.00106714
0.07836545	-0.00510924	0.00041811
0.07836545	-0.00644370	-0.00028598
0.07836545	-0.00778751	-0.00104175
0.07836545	-0.00913269	-0.00184787
0.07836545	-0.01047022	-0.00270698
0.08075091	-0.01169053	-0.00342318
0.08075091	-0.01019103	-0.00306487
0.08075091	-0.00870933	-0.00267816
0.08075091	-0.00724637	-0.00228569
0.08075091	-0.00580633	-0.00189966
0.08075091	-0.00439529	-0.00152581
0.08075091	-0.00302029	-0.00116628
0.08075091	-0.00168866	-0.00082133
0.08075091	-0.00040779	-0.00049041
0.08075091	0.00081516	-0.00017263
0.08075091	0.00197327	0.00013295
0.08075091	0.00305994	0.00042731
0.08075091	0.00406890	0.00071142
0.08075091	0.00499413	0.00098628
0.08075091	0.00582984	0.00125312
0.08075091	0.00657028	0.00151350
0.08075091	0.00720924	0.00176985
0.08075091	0.00773881	0.00202647
0.08075091	0.00814460	0.00229230
0.08075091	0.00840521	0.00256757
0.08075091	0.00851065	0.00281727
0.08075091	0.00850802	0.00298074
0.08075091	0.00849354	0.00303366
0.08075091	0.00847215	0.00308560
0.08075091	0.00837629	0.00322319
0.08075091	0.00815547	0.00339297
0.08075091	0.00779820	0.00354618
0.08075091	0.00731677	0.00366964
0.08075091	0.00672118	0.00375968
0.08075091	0.00601780	0.00380128
0.08075091	0.00521471	0.00378322
0.08075091	0.00432085	0.00369832
0.08075091	0.00334534	0.00354246
0.08075091	0.00229712	0.00331384
0.08075091	0.00118489	0.00301239
0.08075091	0.00001702	0.00263941
0.08075091	-0.00119842	0.00219726
0.08075091	-0.00245362	0.00168913
0.08075091	-0.00374104	0.00111886
0.08075091	-0.00505329	0.00049062
0.08075091	-0.00638309	-0.00019148
0.08075091	-0.00772299	-0.00092419
0.08075091	-0.00906509	-0.00170630
0.08075091	-0.01040049	-0.00254058
0.08313636	-0.01159899	-0.00323993
0.08313636	-0.01011113	-0.00289648
0.08313636	-0.00864070	-0.00252460
0.08313636	-0.00718877	-0.00214683
0.08313636	-0.00575956	-0.00177532
0.08313636	-0.00435914	-0.00141578
0.08313636	-0.00299447	-0.00107030
0.08313636	-0.00167283	-0.00073914
0.08313636	-0.00040150	-0.00042171
0.08313636	0.00081241	-0.00011714
0.08313636	0.00196210	0.00017557
0.08313636	0.00304104	0.00045737
0.08313636	0.00404303	0.00072925
0.08313636	0.00496218	0.00099222
0.08313636	0.00579278	0.00124748
0.08313636	0.00652921	0.00149660
0.08313636	0.00716548	0.00174194
0.08313636	0.00769398	0.00198777
0.08313636	0.00810040	0.00224404
0.08313636	0.00836149	0.00251380
0.08313636	0.00846799	0.00276023
0.08313636	0.00846644	0.00292215
0.08313636	0.00845233	0.00297463
0.08313636	0.00843131	0.00302610
0.08313636	0.00833651	0.00316231
0.08313636	0.00811759	0.00332982
0.08313636	0.00776356	0.00348044
0.08313636	0.00728694	0.00360208
0.08313636	0.00669765	0.00369236
0.08313636	0.00600168	0.00373655
0.08313636	0.00520677	0.00372341
0.08313636	0.00432154	0.00364563
0.08313636	0.00335490	0.00349893
0.08313636	0.00231561	0.00328138
0.08313636	0.00121224	0.00299279
0.08313636	0.00005303	0.00263433
0.08313636	-0.00115402	0.00220825
0.08313636	-0.00240120	0.00171766
0.08313636	-0.00368105	0.00116629
0.08313636	-0.00498625	0.00055820
0.08313636	-0.00630958	-0.00010259
0.08313636	-0.00764368	-0.00081293
0.08313636	-0.00898072	-0.00157173
0.08313636	-0.01031195	-0.00238186
0.08552182	-0.01148741	-0.00306434
0.08552182	-0.01001300	-0.00273472
0.08552182	-0.00855564	-0.00237662
0.08552182	-0.00711651	-0.00201257
0.08552182	-0.00569987	-0.00165469
0.08552182	-0.00431174	-0.00130864
0.08552182	-0.00295902	-0.00097649
0.08552182	-0.00164891	-0.00065848
0.08552182	-0.00038861	-0.00035398
0.08552182	0.00081487	-0.00006209
0.08552182	0.00195479	0.00021821
0.08552182	0.00302472	0.00048790
0.08552182	0.00401854	0.00074799
0.08552182	0.00493045	0.00099950
0.08552182	0.00575486	0.00124364
0.08552182	0.00648626	0.00148195
0.08552182	0.00711883	0.00171678
0.08552182	0.00764530	0.00195231
0.08552182	0.00805166	0.00219905
0.08552182	0.00831403	0.00246201
0.08552182	0.00842328	0.00270414
0.08552182	0.00842387	0.00286434
0.08552182	0.00841035	0.00291638
0.08552182	0.00838985	0.00296739
0.08552182	0.00829621	0.00310214
0.08552182	0.00807909	0.00326696
0.08552182	0.00772844	0.00341467
0.08552182	0.00725705	0.00353489
0.08552182	0.00667450	0.00362568
0.08552182	0.00598643	0.00367244
0.08552182	0.00520025	0.00366395
0.08552182	0.00432432	0.00359287
0.08552182	0.00336732	0.00345484
0.08552182	0.00233787	0.00324783
0.08552182	0.00124436	0.00297154
0.08552182	0.00009494	0.00262705
0.08552182	-0.00110252	0.00221650
0.08552182	-0.00234038	0.00174288
0.08552182	-0.00361126	0.00120981
0.08552182	-0.00490792	0.00062128
0.08552182	-0.00622320	-0.00001883
0.08552182	-0.00754982	-0.00070746
0.08552182	-0.00888006	-0.00144361
0.08552182	-0.01020529	-0.00223023
0.08790727	-0.01135672	-0.00289587
0.08790727	-0.00989737	-0.00257912
0.08790727	-0.00845470	-0.00223390
0.08790727	-0.00702997	-0.00188270
0.08790727	-0.00562745	-0.00153764
0.08790727	-0.00425311	-0.00120435
0.08790727	-0.00291379	-0.00088488
0.08790727	-0.00161661	-0.00057941
0.08790727	-0.00036868	-0.00028729
0.08790727	0.00082307	-0.00000757
0.08790727	0.00195199	0.00026079
0.08790727	0.00301175	0.00051883
0.08790727	0.00399630	0.00076757
0.08790727	0.00489993	0.00100808
0.08790727	0.00571715	0.00124157
0.08790727	0.00644256	0.00146958
0.08790727	0.00707052	0.00169444
0.08790727	0.00759404	0.00192025
0.08790727	0.00799964	0.00215764
0.08790727	0.00826411	0.00241243
0.08790727	0.00837779	0.00264914
0.08790727	0.00838147	0.00280740
0.08790727	0.00836870	0.00285900
0.08790727	0.00834879	0.00290954
0.08790727	0.00825621	0.00304262
0.08790727	0.00804070	0.00320421
0.08790727	0.00769354	0.00334870
0.08790727	0.00722780	0.00346790
0.08790727	0.00665242	0.00355951
0.08790727	0.00597270	0.00360885
0.08790727	0.00519575	0.00360482
0.08790727	0.00432974	0.00354009
0.08790727	0.00338312	0.00341028
0.08790727	0.00236432	0.00321331
0.08790727	0.00128160	0.00294880
0.08790727	0.00014299	0.00261775
0.08790727	-0.00104376	0.00222219
0.08790727	-0.00227110	0.00176500
0.08790727	-0.00353172	0.00124971
0.08790727	-0.00481847	0.00068017
0.08790727	-0.00612425	0.00006017
0.08790727	-0.00744188	-0.00060733
0.08790727	-0.00876372	-0.00132141
0.08790727	-0.01008130	-0.00208514
0.09029273	-0.01120784	-0.00273394
0.09029273	-0.00976514	-0.00242930
0.09029273	-0.00833874	-0.00209619
0.09029273	-0.00692999	-0.00175713
0.09029273	-0.00554312	-0.00142421
0.09029273	-0.00418407	-0.00110307
0.09029273	-0.00285960	-0.00079569
0.09029273	-0.00157675	-0.00050224
0.09029273	-0.00034254	-0.00022201
0.09029273	0.00083620	0.00004599
0.09029273	0.00195290	0.00030287
0.09029273	0.00300131	0.00054968
0.09029273	0.00397549	0.00078751
0.09029273	0.00486980	0.00101744
0.09029273	0.00567884	0.00124070
0.09029273	0.00639734	0.00145886
0.09029273	0.00701981	0.00167421
0.09029273	0.00753950	0.00189078
0.09029273	0.00794368	0.00211893
0.09029273	0.00821062	0.00236449
0.09029273	0.00832975	0.00259484
0.09029273	0.00833718	0.00275093
0.09029273	0.00832529	0.00280205
0.09029273	0.00830605	0.00285211
0.09029273	0.00821458	0.00298341
0.09029273	0.00800077	0.00314158
0.09029273	0.00765741	0.00328289
0.09029273	0.00719774	0.00340135
0.09029273	0.00662997	0.00349393
0.09029273	0.00595906	0.00354578
0.09029273	0.00519192	0.00354594
0.09029273	0.00433648	0.00348716
0.09029273	0.00340100	0.00336510
0.09029273	0.00239374	0.00317765
0.09029273	0.00132280	0.00292440
0.09029273	0.00019607	0.00260627
0.09029273	-0.00097880	0.00222519
0.09029273	-0.00219437	0.00178395
0.09029273	-0.00344342	0.00128595
0.09029273	-0.00471886	0.00073493
0.09029273	-0.00601368	0.00013457
0.09029273	-0.00732078	-0.00051227
0.09029273	-0.00863264	-0.00120479
0.09029273	-0.00994090	-0.00194611
0.09267818	-0.01104170	-0.00257799
0.09267818	-0.00961724	-0.00228483
0.09267818	-0.00820871	-0.00196325
0.09267818	-0.00681750	-0.00163577
0.09267818	-0.00544783	-0.00131446
0.09267818	-0.00410558	-0.00100495
0.09267818	-0.00279743	-0.00070919
0.09267818	-0.00153032	-0.00042730
0.09267818	-0.00031119	-0.00015852
0.09267818	0.00085322	0.00009819
0.09267818	0.00195645	0.00034398
0.09267818	0.00299233	0.00057998
0.09267818	0.00395500	0.00080728
0.09267818	0.00483892	0.00102701
0.09267818	0.00563881	0.00124045
0.09267818	0.00634948	0.00144913
0.09267818	0.00696559	0.00165534
0.09267818	0.00748067	0.00186300
0.09267818	0.00788280	0.00208191
0.09267818	0.00815213	0.00231756
0.09267818	0.00827698	0.00254085
0.09267818	0.00828852	0.00269448
0.09267818	0.00827763	0.00274509
0.09267818	0.00825914	0.00279465
0.09267818	0.00816900	0.00292418
0.09267818	0.00795732	0.00307914
0.09267818	0.00761824	0.00321770
0.09267818	0.00716506	0.00333560
0.09267818	0.00660535	0.00342911
0.09267818	0.00594378	0.00348325
0.09267818	0.00518706	0.00348726
0.09267818	0.00434291	0.00343399
0.09267818	0.00341941	0.00331918
0.09267818	0.00242463	0.00314073
0.09267818	0.00136652	0.00289822
0.09267818	0.00025282	0.00259249
0.09267818	-0.00090894	0.00222542
0.09267818	-0.00211143	0.00179967
0.09267818	-0.00334751	0.00131853
0.09267818	-0.00461019	0.00078563
0.09267818	-0.00589255	0.00020453
0.09267818	-0.00718755	-0.00042203
0.09267818	-0.00848779	-0.00109335
0.09267818	-0.00978504	-0.00181266
0.09506364	-0.01085923	-0.00242745
0.09506364	-0.00945461	-0.00214533
0.09506364	-0.00806555	-0.00183485
0.09506364	-0.00669346	-0.00151853
0.09506364	-0.00534255	-0.00120844
0.09506364	-0.00401863	-0.00091016
0.09506364	-0.00272829	-0.00062563
0.09506364	-0.00147838	-0.00035490
0.09506364	-0.00027573	-0.00009719
0.09506364	0.00087302	0.00014862
0.09506364	0.00196149	0.00038371
0.09506364	0.00298361	0.00060925
0.09506364	0.00393364	0.00082639
0.09506364	0.00480610	0.00103629
0.09506364	0.00559583	0.00124023
0.09506364	0.00629775	0.00143976
0.09506364	0.00690667	0.00163709
0.09506364	0.00741638	0.00183604
0.09506364	0.00781589	0.00204563
0.09506364	0.00808712	0.00227101
0.09506364	0.00821735	0.00248684
0.09506364	0.00823300	0.00263775
0.09506364	0.00822317	0.00268779
0.09506364	0.00820552	0.00273683
0.09506364	0.00811710	0.00286470
0.09506364	0.00790825	0.00301703
0.09506364	0.00757412	0.00315359
0.09506364	0.00712788	0.00327103
0.09506364	0.00657670	0.00336525
0.09506364	0.00592502	0.00342136
0.09506364	0.00517938	0.00342879
0.09506364	0.00434731	0.00338054
0.09506364	0.00343668	0.00327245
0.09506364	0.00245540	0.00310247
0.09506364	0.00141123	0.00287018
0.09506364	0.00031178	0.00257637
0.09506364	-0.00083556	0.00222285
0.09506364	-0.00202358	0.00181218
0.09506364	-0.00324525	0.00134753
0.09506364	-0.00449366	0.00083241
0.09506364	-0.00576198	0.00027026
0.09506364	-0.00704326	-0.00033631
0.09506364	-0.00833020	-0.00098671
0.09506364	-0.00961471	-0.00168430
0.09744909	-0.01066138	-0.00228175
0.09744909	-0.00927816	-0.00201038
0.09744909	-0.00791012	-0.00171072
0.09744909	-0.00655870	-0.00140530
0.09744909	-0.00522808	-0.00110614
0.09744909	-0.00392399	-0.00081880
0.09744909	-0.00265293	-0.00054518
0.09744909	-0.00142164	-0.00028528
0.09744909	-0.00023686	-0.00003828
0.09744909	0.00089488	0.00019698
0.09744909	0.00196732	0.00042173
0.09744909	0.00297448	0.00063719
0.09744909	0.00391072	0.00084452
0.09744909	0.00477067	0.00104493
0.09744909	0.00554925	0.00123969
0.09744909	0.00624152	0.00143034
0.09744909	0.00684245	0.00161902
0.09744909	0.00734609	0.00180936
0.09744909	0.00774237	0.00200953
0.09744909	0.00801481	0.00222456
0.09744909	0.00814964	0.00243278
0.09744909	0.00816915	0.00258074
0.09744909	0.00816039	0.00263014
0.09744909	0.00814367	0.00267864
0.09744909	0.00805745	0.00280501
0.09744909	0.00785226	0.00295545
0.09744909	0.00752382	0.00309093
0.09744909	0.00708497	0.00320791
0.09744909	0.00654278	0.00330250
0.09744909	0.00590157	0.00336016
0.09744909	0.00516769	0.00337055
0.09744909	0.00434849	0.00332683
0.09744909	0.00345166	0.00322495
0.09744909	0.00248492	0.00306294
0.09744909	0.00145585	0.00284038
0.09744909	0.00037188	0.00255804
0.09744909	-0.00075972	0.00221764
0.09744909	-0.00193187	0.00182168
0.09744909	-0.00313764	0.00137319
0.09744909	-0.00437025	0.00087557
0.09744909	-0.00562294	0.00033211
0.09744909	-0.00688886	-0.00025469
0.09744909	-0.00816082	-0.00088439
0.09744909	-0.00943084	-0.00156052
0.09983455	-0.01044908	-0.00214032
0.09983455	-0.00908866	-0.00187951
0.09983455	-0.00774303	-0.00159053
0.09983455	-0.00641368	-0.00129584
0.09983455	-0.00510473	-0.00100743
0.09983455	-0.00382183	-0.00073082
0.09983455	-0.00257138	-0.00046784
0.09983455	-0.00136002	-0.00021848
0.09983455	-0.00019437	0.00001814
0.09983455	0.00091915	0.00024321
0.09983455	0.00197439	0.00045800
0.09983455	0.00296548	0.00066376
0.09983455	0.00388688	0.00086167
0.09983455	0.00473333	0.00105294
0.09983455	0.00549987	0.00123886
0.09983455	0.00618166	0.00142093
0.09983455	0.00677385	0.00160122
0.09983455	0.00727074	0.00178312
0.09983455	0.00766320	0.00197391
0.09983455	0.00793607	0.00217868
0.09983455	0.00807471	0.00237925
0.09983455	0.00809780	0.00252404
0.09983455	0.00809014	0.00257275
0.09983455	0.00807442	0.00262066
0.09983455	0.00799079	0.00274564
0.09983455	0.00778994	0.00289473
0.09983455	0.00746778	0.00302971
0.09983455	0.00703673	0.00314617
0.09983455	0.00650396	0.00324081
0.09983455	0.00587375	0.00329967
0.09983455	0.00515229	0.00331262
0.09983455	0.00434672	0.00327302
0.09983455	0.00346455	0.00317694
0.09983455	0.00251330	0.00302248
0.09983455	0.00150038	0.00280923
0.09983455	0.00043307	0.00253796
0.09983455	-0.00068155	0.00221032
0.09983455	-0.00183652	0.00182872
0.09983455	-0.00302503	0.00139608
0.09983455	-0.00424039	0.00091568
0.09983455	-0.00547596	0.00039067
0.09983455	-0.00672498	-0.00017659
0.09983455	-0.00798037	-0.00078582
0.09983455	-0.00923425	-0.00144072
0.10222000	-0.01022328	-0.00200259
0.10222000	-0.00888687	-0.00175227
0.10222000	-0.00756489	-0.00147394
0.10222000	-0.00625881	-0.00118995
0.10222000	-0.00497273	-0.00091221
0.10222000	-0.00371222	-0.00064616
0.10222000	-0.00248357	-0.00039362
0.10222000	-0.00129330	-0.00015452
0.10222000	-0.00014791	0.00007204
0.10222000	0.00094631	0.00028728
0.10222000	0.00198330	0.00049250
0.10222000	0.00295732	0.00068894
0.10222000	0.00386294	0.00087783
0.10222000	0.00469501	0.00106037
0.10222000	0.00544868	0.00123781
0.10222000	0.00611925	0.00141163
0.10222000	0.00670201	0.00158379
0.10222000	0.00719154	0.00175747
0.10222000	0.00757955	0.00193911
0.10222000	0.00785201	0.00213391
0.10222000	0.00799368	0.00232685
0.10222000	0.00802010	0.00246829
0.10222000	0.00801355	0.00251624
0.10222000	0.00799889	0.00256354
0.10222000	0.00791816	0.00268716
0.10222000	0.00772212	0.00283517
0.10222000	0.00740667	0.00296988
0.10222000	0.00698375	0.00308568
0.10222000	0.00646082	0.00318009
0.10222000	0.00584212	0.00323986
0.10222000	0.00513366	0.00325508
0.10222000	0.00434241	0.00321929
0.10222000	0.00347569	0.00312869
0.10222000	0.00254081	0.00298145
0.10222000	0.00154502	0.00277719
0.10222000	0.00049539	0.00251666
0.10222000	-0.00060111	0.00220146
0.10222000	-0.00173768	0.00183391
0.10222000	-0.00290765	0.00141684
0.10222000	-0.00410444	0.00095339
0.10222000	-0.00532151	0.00044658
0.10222000	-0.00655221	-0.00010138
0.10222000	-0.00778955	-0.00069038
0.10222000	-0.00902576	-0.00132432
0.10460545	-0.00998492	-0.00186797
0.10460545	-0.00867358	-0.00162820
0.10460545	-0.00737627	-0.00136062
0.10460545	-0.00609451	-0.00108740
0.10460545	-0.00483235	-0.00082033
0.10460545	-0.00359527	-0.00056479
0.10460545	-0.00238944	-0.00032253
0.10460545	-0.00122128	-0.00009346
0.10460545	-0.00009714	0.00012335
0.10460545	0.00097679	0.00032913
0.10460545	0.00199461	0.00052516
0.10460545	0.00295068	0.00071272
0.10460545	0.00383968	0.00089301
0.10460545	0.00465659	0.00106722
0.10460545	0.00539666	0.00123657
0.10460545	0.00605533	0.00140249
0.10460545	0.00662805	0.00156683
0.10460545	0.00710966	0.00173256
0.10460545	0.00749257	0.00190539
0.10460545	0.00776374	0.00209073
0.10460545	0.00790764	0.00227618
0.10460545	0.00793717	0.00241412
0.10460545	0.00793174	0.00246126
0.10460545	0.00791818	0.00250791
0.10460545	0.00784055	0.00263014
0.10460545	0.00764957	0.00277706
0.10460545	0.00734109	0.00291138
0.10460545	0.00692661	0.00302629
0.10460545	0.00641389	0.00312027
0.10460545	0.00580716	0.00318072
0.10460545	0.00511226	0.00319799
0.10460545	0.00433596	0.00316579
0.10460545	0.00348539	0.00308045
0.10460545	0.00256768	0.00294020
0.10460545	0.00158988	0.00274470
0.10460545	0.00055890	0.00249466
0.10460545	-0.00051846	0.00219165
0.10460545	-0.00163554	0.00183789
0.10460545	-0.00278581	0.00143613
0.10460545	-0.00396281	0.00098937
0.10460545	-0.00516011	0.00050051
0.10460545	-0.00637116	-0.00002842
0.10460545	-0.00758908	-0.00059745
0.10460545	-0.00880620	-0.00121072
0.10699091	-0.00973459	-0.00173601
0.10699091	-0.00844924	-0.00150691
0.10699091	-0.00717752	-0.00125025
0.10699091	-0.00592101	-0.00098795
0.10699091	-0.00468369	-0.00073163
0.10699091	-0.00347096	-0.00048657
0.10699091	-0.00228889	-0.00025448
0.10699091	-0.00114375	-0.00003523
0.10699091	-0.00004177	0.00017212
0.10699091	0.00101102	0.00036878
0.10699091	0.00200882	0.00055604
0.10699091	0.00294613	0.00073513
0.10699091	0.00381775	0.00090725
0.10699091	0.00461878	0.00107354
0.10699091	0.00534459	0.00123520
0.10699091	0.00599075	0.00139358
0.10699091	0.00655286	0.00155042
0.10699091	0.00702603	0.00170848
0.10699091	0.00740322	0.00187297
0.10699091	0.00767221	0.00204950
0.10699091	0.00781757	0.00222767
0.10699091	0.00784998	0.00236196
0.10699091	0.00784569	0.00240824
0.10699091	0.00783327	0.00245419
0.10699091	0.00775882	0.00257494
0.10699091	0.00757299	0.00272053
0.10699091	0.00727159	0.00285406
0.10699091	0.00686580	0.00296784
0.10699091	0.00636366	0.00306121
0.10699091	0.00576933	0.00312218
0.10699091	0.00508850	0.00314136
0.10699091	0.00432775	0.00311262
0.10699091	0.00349400	0.00303242
0.10699091	0.00259418	0.00289903
0.10699091	0.00163518	0.00271212
0.10699091	0.00062372	0.00247240
0.10699091	-0.00043355	0.00218137
0.10699091	-0.00153013	0.00184118
0.10699091	-0.00265961	0.00145449
0.10699091	-0.00381567	0.00102417
0.10699091	-0.00499199	0.00055299
0.10699091	-0.00618215	0.00004283
0.10699091	-0.00737935	-0.00050653
0.10699091	-0.00857604	-0.00109944
0.10937636	-0.00947193	-0.00160647
0.10937636	-0.00821348	-0.00138819
0.10937636	-0.00696829	-0.00114260
0.10937636	-0.00573795	-0.00089133
0.10937636	-0.00452642	-0.00064582
0.10937636	-0.00333899	-0.00041121
0.10937636	-0.00218161	-0.00018915
0.10937636	-0.00106040	0.00002049
0.10937636	0.00001853	0.00021866
0.10937636	0.00104930	0.00040654
0.10937636	0.00202625	0.00058539
0.10937636	0.00294400	0.00075642
0.10937636	0.00379749	0.00092077
0.10937636	0.00458194	0.00107954
0.10937636	0.00529284	0.00123388
0.10937636	0.00592589	0.00138505
0.10937636	0.00647684	0.00153470
0.10937636	0.00694104	0.00168539
0.10937636	0.00731192	0.00184198
0.10937636	0.00757795	0.00201028
0.10937636	0.00772412	0.00218133
0.10937636	0.00775924	0.00231183
0.10937636	0.00775608	0.00235719
0.10937636	0.00774481	0.00240238
0.10937636	0.00767354	0.00252148
0.10937636	0.00749281	0.00266537
0.10937636	0.00719856	0.00279764
0.10937636	0.00680175	0.00291008
0.10937636	0.00631056	0.00300274
0.10937636	0.00572909	0.00306412
0.10937636	0.00506285	0.00308510
0.10937636	0.00431823	0.00305974
0.10937636	0.00350195	0.00298458
0.10937636	0.00262076	0.00285795
0.10937636	0.00168136	0.00267953
0.10937636	0.00069030	0.00244998
0.10937636	-0.00034594	0.00217076
0.10937636	-0.00142100	0.00184395
0.10937636	-0.00252862	0.00147209
0.10937636	-0.00366261	0.00105798
0.10937636	-0.00481676	0.00060422
0.10937636	-0.00598477	0.00011255
0.10937636	-0.00715996	-0.00041743
0.10937636	-0.00833489	-0.00099028
0.11176182	-0.00919640	-0.00147918
0.11176182	-0.00796582	-0.00127182
0.11176182	-0.00674812	-0.00103742
0.11176182	-0.00554491	-0.00079728
0.11176182	-0.00436013	-0.00056258
0.11176182	-0.00319896	-0.00033836
0.11176182	-0.00206721	-0.00012619
0.11176182	-0.00097087	0.00007406
0.11176182	0.00008411	0.00026332
0.11176182	0.00109199	0.00044274
0.11176182	0.00204724	0.00061354
0.11176182	0.00294465	0.00077687
0.11176182	0.00377925	0.00093382
0.11176182	0.00454641	0.00108544
0.11176182	0.00524174	0.00123279
0.11176182	0.00586108	0.00137708
0.11176182	0.00640032	0.00151985
0.11176182	0.00685504	0.00166348
0.11176182	0.00721905	0.00181258
0.11176182	0.00748145	0.00197309
0.11176182	0.00762794	0.00213710
0.11176182	0.00766562	0.00226364
0.11176182	0.00766359	0.00230801
0.11176182	0.00765345	0.00235239
0.11176182	0.00758528	0.00246964
0.11176182	0.00740952	0.00261134
0.11176182	0.00712245	0.00274180
0.11176182	0.00673491	0.00285274
0.11176182	0.00625506	0.00294461
0.11176182	0.00568691	0.00300635
0.11176182	0.00503579	0.00302909
0.11176182	0.00430791	0.00300706
0.11176182	0.00350977	0.00293688
0.11176182	0.00264794	0.00281695
0.11176182	0.00172894	0.00264691
0.11176182	0.00075915	0.00242741
0.11176182	-0.00025511	0.00215986
0.11176182	-0.00130764	0.00184625
0.11176182	-0.00239231	0.00148903
0.11176182	-0.00350308	0.00109088
0.11176182	-0.00463386	0.00065430
0.11176182	-0.00577848	0.00018085
0.11176182	-0.00693037	-0.00033003
0.11176182	-0.00808221	-0.00088311
0.11414727	-0.00890749	-0.00135397
0.11414727	-0.00770575	-0.00115761
0.11414727	-0.00651651	-0.00093448
0.11414727	-0.00534144	-0.00070549
0.11414727	-0.00418438	-0.00048159
0.11414727	-0.00305045	-0.00026766
0.11414727	-0.00194529	-0.00006523
0.11414727	-0.00087477	0.00012585
0.11414727	0.00015535	0.00030645
0.11414727	0.00113945	0.00047772
0.11414727	0.00207218	0.00064079
0.11414727	0.00294842	0.00079676
0.11414727	0.00376339	0.00094664
0.11414727	0.00451256	0.00109144
0.11414727	0.00519168	0.00123213
0.11414727	0.00579670	0.00136984
0.11414727	0.00632369	0.00150602
0.11414727	0.00676839	0.00164291
0.11414727	0.00712499	0.00178492
0.11414727	0.00738323	0.00193794
0.11414727	0.00752964	0.00209489
0.11414727	0.00756981	0.00221730
0.11414727	0.00756890	0.00226063
0.11414727	0.00755987	0.00230413
0.11414727	0.00749464	0.00241927
0.11414727	0.00732362	0.00255820
0.11414727	0.00704372	0.00268619
0.11414727	0.00666575	0.00279553
0.11414727	0.00619766	0.00288661
0.11414727	0.00564330	0.00294870
0.11414727	0.00500785	0.00297318
0.11414727	0.00429730	0.00295446
0.11414727	0.00351798	0.00288925
0.11414727	0.00267626	0.00277595
0.11414727	0.00177847	0.00261424
0.11414727	0.00083084	0.00240469
0.11414727	-0.00016049	0.00214867
0.11414727	-0.00118947	0.00184809
0.11414727	-0.00225011	0.00150533
0.11414727	-0.00333651	0.00112293
0.11414727	-0.00444273	0.00070329
0.11414727	-0.00556271	0.00024782
0.11414727	-0.00669001	-0.00024421
0.11414727	-0.00781745	-0.00077779
0.11653273	-0.00860465	-0.00123066
0.11653273	-0.00743278	-0.00104538
0.11653273	-0.00627306	-0.00083357
0.11653273	-0.00512716	-0.00061573
0.11653273	-0.00399888	-0.00040257
0.11653273	-0.00289321	-0.00019882
0.11653273	-0.00181567	-0.00000596
0.11653273	-0.00077193	0.00017616
0.11653273	0.00023236	0.00034837
0.11653273	0.00119177	0.00051175
0.11653273	0.00210109	0.00066739
0.11653273	0.00295536	0.00081629
0.11653273	0.00374991	0.00095942
0.11653273	0.00448037	0.00109768
0.11653273	0.00514260	0.00123199
0.11653273	0.00573270	0.00136340
0.11653273	0.00624687	0.00149325
0.11653273	0.00668104	0.00162369
0.11653273	0.00702969	0.00175896
0.11653273	0.00728328	0.00190473
0.11653273	0.00742925	0.00205456
0.11653273	0.00747182	0.00217265
0.11653273	0.00747201	0.00221487
0.11653273	0.00746408	0.00225744
0.11653273	0.00740161	0.00237020
0.11653273	0.00723509	0.00250576
0.11653273	0.00696236	0.00263065
0.11653273	0.00659429	0.00273825
0.11653273	0.00613838	0.00282855
0.11653273	0.00559833	0.00289098
0.11653273	0.00497911	0.00291720
0.11653273	0.00428653	0.00290178
0.11653273	0.00352673	0.00284151
0.11653273	0.00270590	0.00273482
0.11653273	0.00183017	0.00258136
0.11653273	0.00090562	0.00238168
0.11653273	-0.00006179	0.00213706
0.11653273	-0.00106615	0.00184938
0.11653273	-0.00210165	0.00152090
0.11653273	-0.00316250	0.00115408
0.11653273	-0.00424292	0.00075117
0.11653273	-0.00533698	0.00031347
0.11653273	-0.00643838	-0.00015993
0.11653273	-0.00754007	-0.00067418
0.11891818	-0.00828734	-0.00110908
0.11891818	-0.00714655	-0.00093496
0.11891818	-0.00601755	-0.00073450
0.11891818	-0.00490204	-0.00052781
0.11891818	-0.00380375	-0.00032531
0.11891818	-0.00272753	-0.00013161
0.11891818	-0.00167876	0.00005184
0.11891818	-0.00066295	0.00022519
0.11891818	0.00031443	0.00038924
0.11891818	0.00124811	0.00054497
0.11891818	0.00213303	0.00069341
0.11891818	0.00296438	0.00083550
0.11891818	0.00373765	0.00097210
0.11891818	0.00444858	0.00110405
0.11891818	0.00509317	0.00123220
0.11891818	0.00566767	0.00135749
0.11891818	0.00616841	0.00148120
0.11891818	0.00659150	0.00160537
0.11891818	0.00693169	0.00173415
0.11891818	0.00718009	0.00187288
0.11891818	0.00732509	0.00201570
0.11891818	0.00736972	0.00212934
0.11891818	0.00737097	0.00217039
0.11891818	0.00736409	0.00221195
0.11891818	0.00730432	0.00232213
0.11891818	0.00714231	0.00245398
0.11891818	0.00687692	0.00257540
0.11891818	0.00651911	0.00268108
0.11891818	0.00607586	0.00277048
0.11891818	0.00555067	0.00283314
0.11891818	0.00494834	0.00286101
0.11891818	0.00427447	0.00284880
0.11891818	0.00353502	0.00279338
0.11891818	0.00273597	0.00269320
0.11891818	0.00188328	0.00254789
0.11891818	0.00098286	0.00235797
0.11891818	0.00004050	0.00212466
0.11891818	-0.00093806	0.00184974
0.11891818	-0.00194714	0.00153542
0.11891818	-0.00298113	0.00118404
0.11891818	-0.00403439	0.00079774
0.11891818	-0.00510112	0.00037769
0.11891818	-0.00617517	-0.00007719
0.11891818	-0.00724965	-0.00057223
0.12130364	-0.00795501	-0.00098906
0.12130364	-0.00684668	-0.00082620
0.12130364	-0.00574981	-0.00063712
0.12130364	-0.00466609	-0.00044153
0.12130364	-0.00359917	-0.00024961
0.12130364	-0.00255378	-0.00006584
0.12130364	-0.00153511	0.00010837
0.12130364	-0.00054852	0.00027314
0.12130364	0.00040071	0.00042920
0.12130364	0.00130747	0.00057749
0.12130364	0.00216686	0.00071893
0.12130364	0.00297423	0.00085439
0.12130364	0.00372522	0.00098464
0.12130364	0.00441571	0.00111044
0.12130364	0.00504184	0.00123256
0.12130364	0.00559998	0.00135186
0.12130364	0.00608662	0.00146951
0.12130364	0.00649804	0.00158748
0.12130364	0.00682924	0.00170983
0.12130364	0.00707189	0.00184175
0.12130364	0.00721519	0.00197780
0.12130364	0.00726132	0.00208699
0.12130364	0.00726347	0.00212679
0.12130364	0.00725757	0.00216725
0.12130364	0.00720053	0.00227469
0.12130364	0.00704334	0.00240281
0.12130364	0.00678568	0.00252073
0.12130364	0.00643853	0.00262425
0.12130364	0.00600847	0.00271247
0.12130364	0.00549878	0.00277513
0.12130364	0.00491407	0.00280442
0.12130364	0.00425976	0.00279524
0.12130364	0.00354159	0.00274451
0.12130364	0.00276536	0.00265069
0.12130364	0.00193684	0.00251340
0.12130364	0.00106174	0.00233311
0.12130364	0.00014572	0.00211099
0.12130364	-0.00080568	0.00184875
0.12130364	-0.00178693	0.00154849
0.12130364	-0.00279259	0.00121249
0.12130364	-0.00381716	0.00084275
0.12130364	-0.00485500	0.00044031
0.12130364	-0.00590012	0.00000394
0.12130364	-0.00694577	-0.00047188
0.12368909	-0.00760708	-0.00087041
0.12368909	-0.00653274	-0.00071892
0.12368909	-0.00546956	-0.00054123
0.12368909	-0.00441919	-0.00035669
0.12368909	-0.00338519	-0.00017523
0.12368909	-0.00237212	-0.00000125
0.12368909	-0.00138503	0.00016388
0.12368909	-0.00042908	0.00032023
0.12368909	0.00049064	0.00046848
0.12368909	0.00136917	0.00060948
0.12368909	0.00220179	0.00074407
0.12368909	0.00298403	0.00087303
0.12368909	0.00371165	0.00099706
0.12368909	0.00438070	0.00111682
0.12368909	0.00498745	0.00123298
0.12368909	0.00552843	0.00134634
0.12368909	0.00600024	0.00145797
0.12368909	0.00639938	0.00156972
0.12368909	0.00672108	0.00168560
0.12368909	0.00695742	0.00181084
0.12368909	0.00709824	0.00194046
0.12368909	0.00714510	0.00204525
0.12368909	0.00714796	0.00208374
0.12368909	0.00714291	0.00212302
0.12368909	0.00708866	0.00222757
0.12368909	0.00693677	0.00235210
0.12368909	0.00668740	0.00246679
0.12368909	0.00635139	0.00256789
0.12368909	0.00593506	0.00265456
0.12368909	0.00544155	0.00271686
0.12368909	0.00487528	0.00274728
0.12368909	0.00424146	0.00274086
0.12368909	0.00354562	0.00269458
0.12368909	0.00279334	0.00260692
0.12368909	0.00199022	0.00247748
0.12368909	0.00114179	0.00230668
0.12368909	0.00025350	0.00209564
0.12368909	-0.00066926	0.00184600
0.12368909	-0.00162115	0.00155978
0.12368909	-0.00259687	0.00123914
0.12368909	-0.00359111	0.00088598
0.12368909	-0.00459838	0.00050121
0.12368909	-0.00561285	0.00008344
0.12368909	-0.00662795	-0.00037303
0.12607455	-0.00724298	-0.00075297
0.12607455	-0.00620420	-0.00061293
0.12607455	-0.00517629	-0.00044660
0.12607455	-0.00416087	-0.00027299
0.12607455	-0.00316135	-0.00010186
0.12607455	-0.00218216	0.00006251
0.12607455	-0.00122814	0.00021873
0.12607455	-0.00030426	0.00036684
0.12607455	0.00058454	0.00050743
0.12607455	0.00143353	0.00064129
0.12607455	0.00223814	0.00076916
0.12607455	0.00299407	0.00089173
0.12607455	0.00369723	0.00100961
0.12607455	0.00434383	0.00112340
0.12607455	0.00493029	0.00123367
0.12607455	0.00545326	0.00134112
0.12607455	0.00590953	0.00144675
0.12607455	0.00629574	0.00155229
0.12607455	0.00660740	0.00166166
0.12607455	0.00683693	0.00178029
0.12607455	0.00697465	0.00190366
0.12607455	0.00702162	0.00200412
0.12607455	0.00702499	0.00204125
0.12607455	0.00702065	0.00207926
0.12607455	0.00696916	0.00218072
0.12607455	0.00682298	0.00230170
0.12607455	0.00658243	0.00241332
0.12607455	0.00625802	0.00251176
0.12607455	0.00585600	0.00259651
0.12607455	0.00537937	0.00265813
0.12607455	0.00483237	0.00268937
0.12607455	0.00421999	0.00268542
0.12607455	0.00354753	0.00264335
0.12607455	0.00282037	0.00256165
0.12607455	0.00204391	0.00243988
0.12607455	0.00122348	0.00227844
0.12607455	0.00036436	0.00207839
0.12607455	-0.00052826	0.00184130
0.12607455	-0.00144923	0.00156911
0.12607455	-0.00239341	0.00126387
0.12607455	-0.00335566	0.00092737
0.12607455	-0.00433068	0.00056038
0.12607455	-0.00531280	0.00016136
0.12607455	-0.00629561	-0.00027558
0.12846000	-0.00686211	-0.00063656
0.12846000	-0.00586048	-0.00050802
0.12846000	-0.00486945	-0.00035298
0.12846000	-0.00389057	-0.00019016
0.12846000	-0.00292713	-0.00002914
0.12846000	-0.00198335	0.00012581
0.12846000	-0.00106391	0.00027332
0.12846000	-0.00017357	0.00041336
0.12846000	0.00068295	0.00054645
0.12846000	0.00150106	0.00067328
0.12846000	0.00227641	0.00079453
0.12846000	0.00300485	0.00091078
0.12846000	0.00368246	0.00102259
0.12846000	0.00430561	0.00113044
0.12846000	0.00487085	0.00123485
0.12846000	0.00537500	0.00133644
0.12846000	0.00581497	0.00143610
0.12846000	0.00618761	0.00153546
0.12846000	0.00648868	0.00163835
0.12846000	0.00671092	0.00175040
0.12846000	0.00684509	0.00186755
0.12846000	0.00689173	0.00196364
0.12846000	0.00689546	0.00199936
0.12846000	0.00689169	0.00203603
0.12846000	0.00684286	0.00213414
0.12846000	0.00670265	0.00225143
0.12846000	0.00647138	0.00235998
0.12846000	0.00615905	0.00245552
0.12846000	0.00577191	0.00253803
0.12846000	0.00531288	0.00259865
0.12846000	0.00478598	0.00263043
0.12846000	0.00419599	0.00262868
0.12846000	0.00354797	0.00259057
0.12846000	0.00284711	0.00251460
0.12846000	0.00209858	0.00240033
0.12846000	0.00130751	0.00224813
0.12846000	0.00047897	0.00205900
0.12846000	-0.00038202	0.00183444
0.12846000	-0.00127050	0.00157630
0.12846000	-0.00218154	0.00128655
0.12846000	-0.00311016	0.00096684
0.12846000	-0.00405126	0.00061782
0.12846000	-0.00499932	0.00023776
0.12846000	-0.00594813	-0.00017940
0.13026770	-0.00656202	-0.00054893
0.13026770	-0.00558959	-0.00042913
0.13026770	-0.00462759	-0.00028258
0.13026770	-0.00367747	-0.00012780
0.13026770	-0.00274242	0.00002569
0.13026770	-0.00182652	0.00017366
0.13026770	-0.00093428	0.00031471
0.13026770	-0.00007032	0.00044874
0.13026770	0.00076079	0.00057625
0.13026770	0.00155463	0.00069784
0.13026770	0.00230697	0.00081411
0.13026770	0.00301380	0.00092563
0.13026770	0.00367133	0.00103284
0.13026770	0.00427602	0.00113622
0.13026770	0.00482458	0.00123620
0.13026770	0.00531391	0.00133336
0.13026770	0.00574105	0.00142853
0.13026770	0.00610297	0.00152325
0.13026770	0.00639562	0.00162131
0.13026770	0.00661204	0.00172836
0.13026770	0.00674330	0.00184074
0.13026770	0.00678953	0.00193346
0.13026770	0.00679345	0.00196808
0.13026770	0.00679005	0.00200368
0.13026770	0.00674310	0.00209906
0.13026770	0.00660749	0.00221336
0.13026770	0.00638351	0.00231948
0.13026770	0.00608066	0.00241265
0.13026770	0.00570519	0.00249326
0.13026770	0.00525997	0.00255294
0.13026770	0.00474887	0.00258492
0.13026770	0.00417647	0.00258466
0.13026770	0.00354769	0.00254937
0.13026770	0.00286754	0.00247761
0.13026770	0.00214101	0.00236891
0.13026770	0.00137309	0.00222363
0.13026770	0.00056869	0.00204273
0.13026770	-0.00026733	0.00182767
0.13026770	-0.00113016	0.00158023
0.13026770	-0.00201502	0.00130229
0.13026770	-0.00291708	0.00099544
0.13026770	-0.00383136	0.00066017
0.13026770	-0.00475249	0.00029467
0.13026770	-0.00567441	-0.00010730
0.13206425	-0.00625396	-0.00046237
0.13206425	-0.00531145	-0.00035127
0.13206425	-0.00437919	-0.00021309
0.13206425	-0.00345858	-0.00006620
0.13206425	-0.00255263	0.00007995
0.13206425	-0.00166531	0.00022111
0.13206425	-0.00080095	0.00035585
0.13206425	0.00003599	0.00048404
0.13206425	0.00084108	0.00060607
0.13206425	0.00161005	0.00072251
0.13206425	0.00233882	0.00083391
0.13206425	0.00302351	0.00094074
0.13206425	0.00366047	0.00104342
0.13206425	0.00424627	0.00114237
0.13206425	0.00477773	0.00123797
0.13206425	0.00525187	0.00133074
0.13206425	0.00566584	0.00142147
0.13206425	0.00601675	0.00151164
0.13206425	0.00630069	0.00160499
0.13206425	0.00651106	0.00170709
0.13206425	0.00663927	0.00181463
0.13206425	0.00668499	0.00190394
0.13206425	0.00668906	0.00193743
0.13206425	0.00668596	0.00197193
0.13206425	0.00664078	0.00206444
0.13206425	0.00650977	0.00217553
0.13206425	0.00629322	0.00227910
0.13206425	0.00600004	0.00236978
0.13206425	0.00563651	0.00244836
0.13206425	0.00520542	0.00250693
0.13206425	0.00471048	0.00253895
0.13206425	0.00415611	0.00254001
0.13206425	0.00354705	0.00250740
0.13206425	0.00288813	0.00243968
0.13206425	0.00218419	0.00233642
0.13206425	0.00144004	0.00219795
0.13206425	0.00066043	0.00202521
0.13206425	-0.00014994	0.00181960
0.13206425	-0.00098642	0.00158283
0.13206425	-0.00184438	0.00131671
0.13206425	-0.00271912	0.00102273
0.13206425	-0.00360581	0.00070127
0.13206425	-0.00449924	0.00035038
0.13206425	-0.00539348	-0.00003632
0.13383858	-0.00594017	-0.00037741
0.13383858	-0.00502806	-0.00027493
0.13383858	-0.00412605	-0.00014495
0.13383858	-0.00323542	-0.00000574
0.13383858	-0.00235908	0.00013327
0.13383858	-0.00150080	0.00026784
0.13383858	-0.00066478	0.00039648
0.13383858	0.00014468	0.00051898
0.13383858	0.00092332	0.00063570
0.13383858	0.00166703	0.00074713
0.13383858	0.00237185	0.00085375
0.13383858	0.00303405	0.00095600
0.13383858	0.00365010	0.00105425
0.13383858	0.00421670	0.00114884
0.13383858	0.00473078	0.00124015
0.13383858	0.00518947	0.00132862
0.13383858	0.00559004	0.00141500
0.13383858	0.00592971	0.00150072
0.13383858	0.00620474	0.00158950
0.13383858	0.00640886	0.00168675
0.13383858	0.00653392	0.00178945
0.13383858	0.00657906	0.00187531
0.13383858	0.00658324	0.00190766
0.13383858	0.00658040	0.00194103
0.13383858	0.00653685	0.00203054
0.13383858	0.00641037	0.00213822
0.13383858	0.00620131	0.00223906
0.13383858	0.00591795	0.00232716
0.13383858	0.00556653	0.00240358
0.13383858	0.00514977	0.00246092
0.13383858	0.00467125	0.00249283
0.13383858	0.00413520	0.00249506
0.13383858	0.00354619	0.00246494
0.13383858	0.00290887	0.00240112
0.13383858	0.00222792	0.00230314
0.13383858	0.00150797	0.00217135
0.13383858	0.00075361	0.00200663
0.13383858	-0.00003063	0.00181034
0.13383858	-0.00084025	0.00158415
0.13383858	-0.00167076	0.00132978
0.13383858	-0.00251765	0.00104860
0.13383858	-0.00337620	0.00074090
0.13383858	-0.00424136	0.00040458
0.13383858	-0.00510734	0.00003311
0.13557975	-0.00562308	-0.00029457
0.13557975	-0.00474160	-0.00020056
0.13557975	-0.00387009	-0.00007858
0.13557975	-0.00300970	0.00005318
0.13557975	-0.00216321	0.00018532
0.13557975	-0.00133423	0.00031354
0.13557975	-0.00052678	0.00043629
0.13557975	0.00025498	0.00055333
0.13557975	0.00100697	0.00066492
0.13557975	0.00172521	0.00077150
0.13557975	0.00240590	0.00087351
0.13557975	0.00304543	0.00097131
0.13557975	0.00364041	0.00106524
0.13557975	0.00418765	0.00115560
0.13557975	0.00468421	0.00124271
0.13557975	0.00512732	0.00132700
0.13557975	0.00551436	0.00140916
0.13557975	0.00584266	0.00149057
0.13557975	0.00610866	0.00157496
0.13557975	0.00630641	0.00166749
0.13557975	0.00642820	0.00176539
0.13557975	0.00647272	0.00184778
0.13557975	0.00647699	0.00187898
0.13557975	0.00647438	0.00191121
0.13557975	0.00643233	0.00199763
0.13557975	0.00631026	0.00210168
0.13557975	0.00610866	0.00219960
0.13557975	0.00583518	0.00228503
0.13557975	0.00549594	0.00235922
0.13557975	0.00509362	0.00241522
0.13557975	0.00463163	0.00244689
0.13557975	0.00411405	0.00245012
0.13557975	0.00354525	0.00242235
0.13557975	0.00292973	0.00236224
0.13557975	0.00227198	0.00226937
0.13557975	0.00157646	0.00214406
0.13557975	0.00084760	0.00198719
0.13557975	0.00008977	0.00180006
0.13557975	-0.00069270	0.00158428
0.13557975	-0.00149548	0.00134148
0.13557975	-0.00231419	0.00107295
0.13557975	-0.00314429	0.00077886
0.13557975	-0.00398084	0.00045697
0.13557975	-0.00481821	0.00010057
0.13727703	-0.00530531	-0.00021436
0.13727703	-0.00445444	-0.00012862
0.13727703	-0.00361341	-0.00001438
0.13727703	-0.00278327	0.00011021
0.13727703	-0.00196662	0.00023574
0.13727703	-0.00116693	0.00035789
0.13727703	-0.00038805	0.00047502
0.13727703	0.00036603	0.00058682
0.13727703	0.00109138	0.00069351
0.13727703	0.00178417	0.00079544
0.13727703	0.00244073	0.00089300
0.13727703	0.00305761	0.00098653
0.13727703	0.00363152	0.00107629
0.13727703	0.00415942	0.00116257
0.13727703	0.00463846	0.00124563
0.13727703	0.00506598	0.00132589
0.13727703	0.00543948	0.00140398
0.13727703	0.00575640	0.00148125
0.13727703	0.00601330	0.00156143
0.13727703	0.00620459	0.00164942
0.13727703	0.00632304	0.00174261
0.13727703	0.00636692	0.00182154
0.13727703	0.00637126	0.00185160
0.13727703	0.00636886	0.00188268
0.13727703	0.00632821	0.00196595
0.13727703	0.00621039	0.00206619
0.13727703	0.00601613	0.00216097
0.13727703	0.00575250	0.00224367
0.13727703	0.00542543	0.00231557
0.13727703	0.00503753	0.00237014
0.13727703	0.00459205	0.00240147
0.13727703	0.00409292	0.00240557
0.13727703	0.00354434	0.00237996
0.13727703	0.00295062	0.00232337
0.13727703	0.00231609	0.00223541
0.13727703	0.00164503	0.00211637
0.13727703	0.00094171	0.00196712
0.13727703	0.00021033	0.00178893
0.13727703	-0.00054493	0.00158332
0.13727703	-0.00131991	0.00135186
0.13727703	-0.00211038	0.00109573
0.13727703	-0.00291194	0.00081499
0.13727703	-0.00371981	0.00050726
0.13727703	-0.00452847	0.00016569
0.13891994	-0.00498961	-0.00013724
0.13891994	-0.00416907	-0.00005953
0.13891994	-0.00335827	0.00004725
0.13891994	-0.00255811	0.00016499
0.13891994	-0.00177105	0.00028423
0.13891994	-0.00100039	0.00040059
0.13891994	-0.00024983	0.00051239
0.13891994	0.00047681	0.00061922
0.13891994	0.00117575	0.00072123
0.13891994	0.00184331	0.00081874
0.13891994	0.00247597	0.00091207
0.13891994	0.00307039	0.00100150
0.13891994	0.00362343	0.00108728
0.13891994	0.00413215	0.00116964
0.13891994	0.00459382	0.00124884
0.13891994	0.00500588	0.00132522
0.13891994	0.00536594	0.00139942
0.13891994	0.00567154	0.00147275
0.13891994	0.00591938	0.00154892
0.13891994	0.00610420	0.00163258
0.13891994	0.00621923	0.00172122
0.13891994	0.00626242	0.00179674
0.13891994	0.00626685	0.00182565
0.13891994	0.00626465	0.00185561
0.13891994	0.00622530	0.00193572
0.13891994	0.00611153	0.00203201
0.13891994	0.00592445	0.00212344
0.13891994	0.00567056	0.00220337
0.13891994	0.00535554	0.00227296
0.13891994	0.00498191	0.00232604
0.13891994	0.00455280	0.00235692
0.13891994	0.00407196	0.00236174
0.13891994	0.00354342	0.00233814
0.13891994	0.00297132	0.00228487
0.13891994	0.00235982	0.00220157
0.13891994	0.00171305	0.00208856
0.13891994	0.00103509	0.00194667
0.13891994	0.00032998	0.00177711
0.13891994	-0.00039826	0.00158137
0.13891994	-0.00114561	0.00136092
0.13891994	-0.00190801	0.00111686
0.13891994	-0.00268120	0.00084913
0.13891994	-0.00346053	0.00055522
0.13891994	-0.00424064	0.00022809
0.14049837	-0.00467885	-0.00006365
0.14049837	-0.00388810	0.00000633
0.14049837	-0.00310699	0.00010598
0.14049837	-0.00233630	0.00021719
0.14049837	-0.00157832	0.00033048
0.14049837	-0.00083619	0.00044138
0.14049837	-0.00011346	0.00054814
0.14049837	0.00058622	0.00065028
0.14049837	0.00125921	0.00074789
0.14049837	0.00190198	0.00084121
0.14049837	0.00251116	0.00093053
0.14049837	0.00308352	0.00101608
0.14049837	0.00361605	0.00109808
0.14049837	0.00410593	0.00117672
0.14049837	0.00455052	0.00125223
0.14049837	0.00494739	0.00132494
0.14049837	0.00529423	0.00139543
0.14049837	0.00558869	0.00146502
0.14049837	0.00582758	0.00153742
0.14049837	0.00600596	0.00161700
0.14049837	0.00611752	0.00170130
0.14049837	0.00615999	0.00177349
0.14049837	0.00616449	0.00180129
0.14049837	0.00616247	0.00183013
0.14049837	0.00612436	0.00190711
0.14049837	0.00601448	0.00199938
0.14049837	0.00583433	0.00208733
0.14049837	0.00558999	0.00216446
0.14049837	0.00528679	0.00223172
0.14049837	0.00492717	0.00228326
0.14049837	0.00451413	0.00231359
0.14049837	0.00405125	0.00231901
0.14049837	0.00354241	0.00229722
0.14049837	0.00299157	0.00224706
0.14049837	0.00240273	0.00216819
0.14049837	0.00177985	0.00206092
0.14049837	0.00112684	0.00192607
0.14049837	0.00044759	0.00176481
0.14049837	-0.00025404	0.00157856
0.14049837	-0.00097419	0.00136873
0.14049837	-0.00170893	0.00113633
0.14049837	-0.00245416	0.00088116
0.14049837	-0.00320537	0.00060061
0.14049837	-0.00395732	0.00028746
0.14200257	-0.00437594	0.00000600
0.14200257	-0.00361419	0.00006859
0.14200257	-0.00286199	0.00016147
0.14200257	-0.00211997	0.00026653
0.14200257	-0.00139030	0.00037421
0.14200257	-0.00067595	0.00048000
0.14200257	0.00001970	0.00058204
0.14200257	0.00069313	0.00067978
0.14200257	0.00134087	0.00077326
0.14200257	0.00195952	0.00086266
0.14200257	0.00254584	0.00094821
0.14200257	0.00309673	0.00103012
0.14200257	0.00360930	0.00110856
0.14200257	0.00408083	0.00118370
0.14200257	0.00450881	0.00125573
0.14200257	0.00489088	0.00132497
0.14200257	0.00522484	0.00139197
0.14200257	0.00550844	0.00145804
0.14200257	0.00573858	0.00152691
0.14200257	0.00591062	0.00160267
0.14200257	0.00601868	0.00168289
0.14200257	0.00606037	0.00175188
0.14200257	0.00606492	0.00177859
0.14200257	0.00606308	0.00180635
0.14200257	0.00602616	0.00188027
0.14200257	0.00591998	0.00196855
0.14200257	0.00574650	0.00205292
0.14200257	0.00551142	0.00212724
0.14200257	0.00521971	0.00219218
0.14200257	0.00487372	0.00224214
0.14200257	0.00447631	0.00227185
0.14200257	0.00403091	0.00227773
0.14200257	0.00354124	0.00225759
0.14200257	0.00301111	0.00221032
0.14200257	0.00244434	0.00213560
0.14200257	0.00184474	0.00203375
0.14200257	0.00121605	0.00190558
0.14200257	0.00056202	0.00175222
0.14200257	-0.00011366	0.00157503
0.14200257	-0.00080728	0.00137536
0.14200257	-0.00151504	0.00115410
0.14200257	-0.00223299	0.00091098
0.14200257	-0.00295675	0.00064322
0.14200257	-0.00368120	0.00034347
0.14342328	-0.00408385	0.00007134
0.14342328	-0.00335002	0.00012693
0.14342328	-0.00262565	0.00021344
0.14342328	-0.00191127	0.00031273
0.14342328	-0.00120887	0.00041519
0.14342328	-0.00052129	0.00051621
0.14342328	0.00014826	0.00061386
0.14342328	0.00079642	0.00070752
0.14342328	0.00141983	0.00079716
0.14342328	0.00201525	0.00088291
0.14342328	0.00257954	0.00096496
0.14342328	0.00310975	0.00104347
0.14342328	0.00360309	0.00111859
0.14342328	0.00405695	0.00119046
0.14342328	0.00446891	0.00125925
0.14342328	0.00483672	0.00132524
0.14342328	0.00515827	0.00138898
0.14342328	0.00543138	0.00145175
0.14342328	0.00565307	0.00151733
0.14342328	0.00581893	0.00158957
0.14342328	0.00592351	0.00166601
0.14342328	0.00596433	0.00173197
0.14342328	0.00596893	0.00175764
0.14342328	0.00596726	0.00178435
0.14342328	0.00593147	0.00185532
0.14342328	0.00582883	0.00193970
0.14342328	0.00566169	0.00202048
0.14342328	0.00543550	0.00209201
0.14342328	0.00515485	0.00215464
0.14342328	0.00482198	0.00220302
0.14342328	0.00443962	0.00223204
0.14342328	0.00401106	0.00223826
0.14342328	0.00353986	0.00221959
0.14342328	0.00302968	0.00217497
0.14342328	0.00248420	0.00210412
0.14342328	0.00190704	0.00200736
0.14342328	0.00130182	0.00188547
0.14342328	0.00067211	0.00173956
0.14342328	0.00002148	0.00157095
0.14342328	-0.00064652	0.00138088
0.14342328	-0.00132824	0.00117020
0.14342328	-0.00201984	0.00093850
0.14342328	-0.00271708	0.00068289
0.14342328	-0.00341497	0.00039587
0.14475174	-0.00380549	0.00013204
0.14475174	-0.00309824	0.00018106
0.14475174	-0.00240039	0.00026163
0.14475174	-0.00171233	0.00035557
0.14475174	-0.00103591	0.00045319
0.14475174	-0.00037382	0.00054981
0.14475174	0.00027088	0.00064341
0.14475174	0.00089496	0.00073332
0.14475174	0.00149520	0.00081943
0.14475174	0.00206848	0.00090182
0.14475174	0.00261180	0.00098064
0.14475174	0.00312231	0.00105602
0.14475174	0.00359733	0.00112807
0.14475174	0.00403436	0.00119691
0.14475174	0.00443107	0.00126270
0.14475174	0.00478529	0.00132568
0.14475174	0.00509499	0.00138640
0.14475174	0.00535811	0.00144610
0.14475174	0.00557173	0.00150864
0.14475174	0.00573166	0.00157765
0.14475174	0.00583280	0.00165064
0.14475174	0.00587269	0.00171378
0.14475174	0.00587729	0.00173846
0.14475174	0.00587577	0.00176417
0.14475174	0.00584107	0.00183234
0.14475174	0.00574180	0.00191300
0.14475174	0.00558066	0.00199025
0.14475174	0.00536290	0.00205903
0.14475174	0.00509276	0.00211942
0.14475174	0.00477238	0.00216621
0.14475174	0.00440434	0.00219449
0.14475174	0.00399182	0.00220095
0.14475174	0.00353822	0.00218358
0.14475174	0.00304706	0.00214137
0.14475174	0.00252186	0.00207408
0.14475174	0.00196610	0.00198204
0.14475174	0.00138326	0.00186600
0.14475174	0.00077676	0.00172706
0.14475174	0.00015001	0.00156646
0.14475174	-0.00049355	0.00138540
0.14475174	-0.00115040	0.00118463
0.14475174	-0.00181685	0.00096366
0.14475174	-0.00248876	0.00071947
0.14475174	-0.00316128	0.00044442
0.14597975	-0.00354370	0.00018780
0.14597975	-0.00286144	0.00023073
0.14597975	-0.00218852	0.00030581
0.14597975	-0.00152521	0.00039483
0.14597975	-0.00087322	0.00048802
0.14597975	-0.00023510	0.00058062
0.14597975	0.00038623	0.00067054
0.14597975	0.00098766	0.00075703
0.14597975	0.00156612	0.00083991
0.14597975	0.00211859	0.00091924
0.14597975	0.00264219	0.00099511
0.14597975	0.00313417	0.00106763
0.14597975	0.00359197	0.00113689
0.14597975	0.00401317	0.00120297
0.14597975	0.00439553	0.00126600
0.14597975	0.00473697	0.00132623
0.14597975	0.00503554	0.00138417
0.14597975	0.00528924	0.00144106
0.14597975	0.00549526	0.00150081
0.14597975	0.00564956	0.00156689
0.14597975	0.00574737	0.00163677
0.14597975	0.00578627	0.00169733
0.14597975	0.00579085	0.00172108
0.14597975	0.00578944	0.00174586
0.14597975	0.00575578	0.00181140
0.14597975	0.00565970	0.00188857
0.14597975	0.00550417	0.00196245
0.14597975	0.00529431	0.00202855
0.14597975	0.00503405	0.00208677
0.14597975	0.00472539	0.00213201
0.14597975	0.00437082	0.00215953
0.14597975	0.00397337	0.00216613
0.14597975	0.00353632	0.00214989
0.14597975	0.00306304	0.00210985
0.14597975	0.00255692	0.00204581
0.14597975	0.00202131	0.00195808
0.14597975	0.00145953	0.00184744
0.14597975	0.00087487	0.00171492
0.14597975	0.00027063	0.00156174
0.14597975	-0.00034991	0.00138903
0.14597975	-0.00098334	0.00119745
0.14597975	-0.00162609	0.00098643
0.14597975	-0.00227414	0.00075284
0.14597975	-0.00292274	0.00048889
0.14709975	-0.00330129	0.00023834
0.14709975	-0.00264331	0.00027549
0.14709975	-0.00199466	0.00034540
0.14709975	-0.00135544	0.00042978
0.14709975	-0.00072723	0.00051881
0.14709975	-0.00011244	0.00060764
0.14709975	0.00048613	0.00069409
0.14709975	0.00106552	0.00077735
0.14709975	0.00162277	0.00085719
0.14709975	0.00215499	0.00093362
0.14709975	0.00265940	0.00100669
0.14709975	0.00313336	0.00107647
0.14709975	0.00357440	0.00114303
0.14709975	0.00398019	0.00120641
0.14709975	0.00434860	0.00126673
0.14709975	0.00467763	0.00132419
0.14709975	0.00496540	0.00137920
0.14709975	0.00521007	0.00143285
0.14709975	0.00540773	0.00149310
0.14709975	0.00555578	0.00155819
0.14709975	0.00565006	0.00162549
0.14709975	0.00568818	0.00168342
0.14709975	0.00569280	0.00170626
0.14709975	0.00569146	0.00173012
0.14709975	0.00565840	0.00179287
0.14709975	0.00556532	0.00186657
0.14709975	0.00541585	0.00193845
0.14709975	0.00521466	0.00200494
0.14709975	0.00496373	0.00205980
0.14709975	0.00466631	0.00210237
0.14709975	0.00432476	0.00212811
0.14709975	0.00394197	0.00213394
0.14709975	0.00352105	0.00211802
0.14709975	0.00306525	0.00207943
0.14709975	0.00257777	0.00201797
0.14709975	0.00206185	0.00193395
0.14709975	0.00152065	0.00182811
0.14709975	0.00095735	0.00170145
0.14709975	0.00037509	0.00155513
0.14709975	-0.00022294	0.00139021
0.14709975	-0.00083348	0.00120728
0.14709975	-0.00145306	0.00100566
0.14709975	-0.00207777	0.00078211
0.14709975	-0.00270297	0.00052872
0.14810483	-0.00308102	0.00028339
0.14810483	-0.00244943	0.00031451
0.14810483	-0.00182722	0.00037909
0.14810483	-0.00121430	0.00045874
0.14810483	-0.00061206	0.00054350
0.14810483	-0.00002275	0.00062843
0.14810483	0.00055097	0.00071126
0.14810483	0.00110631	0.00079112
0.14810483	0.00164041	0.00086772
0.14810483	0.00215052	0.00094102
0.14810483	0.00263399	0.00101103
0.14810483	0.00308829	0.00107779
0.14810483	0.00351106	0.00114131
0.14810483	0.00390009	0.00120160
0.14810483	0.00425332	0.00125869
0.14810483	0.00456887	0.00131267
0.14810483	0.00484501	0.00136374
0.14810483	0.00508009	0.00141252
0.14810483	0.00526973	0.00146935
0.14810483	0.00540845	0.00153821
0.14810483	0.00549079	0.00161239
0.14810483	0.00551930	0.00167255
0.14810483	0.00552218	0.00169473
0.14810483	0.00552103	0.00171763
0.14810483	0.00549603	0.00178110
0.14810483	0.00541560	0.00186130
0.14810483	0.00527599	0.00193687
0.14810483	0.00508254	0.00199820
0.14810483	0.00484098	0.00204539
0.14810483	0.00455533	0.00208134
0.14810483	0.00422776	0.00210184
0.14810483	0.00386092	0.00210398
0.14810483	0.00345771	0.00208597
0.14810483	0.00302113	0.00204689
0.14810483	0.00255422	0.00198649
0.14810483	0.00206001	0.00190503
0.14810483	0.00154151	0.00180316
0.14810483	0.00100175	0.00168180
0.14810483	0.00044372	0.00154201
0.14810483	-0.00012954	0.00138475
0.14810483	-0.00071488	0.00121051
0.14810483	-0.00130896	0.00101849
0.14810483	-0.00190798	0.00080532
0.14810483	-0.00250736	0.00056288
0.14898879	-0.00288534	0.00032275
0.14898879	-0.00228362	0.00034743
0.14898879	-0.00169141	0.00040633
0.14898879	-0.00110837	0.00048089
0.14898879	-0.00053565	0.00056104
0.14898879	0.00002469	0.00064171
0.14898879	0.00057019	0.00072056
0.14898879	0.00109818	0.00079664
0.14898879	0.00160598	0.00086961
0.14898879	0.00209099	0.00093937
0.14898879	0.00255068	0.00100589
0.14898879	0.00298266	0.00106917
0.14898879	0.00338469	0.00112916
0.14898879	0.00375468	0.00118581
0.14898879	0.00409069	0.00123906
0.14898879	0.00439098	0.00128885
0.14898879	0.00465395	0.00133512
0.14898879	0.00487684	0.00138395
0.14898879	0.00505336	0.00144913
0.14898879	0.00517838	0.00152673
0.14898879	0.00524763	0.00160613
0.14898879	0.00526967	0.00166563
0.14898879	0.00527195	0.00168678
0.14898879	0.00527134	0.00170859
0.14898879	0.00525296	0.00177096
0.14898879	0.00518570	0.00185539
0.14898879	0.00505913	0.00193737
0.14898879	0.00487761	0.00200252
0.14898879	0.00464721	0.00204270
0.14898879	0.00437461	0.00206785
0.14898879	0.00406274	0.00207938
0.14898879	0.00371395	0.00207462
0.14898879	0.00333085	0.00205188
0.14898879	0.00291616	0.00201018
0.14898879	0.00247267	0.00194921
0.14898879	0.00200319	0.00186911
0.14898879	0.00151056	0.00177039
0.14898879	0.00099759	0.00165385
0.14898879	0.00046712	0.00152040
0.14898879	-0.00007795	0.00137088
0.14898879	-0.00063464	0.00120561
0.14898879	-0.00119971	0.00102367
0.14898879	-0.00176949	0.00082149
0.14898879	-0.00233944	0.00059075
0.14974618	-0.00271632	0.00035624
0.14974618	-0.00214837	0.00037406
0.14974618	-0.00159014	0.00042685
0.14974618	-0.00104093	0.00049589
0.14974618	-0.00050165	0.00057098
0.14974618	0.00002589	0.00064695
0.14974618	0.00053941	0.00072138
0.14974618	0.00103644	0.00079323
0.14974618	0.00151447	0.00086210
0.14974618	0.00197105	0.00092787
0.14974618	0.00240381	0.00099045
0.14974618	0.00281052	0.00104978
0.14974618	0.00318907	0.00110579
0.14974618	0.00353749	0.00115837
0.14974618	0.00385400	0.00120737
0.14974618	0.00413696	0.00125263
0.14974618	0.00438439	0.00129682
0.14974618	0.00459062	0.00135667
0.14974618	0.00475093	0.00143194
0.14974618	0.00486064	0.00151646
0.14974618	0.00491835	0.00159722
0.14974618	0.00493638	0.00165427
0.14974618	0.00493856	0.00167419
0.14974618	0.00493859	0.00169474
0.14974618	0.00492576	0.00175473
0.14974618	0.00487116	0.00184053
0.14974618	0.00475904	0.00192759
0.14974618	0.00459174	0.00199818
0.14974618	0.00437591	0.00204193
0.14974618	0.00411847	0.00205600
0.14974618	0.00382446	0.00205616
0.14974618	0.00349615	0.00204237
0.14974618	0.00313580	0.00201303
0.14974618	0.00274585	0.00196722
0.14974618	0.00232883	0.00190450
0.14974618	0.00188729	0.00182490
0.14974618	0.00142385	0.00172880
0.14974618	0.00094112	0.00161680
0.14974618	0.00044176	0.00148966
0.14974618	-0.00007151	0.00134806
0.14974618	-0.00059586	0.00119215
0.14974618	-0.00112820	0.00102083
0.14974618	-0.00166495	0.00083035
0.14974618	-0.00220164	0.00061210
0.15037234	-0.00257568	0.00038377
0.15037234	-0.00204452	0.00039449
0.15037234	-0.00152328	0.00044086
0.15037234	-0.00101092	0.00050404
0.15037234	-0.00050804	0.00057372
0.15037234	-0.00001622	0.00064463
0.15037234	0.00046249	0.00071427
0.15037234	0.00092582	0.00078153
0.15037234	0.00137144	0.00084597
0.15037234	0.00179707	0.00090741
0.15037234	0.00220053	0.00096573
0.15037234	0.00257972	0.00102085
0.15037234	0.00293268	0.00107265
0.15037234	0.00325761	0.00112098
0.15037234	0.00355283	0.00116568
0.15037234	0.00381664	0.00120786
0.15037234	0.00404444	0.00126239
0.15037234	0.00423215	0.00133198
0.15037234	0.00437587	0.00141323
0.15037234	0.00447205	0.00149939
0.15037234	0.00452169	0.00157759
0.15037234	0.00453771	0.00163107
0.15037234	0.00454001	0.00164960
0.15037234	0.00454063	0.00166878
0.15037234	0.00453188	0.00172542
0.15037234	0.00448739	0.00180929
0.15037234	0.00438861	0.00189749
0.15037234	0.00423591	0.00197091
0.15037234	0.00403616	0.00201932
0.15037234	0.00379626	0.00203668
0.15037234	0.00352206	0.00202618
0.15037234	0.00321620	0.00200308
0.15037234	0.00288069	0.00196683
0.15037234	0.00251767	0.00191655
0.15037234	0.00212940	0.00185179
0.15037234	0.00171820	0.00177249
0.15037234	0.00128645	0.00167887
0.15037234	0.00083656	0.00157141
0.15037234	0.00037098	0.00145068
0.15037234	-0.00010774	0.00131720
0.15037234	-0.00059694	0.00117094
0.15037234	-0.00109370	0.00101062
0.15037234	-0.00159453	0.00083229
0.15037234	-0.00209504	0.00062704
0.15086340	-0.00246487	0.00040523
0.15086340	-0.00197106	0.00040904
0.15086340	-0.00148735	0.00044906
0.15086340	-0.00101235	0.00050638
0.15086340	-0.00054639	0.00057062
0.15086340	-0.00009077	0.00063641
0.15086340	0.00035265	0.00070119
0.15086340	0.00078180	0.00076380
0.15086340	0.00119456	0.00082375
0.15086340	0.00158882	0.00088083
0.15086340	0.00196255	0.00093489
0.15086340	0.00231382	0.00098584
0.15086340	0.00264083	0.00103353
0.15086340	0.00294189	0.00107782
0.15086340	0.00321538	0.00111937
0.15086340	0.00345755	0.00116996
0.15086340	0.00366517	0.00123305
0.15086340	0.00383517	0.00130717
0.15086340	0.00396432	0.00138910
0.15086340	0.00405016	0.00147247
0.15086340	0.00409475	0.00154583
0.15086340	0.00410993	0.00159529
0.15086340	0.00411245	0.00161241
0.15086340	0.00411357	0.00163018
0.15086340	0.00410772	0.00168303
0.15086340	0.00407048	0.00176283
0.15086340	0.00398232	0.00184829
0.15086340	0.00384270	0.00192041
0.15086340	0.00365858	0.00196989
0.15086340	0.00343659	0.00199237
0.15086340	0.00318224	0.00198564
0.15086340	0.00289937	0.00195515
0.15086340	0.00258916	0.00191315
0.15086340	0.00225351	0.00185927
0.15086340	0.00189442	0.00179307
0.15086340	0.00151400	0.00171446
0.15086340	0.00111440	0.00162357
0.15086340	0.00069784	0.00152076
0.15086340	0.00026658	0.00140648
0.15086340	-0.00017704	0.00128107
0.15086340	-0.00063052	0.00114436
0.15086340	-0.00109107	0.00099491
0.15086340	-0.00155535	0.00082854
0.15086340	-0.00201900	0.00063611
0.15150000	-0.00232077	0.00043283
0.15150000	-0.00189371	0.00042482
0.15150000	-0.00147705	0.00045372
0.15150000	-0.00106878	0.00050064
0.15150000	-0.00066872	0.00055513
0.15150000	-0.00027776	0.00061173
0.15150000	0.00010265	0.00066778
0.15150000	0.00047080	0.00072205
0.15150000	0.00082488	0.00077399
0.15150000	0.00116310	0.00082334
0.15150000	0.00148373	0.00086995
0.15150000	0.00178512	0.00091369
0.15150000	0.00206561	0.00095583
0.15150000	0.00232240	0.00100291
0.15150000	0.00255358	0.00105639
0.15150000	0.00275716	0.00111656
0.15150000	0.00293107	0.00118307
0.15150000	0.00307315	0.00125478
0.15150000	0.00318124	0.00132926
0.15150000	0.00325400	0.00140178
0.15150000	0.00329336	0.00146410
0.15150000	0.00330812	0.00150597
0.15150000	0.00331104	0.00152053
0.15150000	0.00331283	0.00153573
0.15150000	0.00331026	0.00158134
0.15150000	0.00328080	0.00165096
0.15150000	0.00320560	0.00172487
0.15150000	0.00308537	0.00178631
0.15150000	0.00292722	0.00182915
0.15150000	0.00273678	0.00185160
0.15150000	0.00251812	0.00185321
0.15150000	0.00227443	0.00183416
0.15150000	0.00200832	0.00179518
0.15150000	0.00172168	0.00173904
0.15150000	0.00141496	0.00167297
0.15150000	0.00108978	0.00159763
0.15150000	0.00074794	0.00151312
0.15150000	0.00039130	0.00141966
0.15150000	0.00002179	0.00131755
0.15150000	-0.00035858	0.00120692
0.15150000	-0.00074761	0.00108736
0.15150000	-0.00114280	0.00095717
0.15150000	-0.00154102	0.00081188
0.15150000	-0.00193802	0.00064197
