1	2	44	43
2	3	45	44
3	4	46	45
4	5	47	46
5	6	48	47
6	7	49	48
7	8	50	49
8	9	51	50
9	10	52	51
10	11	53	52
11	12	54	53
12	13	55	54
13	14	56	55
14	15	57	56
15	16	58	57
16	17	59	58
17	18	60	59
18	19	61	60
19	20	62	61
20	21	63	62
21	22	64	63
22	23	65	64
23	24	66	65
24	25	67	66
25	26	68	67
26	27	69	68
27	28	70	69
28	29	71	70
29	30	72	71
30	31	73	72
31	32	74	73
32	33	75	74
33	34	76	75
34	35	77	76
35	36	78	77
36	37	79	78
37	38	80	79
38	39	81	80
39	40	82	81
40	41	83	82
41	42	84	83
42	1	43	84
43	44	86	85
44	45	87	86
45	46	88	87
46	47	89	88
47	48	90	89
48	49	91	90
49	50	92	91
50	51	93	92
51	52	94	93
52	53	95	94
53	54	96	95
54	55	97	96
55	56	98	97
56	57	99	98
57	58	100	99
58	59	101	100
59	60	102	101
60	61	103	102
61	62	104	103
62	63	105	104
63	64	106	105
64	65	107	106
65	66	108	107
66	67	109	108
67	68	110	109
68	69	111	110
69	70	112	111
70	71	113	112
71	72	114	113
72	73	115	114
73	74	116	115
74	75	117	116
75	76	118	117
76	77	119	118
77	78	120	119
78	79	121	120
79	80	122	121
80	81	123	122
81	82	124	123
82	83	125	124
83	84	126	125
84	43	85	126
85	86	128	127
86	87	129	128
87	88	130	129
88	89	131	130
89	90	132	131
90	91	133	132
91	92	134	133
92	93	135	134
93	94	136	135
94	95	137	136
95	96	138	137
96	97	139	138
97	98	140	139
98	99	141	140
99	100	142	141
100	101	143	142
101	102	144	143
102	103	145	144
103	104	146	145
104	105	147	146
105	106	148	147
106	107	149	148
107	108	150	149
108	109	151	150
109	110	152	151
110	111	153	152
111	112	154	153
112	113	155	154
113	114	156	155
114	115	157	156
115	116	158	157
116	117	159	158
117	118	160	159
118	119	161	160
119	120	162	161
120	121	163	162
121	122	164	163
122	123	165	164
123	124	166	165
124	125	167	166
125	126	168	167
126	85	127	168
127	128	170	169
128	129	171	170
129	130	172	171
130	131	173	172
131	132	174	173
132	133	175	174
133	134	176	175
134	135	177	176
135	136	178	177
136	137	179	178
137	138	180	179
138	139	181	180
139	140	182	181
140	141	183	182
141	142	184	183
142	143	185	184
143	144	186	185
144	145	187	186
145	146	188	187
146	147	189	188
147	148	190	189
148	149	191	190
149	150	192	191
150	151	193	192
151	152	194	193
152	153	195	194
153	154	196	195
154	155	197	196
155	156	198	197
156	157	199	198
157	158	200	199
158	159	201	200
159	160	202	201
160	161	203	202
161	162	204	203
162	163	205	204
163	164	206	205
164	165	207	206
165	166	208	207
166	167	209	208
167	168	210	209
168	127	169	210
169	170	212	211
170	171	213	212
171	172	214	213
172	173	215	214
173	174	216	215
174	175	217	216
175	176	218	217
176	177	219	218
177	178	220	219
178	179	221	220
179	180	222	221
180	181	223	222
181	182	224	223
182	183	225	224
183	184	226	225
184	185	227	226
185	186	228	227
186	187	229	228
187	188	230	229
188	189	231	230
189	190	232	231
190	191	233	232
191	192	234	233
192	193	235	234
193	194	236	235
194	195	237	236
195	196	238	237
196	197	239	238
197	198	240	239
198	199	241	240
199	200	242	241
200	201	243	242
201	202	244	243
202	203	245	244
203	204	246	245
204	205	247	246
205	206	248	247
206	207	249	248
207	208	250	249
208	209	251	250
209	210	252	251
210	169	211	252
211	212	254	253
212	213	255	254
213	214	256	255
214	215	257	256
215	216	258	257
216	217	259	258
217	218	260	259
218	219	261	260
219	220	262	261
220	221	263	262
221	222	264	263
222	223	265	264
223	224	266	265
224	225	267	266
225	226	268	267
226	227	269	268
227	228	270	269
228	229	271	270
229	230	272	271
230	231	273	272
231	232	274	273
232	233	275	274
233	234	276	275
234	235	277	276
235	236	278	277
236	237	279	278
237	238	280	279
238	239	281	280
239	240	282	281
240	241	283	282
241	242	284	283
242	243	285	284
243	244	286	285
244	245	287	286
245	246	288	287
246	247	289	288
247	248	290	289
248	249	291	290
249	250	292	291
250	251	293	292
251	252	294	293
252	211	253	294
253	254	296	295
254	255	297	296
255	256	298	297
256	257	299	298
257	258	300	299
258	259	301	300
259	260	302	301
260	261	303	302
261	262	304	303
262	263	305	304
263	264	306	305
264	265	307	306
265	266	308	307
266	267	309	308
267	268	310	309
268	269	311	310
269	270	312	311
270	271	313	312
271	272	314	313
272	273	315	314
273	274	316	315
274	275	317	316
275	276	318	317
276	277	319	318
277	278	320	319
278	279	321	320
279	280	322	321
280	281	323	322
281	282	324	323
282	283	325	324
283	284	326	325
284	285	327	326
285	286	328	327
286	287	329	328
287	288	330	329
288	289	331	330
289	290	332	331
290	291	333	332
291	292	334	333
292	293	335	334
293	294	336	335
294	253	295	336
295	296	338	337
296	297	339	338
297	298	340	339
298	299	341	340
299	300	342	341
300	301	343	342
301	302	344	343
302	303	345	344
303	304	346	345
304	305	347	346
305	306	348	347
306	307	349	348
307	308	350	349
308	309	351	350
309	310	352	351
310	311	353	352
311	312	354	353
312	313	355	354
313	314	356	355
314	315	357	356
315	316	358	357
316	317	359	358
317	318	360	359
318	319	361	360
319	320	362	361
320	321	363	362
321	322	364	363
322	323	365	364
323	324	366	365
324	325	367	366
325	326	368	367
326	327	369	368
327	328	370	369
328	329	371	370
329	330	372	371
330	331	373	372
331	332	374	373
332	333	375	374
333	334	376	375
334	335	377	376
335	336	378	377
336	295	337	378
337	338	380	379
338	339	381	380
339	340	382	381
340	341	383	382
341	342	384	383
342	343	385	384
343	344	386	385
344	345	387	386
345	346	388	387
346	347	389	388
347	348	390	389
348	349	391	390
349	350	392	391
350	351	393	392
351	352	394	393
352	353	395	394
353	354	396	395
354	355	397	396
355	356	398	397
356	357	399	398
357	358	400	399
358	359	401	400
359	360	402	401
360	361	403	402
361	362	404	403
362	363	405	404
363	364	406	405
364	365	407	406
365	366	408	407
366	367	409	408
367	368	410	409
368	369	411	410
369	370	412	411
370	371	413	412
371	372	414	413
372	373	415	414
373	374	416	415
374	375	417	416
375	376	418	417
376	377	419	418
377	378	420	419
378	337	379	420
379	380	422	421
380	381	423	422
381	382	424	423
382	383	425	424
383	384	426	425
384	385	427	426
385	386	428	427
386	387	429	428
387	388	430	429
388	389	431	430
389	390	432	431
390	391	433	432
391	392	434	433
392	393	435	434
393	394	436	435
394	395	437	436
395	396	438	437
396	397	439	438
397	398	440	439
398	399	441	440
399	400	442	441
400	401	443	442
401	402	444	443
402	403	445	444
403	404	446	445
404	405	447	446
405	406	448	447
406	407	449	448
407	408	450	449
408	409	451	450
409	410	452	451
410	411	453	452
411	412	454	453
412	413	455	454
413	414	456	455
414	415	457	456
415	416	458	457
416	417	459	458
417	418	460	459
418	419	461	460
419	420	462	461
420	379	421	462
421	422	464	463
422	423	465	464
423	424	466	465
424	425	467	466
425	426	468	467
426	427	469	468
427	428	470	469
428	429	471	470
429	430	472	471
430	431	473	472
431	432	474	473
432	433	475	474
433	434	476	475
434	435	477	476
435	436	478	477
436	437	479	478
437	438	480	479
438	439	481	480
439	440	482	481
440	441	483	482
441	442	484	483
442	443	485	484
443	444	486	485
444	445	487	486
445	446	488	487
446	447	489	488
447	448	490	489
448	449	491	490
449	450	492	491
450	451	493	492
451	452	494	493
452	453	495	494
453	454	496	495
454	455	497	496
455	456	498	497
456	457	499	498
457	458	500	499
458	459	501	500
459	460	502	501
460	461	503	502
461	462	504	503
462	421	463	504
463	464	506	505
464	465	507	506
465	466	508	507
466	467	509	508
467	468	510	509
468	469	511	510
469	470	512	511
470	471	513	512
471	472	514	513
472	473	515	514
473	474	516	515
474	475	517	516
475	476	518	517
476	477	519	518
477	478	520	519
478	479	521	520
479	480	522	521
480	481	523	522
481	482	524	523
482	483	525	524
483	484	526	525
484	485	527	526
485	486	528	527
486	487	529	528
487	488	530	529
488	489	531	530
489	490	532	531
490	491	533	532
491	492	534	533
492	493	535	534
493	494	536	535
494	495	537	536
495	496	538	537
496	497	539	538
497	498	540	539
498	499	541	540
499	500	542	541
500	501	543	542
501	502	544	543
502	503	545	544
503	504	546	545
504	463	505	546
505	506	548	547
506	507	549	548
507	508	550	549
508	509	551	550
509	510	552	551
510	511	553	552
511	512	554	553
512	513	555	554
513	514	556	555
514	515	557	556
515	516	558	557
516	517	559	558
517	518	560	559
518	519	561	560
519	520	562	561
520	521	563	562
521	522	564	563
522	523	565	564
523	524	566	565
524	525	567	566
525	526	568	567
526	527	569	568
527	528	570	569
528	529	571	570
529	530	572	571
530	531	573	572
531	532	574	573
532	533	575	574
533	534	576	575
534	535	577	576
535	536	578	577
536	537	579	578
537	538	580	579
538	539	581	580
539	540	582	581
540	541	583	582
541	542	584	583
542	543	585	584
543	544	586	585
544	545	587	586
545	546	588	587
546	505	547	588
547	548	590	589
548	549	591	590
549	550	592	591
550	551	593	592
551	552	594	593
552	553	595	594
553	554	596	595
554	555	597	596
555	556	598	597
556	557	599	598
557	558	600	599
558	559	601	600
559	560	602	601
560	561	603	602
561	562	604	603
562	563	605	604
563	564	606	605
564	565	607	606
565	566	608	607
566	567	609	608
567	568	610	609
568	569	611	610
569	570	612	611
570	571	613	612
571	572	614	613
572	573	615	614
573	574	616	615
574	575	617	616
575	576	618	617
576	577	619	618
577	578	620	619
578	579	621	620
579	580	622	621
580	581	623	622
581	582	624	623
582	583	625	624
583	584	626	625
584	585	627	626
585	586	628	627
586	587	629	628
587	588	630	629
588	547	589	630
589	590	632	631
590	591	633	632
591	592	634	633
592	593	635	634
593	594	636	635
594	595	637	636
595	596	638	637
596	597	639	638
597	598	640	639
598	599	641	640
599	600	642	641
600	601	643	642
601	602	644	643
602	603	645	644
603	604	646	645
604	605	647	646
605	606	648	647
606	607	649	648
607	608	650	649
608	609	651	650
609	610	652	651
610	611	653	652
611	612	654	653
612	613	655	654
613	614	656	655
614	615	657	656
615	616	658	657
616	617	659	658
617	618	660	659
618	619	661	660
619	620	662	661
620	621	663	662
621	622	664	663
622	623	665	664
623	624	666	665
624	625	667	666
625	626	668	667
626	627	669	668
627	628	670	669
628	629	671	670
629	630	672	671
630	589	631	672
631	632	674	673
632	633	675	674
633	634	676	675
634	635	677	676
635	636	678	677
636	637	679	678
637	638	680	679
638	639	681	680
639	640	682	681
640	641	683	682
641	642	684	683
642	643	685	684
643	644	686	685
644	645	687	686
645	646	688	687
646	647	689	688
647	648	690	689
648	649	691	690
649	650	692	691
650	651	693	692
651	652	694	693
652	653	695	694
653	654	696	695
654	655	697	696
655	656	698	697
656	657	699	698
657	658	700	699
658	659	701	700
659	660	702	701
660	661	703	702
661	662	704	703
662	663	705	704
663	664	706	705
664	665	707	706
665	666	708	707
666	667	709	708
667	668	710	709
668	669	711	710
669	670	712	711
670	671	713	712
671	672	714	713
672	631	673	714
673	674	716	715
674	675	717	716
675	676	718	717
676	677	719	718
677	678	720	719
678	679	721	720
679	680	722	721
680	681	723	722
681	682	724	723
682	683	725	724
683	684	726	725
684	685	727	726
685	686	728	727
686	687	729	728
687	688	730	729
688	689	731	730
689	690	732	731
690	691	733	732
691	692	734	733
692	693	735	734
693	694	736	735
694	695	737	736
695	696	738	737
696	697	739	738
697	698	740	739
698	699	741	740
699	700	742	741
700	701	743	742
701	702	744	743
702	703	745	744
703	704	746	745
704	705	747	746
705	706	748	747
706	707	749	748
707	708	750	749
708	709	751	750
709	710	752	751
710	711	753	752
711	712	754	753
712	713	755	754
713	714	756	755
714	673	715	756
715	716	758	757
716	717	759	758
717	718	760	759
718	719	761	760
719	720	762	761
720	721	763	762
721	722	764	763
722	723	765	764
723	724	766	765
724	725	767	766
725	726	768	767
726	727	769	768
727	728	770	769
728	729	771	770
729	730	772	771
730	731	773	772
731	732	774	773
732	733	775	774
733	734	776	775
734	735	777	776
735	736	778	777
736	737	779	778
737	738	780	779
738	739	781	780
739	740	782	781
740	741	783	782
741	742	784	783
742	743	785	784
743	744	786	785
744	745	787	786
745	746	788	787
746	747	789	788
747	748	790	789
748	749	791	790
749	750	792	791
750	751	793	792
751	752	794	793
752	753	795	794
753	754	796	795
754	755	797	796
755	756	798	797
756	715	757	798
757	758	800	799
758	759	801	800
759	760	802	801
760	761	803	802
761	762	804	803
762	763	805	804
763	764	806	805
764	765	807	806
765	766	808	807
766	767	809	808
767	768	810	809
768	769	811	810
769	770	812	811
770	771	813	812
771	772	814	813
772	773	815	814
773	774	816	815
774	775	817	816
775	776	818	817
776	777	819	818
777	778	820	819
778	779	821	820
779	780	822	821
780	781	823	822
781	782	824	823
782	783	825	824
783	784	826	825
784	785	827	826
785	786	828	827
786	787	829	828
787	788	830	829
788	789	831	830
789	790	832	831
790	791	833	832
791	792	834	833
792	793	835	834
793	794	836	835
794	795	837	836
795	796	838	837
796	797	839	838
797	798	840	839
798	757	799	840
799	800	842	841
800	801	843	842
801	802	844	843
802	803	845	844
803	804	846	845
804	805	847	846
805	806	848	847
806	807	849	848
807	808	850	849
808	809	851	850
809	810	852	851
810	811	853	852
811	812	854	853
812	813	855	854
813	814	856	855
814	815	857	856
815	816	858	857
816	817	859	858
817	818	860	859
818	819	861	860
819	820	862	861
820	821	863	862
821	822	864	863
822	823	865	864
823	824	866	865
824	825	867	866
825	826	868	867
826	827	869	868
827	828	870	869
828	829	871	870
829	830	872	871
830	831	873	872
831	832	874	873
832	833	875	874
833	834	876	875
834	835	877	876
835	836	878	877
836	837	879	878
837	838	880	879
838	839	881	880
839	840	882	881
840	799	841	882
841	842	884	883
842	843	885	884
843	844	886	885
844	845	887	886
845	846	888	887
846	847	889	888
847	848	890	889
848	849	891	890
849	850	892	891
850	851	893	892
851	852	894	893
852	853	895	894
853	854	896	895
854	855	897	896
855	856	898	897
856	857	899	898
857	858	900	899
858	859	901	900
859	860	902	901
860	861	903	902
861	862	904	903
862	863	905	904
863	864	906	905
864	865	907	906
865	866	908	907
866	867	909	908
867	868	910	909
868	869	911	910
869	870	912	911
870	871	913	912
871	872	914	913
872	873	915	914
873	874	916	915
874	875	917	916
875	876	918	917
876	877	919	918
877	878	920	919
878	879	921	920
879	880	922	921
880	881	923	922
881	882	924	923
882	841	883	924
883	884	926	925
884	885	927	926
885	886	928	927
886	887	929	928
887	888	930	929
888	889	931	930
889	890	932	931
890	891	933	932
891	892	934	933
892	893	935	934
893	894	936	935
894	895	937	936
895	896	938	937
896	897	939	938
897	898	940	939
898	899	941	940
899	900	942	941
900	901	943	942
901	902	944	943
902	903	945	944
903	904	946	945
904	905	947	946
905	906	948	947
906	907	949	948
907	908	950	949
908	909	951	950
909	910	952	951
910	911	953	952
911	912	954	953
912	913	955	954
913	914	956	955
914	915	957	956
915	916	958	957
916	917	959	958
917	918	960	959
918	919	961	960
919	920	962	961
920	921	963	962
921	922	964	963
922	923	965	964
923	924	966	965
924	883	925	966
925	926	968	967
926	927	969	968
927	928	970	969
928	929	971	970
929	930	972	971
930	931	973	972
931	932	974	973
932	933	975	974
933	934	976	975
934	935	977	976
935	936	978	977
936	937	979	978
937	938	980	979
938	939	981	980
939	940	982	981
940	941	983	982
941	942	984	983
942	943	985	984
943	944	986	985
944	945	987	986
945	946	988	987
946	947	989	988
947	948	990	989
948	949	991	990
949	950	992	991
950	951	993	992
951	952	994	993
952	953	995	994
953	954	996	995
954	955	997	996
955	956	998	997
956	957	999	998
957	958	1000	999
958	959	1001	1000
959	960	1002	1001
960	961	1003	1002
961	962	1004	1003
962	963	1005	1004
963	964	1006	1005
964	965	1007	1006
965	966	1008	1007
966	925	967	1008
967	968	1010	1009
968	969	1011	1010
969	970	1012	1011
970	971	1013	1012
971	972	1014	1013
972	973	1015	1014
973	974	1016	1015
974	975	1017	1016
975	976	1018	1017
976	977	1019	1018
977	978	1020	1019
978	979	1021	1020
979	980	1022	1021
980	981	1023	1022
981	982	1024	1023
982	983	1025	1024
983	984	1026	1025
984	985	1027	1026
985	986	1028	1027
986	987	1029	1028
987	988	1030	1029
988	989	1031	1030
989	990	1032	1031
990	991	1033	1032
991	992	1034	1033
992	993	1035	1034
993	994	1036	1035
994	995	1037	1036
995	996	1038	1037
996	997	1039	1038
997	998	1040	1039
998	999	1041	1040
999	1000	1042	1041
1000	1001	1043	1042
1001	1002	1044	1043
1002	1003	1045	1044
1003	1004	1046	1045
1004	1005	1047	1046
1005	1006	1048	1047
1006	1007	1049	1048
1007	1008	1050	1049
1008	967	1009	1050
1009	1010	1052	1051
1010	1011	1053	1052
1011	1012	1054	1053
1012	1013	1055	1054
1013	1014	1056	1055
1014	1015	1057	1056
1015	1016	1058	1057
1016	1017	1059	1058
1017	1018	1060	1059
1018	1019	1061	1060
1019	1020	1062	1061
1020	1021	1063	1062
1021	1022	1064	1063
1022	1023	1065	1064
1023	1024	1066	1065
1024	1025	1067	1066
1025	1026	1068	1067
1026	1027	1069	1068
1027	1028	1070	1069
1028	1029	1071	1070
1029	1030	1072	1071
1030	1031	1073	1072
1031	1032	1074	1073
1032	1033	1075	1074
1033	1034	1076	1075
1034	1035	1077	1076
1035	1036	1078	1077
1036	1037	1079	1078
1037	1038	1080	1079
1038	1039	1081	1080
1039	1040	1082	1081
1040	1041	1083	1082
1041	1042	1084	1083
1042	1043	1085	1084
1043	1044	1086	1085
1044	1045	1087	1086
1045	1046	1088	1087
1046	1047	1089	1088
1047	1048	1090	1089
1048	1049	1091	1090
1049	1050	1092	1091
1050	1009	1051	1092
1051	1052	1094	1093
1052	1053	1095	1094
1053	1054	1096	1095
1054	1055	1097	1096
1055	1056	1098	1097
1056	1057	1099	1098
1057	1058	1100	1099
1058	1059	1101	1100
1059	1060	1102	1101
1060	1061	1103	1102
1061	1062	1104	1103
1062	1063	1105	1104
1063	1064	1106	1105
1064	1065	1107	1106
1065	1066	1108	1107
1066	1067	1109	1108
1067	1068	1110	1109
1068	1069	1111	1110
1069	1070	1112	1111
1070	1071	1113	1112
1071	1072	1114	1113
1072	1073	1115	1114
1073	1074	1116	1115
1074	1075	1117	1116
1075	1076	1118	1117
1076	1077	1119	1118
1077	1078	1120	1119
1078	1079	1121	1120
1079	1080	1122	1121
1080	1081	1123	1122
1081	1082	1124	1123
1082	1083	1125	1124
1083	1084	1126	1125
1084	1085	1127	1126
1085	1086	1128	1127
1086	1087	1129	1128
1087	1088	1130	1129
1088	1089	1131	1130
1089	1090	1132	1131
1090	1091	1133	1132
1091	1092	1134	1133
1092	1051	1093	1134
1093	1094	1136	1135
1094	1095	1137	1136
1095	1096	1138	1137
1096	1097	1139	1138
1097	1098	1140	1139
1098	1099	1141	1140
1099	1100	1142	1141
1100	1101	1143	1142
1101	1102	1144	1143
1102	1103	1145	1144
1103	1104	1146	1145
1104	1105	1147	1146
1105	1106	1148	1147
1106	1107	1149	1148
1107	1108	1150	1149
1108	1109	1151	1150
1109	1110	1152	1151
1110	1111	1153	1152
1111	1112	1154	1153
1112	1113	1155	1154
1113	1114	1156	1155
1114	1115	1157	1156
1115	1116	1158	1157
1116	1117	1159	1158
1117	1118	1160	1159
1118	1119	1161	1160
1119	1120	1162	1161
1120	1121	1163	1162
1121	1122	1164	1163
1122	1123	1165	1164
1123	1124	1166	1165
1124	1125	1167	1166
1125	1126	1168	1167
1126	1127	1169	1168
1127	1128	1170	1169
1128	1129	1171	1170
1129	1130	1172	1171
1130	1131	1173	1172
1131	1132	1174	1173
1132	1133	1175	1174
1133	1134	1176	1175
1134	1093	1135	1176
1135	1136	1178	1177
1136	1137	1179	1178
1137	1138	1180	1179
1138	1139	1181	1180
1139	1140	1182	1181
1140	1141	1183	1182
1141	1142	1184	1183
1142	1143	1185	1184
1143	1144	1186	1185
1144	1145	1187	1186
1145	1146	1188	1187
1146	1147	1189	1188
1147	1148	1190	1189
1148	1149	1191	1190
1149	1150	1192	1191
1150	1151	1193	1192
1151	1152	1194	1193
1152	1153	1195	1194
1153	1154	1196	1195
1154	1155	1197	1196
1155	1156	1198	1197
1156	1157	1199	1198
1157	1158	1200	1199
1158	1159	1201	1200
1159	1160	1202	1201
1160	1161	1203	1202
1161	1162	1204	1203
1162	1163	1205	1204
1163	1164	1206	1205
1164	1165	1207	1206
1165	1166	1208	1207
1166	1167	1209	1208
1167	1168	1210	1209
1168	1169	1211	1210
1169	1170	1212	1211
1170	1171	1213	1212
1171	1172	1214	1213
1172	1173	1215	1214
1173	1174	1216	1215
1174	1175	1217	1216
1175	1176	1218	1217
1176	1135	1177	1218
1177	1178	1220	1219
1178	1179	1221	1220
1179	1180	1222	1221
1180	1181	1223	1222
1181	1182	1224	1223
1182	1183	1225	1224
1183	1184	1226	1225
1184	1185	1227	1226
1185	1186	1228	1227
1186	1187	1229	1228
1187	1188	1230	1229
1188	1189	1231	1230
1189	1190	1232	1231
1190	1191	1233	1232
1191	1192	1234	1233
1192	1193	1235	1234
1193	1194	1236	1235
1194	1195	1237	1236
1195	1196	1238	1237
1196	1197	1239	1238
1197	1198	1240	1239
1198	1199	1241	1240
1199	1200	1242	1241
1200	1201	1243	1242
1201	1202	1244	1243
1202	1203	1245	1244
1203	1204	1246	1245
1204	1205	1247	1246
1205	1206	1248	1247
1206	1207	1249	1248
1207	1208	1250	1249
1208	1209	1251	1250
1209	1210	1252	1251
1210	1211	1253	1252
1211	1212	1254	1253
1212	1213	1255	1254
1213	1214	1256	1255
1214	1215	1257	1256
1215	1216	1258	1257
1216	1217	1259	1258
1217	1218	1260	1259
1218	1177	1219	1260
1219	1220	1262	1261
1220	1221	1263	1262
1221	1222	1264	1263
1222	1223	1265	1264
1223	1224	1266	1265
1224	1225	1267	1266
1225	1226	1268	1267
1226	1227	1269	1268
1227	1228	1270	1269
1228	1229	1271	1270
1229	1230	1272	1271
1230	1231	1273	1272
1231	1232	1274	1273
1232	1233	1275	1274
1233	1234	1276	1275
1234	1235	1277	1276
1235	1236	1278	1277
1236	1237	1279	1278
1237	1238	1280	1279
1238	1239	1281	1280
1239	1240	1282	1281
1240	1241	1283	1282
1241	1242	1284	1283
1242	1243	1285	1284
1243	1244	1286	1285
1244	1245	1287	1286
1245	1246	1288	1287
1246	1247	1289	1288
1247	1248	1290	1289
1248	1249	1291	1290
1249	1250	1292	1291
1250	1251	1293	1292
1251	1252	1294	1293
1252	1253	1295	1294
1253	1254	1296	1295
1254	1255	1297	1296
1255	1256	1298	1297
1256	1257	1299	1298
1257	1258	1300	1299
1258	1259	1301	1300
1259	1260	1302	1301
1260	1219	1261	1302
1261	1262	1304	1303
1262	1263	1305	1304
1263	1264	1306	1305
1264	1265	1307	1306
1265	1266	1308	1307
1266	1267	1309	1308
1267	1268	1310	1309
1268	1269	1311	1310
1269	1270	1312	1311
1270	1271	1313	1312
1271	1272	1314	1313
1272	1273	1315	1314
1273	1274	1316	1315
1274	1275	1317	1316
1275	1276	1318	1317
1276	1277	1319	1318
1277	1278	1320	1319
1278	1279	1321	1320
1279	1280	1322	1321
1280	1281	1323	1322
1281	1282	1324	1323
1282	1283	1325	1324
1283	1284	1326	1325
1284	1285	1327	1326
1285	1286	1328	1327
1286	1287	1329	1328
1287	1288	1330	1329
1288	1289	1331	1330
1289	1290	1332	1331
1290	1291	1333	1332
1291	1292	1334	1333
1292	1293	1335	1334
1293	1294	1336	1335
1294	1295	1337	1336
1295	1296	1338	1337
1296	1297	1339	1338
1297	1298	1340	1339
1298	1299	1341	1340
1299	1300	1342	1341
1300	1301	1343	1342
1301	1302	1344	1343
1302	1261	1303	1344
1303	1304	1346	1345
1304	1305	1347	1346
1305	1306	1348	1347
1306	1307	1349	1348
1307	1308	1350	1349
1308	1309	1351	1350
1309	1310	1352	1351
1310	1311	1353	1352
1311	1312	1354	1353
1312	1313	1355	1354
1313	1314	1356	1355
1314	1315	1357	1356
1315	1316	1358	1357
1316	1317	1359	1358
1317	1318	1360	1359
1318	1319	1361	1360
1319	1320	1362	1361
1320	1321	1363	1362
1321	1322	1364	1363
1322	1323	1365	1364
1323	1324	1366	1365
1324	1325	1367	1366
1325	1326	1368	1367
1326	1327	1369	1368
1327	1328	1370	1369
1328	1329	1371	1370
1329	1330	1372	1371
1330	1331	1373	1372
1331	1332	1374	1373
1332	1333	1375	1374
1333	1334	1376	1375
1334	1335	1377	1376
1335	1336	1378	1377
1336	1337	1379	1378
1337	1338	1380	1379
1338	1339	1381	1380
1339	1340	1382	1381
1340	1341	1383	1382
1341	1342	1384	1383
1342	1343	1385	1384
1343	1344	1386	1385
1344	1303	1345	1386
1345	1346	1388	1387
1346	1347	1389	1388
1347	1348	1390	1389
1348	1349	1391	1390
1349	1350	1392	1391
1350	1351	1393	1392
1351	1352	1394	1393
1352	1353	1395	1394
1353	1354	1396	1395
1354	1355	1397	1396
1355	1356	1398	1397
1356	1357	1399	1398
1357	1358	1400	1399
1358	1359	1401	1400
1359	1360	1402	1401
1360	1361	1403	1402
1361	1362	1404	1403
1362	1363	1405	1404
1363	1364	1406	1405
1364	1365	1407	1406
1365	1366	1408	1407
1366	1367	1409	1408
1367	1368	1410	1409
1368	1369	1411	1410
1369	1370	1412	1411
1370	1371	1413	1412
1371	1372	1414	1413
1372	1373	1415	1414
1373	1374	1416	1415
1374	1375	1417	1416
1375	1376	1418	1417
1376	1377	1419	1418
1377	1378	1420	1419
1378	1379	1421	1420
1379	1380	1422	1421
1380	1381	1423	1422
1381	1382	1424	1423
1382	1383	1425	1424
1383	1384	1426	1425
1384	1385	1427	1426
1385	1386	1428	1427
1386	1345	1387	1428
1387	1388	1430	1429
1388	1389	1431	1430
1389	1390	1432	1431
1390	1391	1433	1432
1391	1392	1434	1433
1392	1393	1435	1434
1393	1394	1436	1435
1394	1395	1437	1436
1395	1396	1438	1437
1396	1397	1439	1438
1397	1398	1440	1439
1398	1399	1441	1440
1399	1400	1442	1441
1400	1401	1443	1442
1401	1402	1444	1443
1402	1403	1445	1444
1403	1404	1446	1445
1404	1405	1447	1446
1405	1406	1448	1447
1406	1407	1449	1448
1407	1408	1450	1449
1408	1409	1451	1450
1409	1410	1452	1451
1410	1411	1453	1452
1411	1412	1454	1453
1412	1413	1455	1454
1413	1414	1456	1455
1414	1415	1457	1456
1415	1416	1458	1457
1416	1417	1459	1458
1417	1418	1460	1459
1418	1419	1461	1460
1419	1420	1462	1461
1420	1421	1463	1462
1421	1422	1464	1463
1422	1423	1465	1464
1423	1424	1466	1465
1424	1425	1467	1466
1425	1426	1468	1467
1426	1427	1469	1468
1427	1428	1470	1469
1428	1387	1429	1470
1429	1430	1472	1471
1430	1431	1473	1472
1431	1432	1474	1473
1432	1433	1475	1474
1433	1434	1476	1475
1434	1435	1477	1476
1435	1436	1478	1477
1436	1437	1479	1478
1437	1438	1480	1479
1438	1439	1481	1480
1439	1440	1482	1481
1440	1441	1483	1482
1441	1442	1484	1483
1442	1443	1485	1484
1443	1444	1486	1485
1444	1445	1487	1486
1445	1446	1488	1487
1446	1447	1489	1488
1447	1448	1490	1489
1448	1449	1491	1490
1449	1450	1492	1491
1450	1451	1493	1492
1451	1452	1494	1493
1452	1453	1495	1494
1453	1454	1496	1495
1454	1455	1497	1496
1455	1456	1498	1497
1456	1457	1499	1498
1457	1458	1500	1499
1458	1459	1501	1500
1459	1460	1502	1501
1460	1461	1503	1502
1461	1462	1504	1503
1462	1463	1505	1504
1463	1464	1506	1505
1464	1465	1507	1506
1465	1466	1508	1507
1466	1467	1509	1508
1467	1468	1510	1509
1468	1469	1511	1510
1469	1470	1512	1511
1470	1429	1471	1512
1471	1472	1514	1513
1472	1473	1515	1514
1473	1474	1516	1515
1474	1475	1517	1516
1475	1476	1518	1517
1476	1477	1519	1518
1477	1478	1520	1519
1478	1479	1521	1520
1479	1480	1522	1521
1480	1481	1523	1522
1481	1482	1524	1523
1482	1483	1525	1524
1483	1484	1526	1525
1484	1485	1527	1526
1485	1486	1528	1527
1486	1487	1529	1528
1487	1488	1530	1529
1488	1489	1531	1530
1489	1490	1532	1531
1490	1491	1533	1532
1491	1492	1534	1533
1492	1493	1535	1534
1493	1494	1536	1535
1494	1495	1537	1536
1495	1496	1538	1537
1496	1497	1539	1538
1497	1498	1540	1539
1498	1499	1541	1540
1499	1500	1542	1541
1500	1501	1543	1542
1501	1502	1544	1543
1502	1503	1545	1544
1503	1504	1546	1545
1504	1505	1547	1546
1505	1506	1548	1547
1506	1507	1549	1548
1507	1508	1550	1549
1508	1509	1551	1550
1509	1510	1552	1551
1510	1511	1553	1552
1511	1512	1554	1553
1512	1471	1513	1554
1513	1514	1556	1555
1514	1515	1557	1556
1515	1516	1558	1557
1516	1517	1559	1558
1517	1518	1560	1559
1518	1519	1561	1560
1519	1520	1562	1561
1520	1521	1563	1562
1521	1522	1564	1563
1522	1523	1565	1564
1523	1524	1566	1565
1524	1525	1567	1566
1525	1526	1568	1567
1526	1527	1569	1568
1527	1528	1570	1569
1528	1529	1571	1570
1529	1530	1572	1571
1530	1531	1573	1572
1531	1532	1574	1573
1532	1533	1575	1574
1533	1534	1576	1575
1534	1535	1577	1576
1535	1536	1578	1577
1536	1537	1579	1578
1537	1538	1580	1579
1538	1539	1581	1580
1539	1540	1582	1581
1540	1541	1583	1582
1541	1542	1584	1583
1542	1543	1585	1584
1543	1544	1586	1585
1544	1545	1587	1586
1545	1546	1588	1587
1546	1547	1589	1588
1547	1548	1590	1589
1548	1549	1591	1590
1549	1550	1592	1591
1550	1551	1593	1592
1551	1552	1594	1593
1552	1553	1595	1594
1553	1554	1596	1595
1554	1513	1555	1596
1555	1556	1598	1597
1556	1557	1599	1598
1557	1558	1600	1599
1558	1559	1601	1600
1559	1560	1602	1601
1560	1561	1603	1602
1561	1562	1604	1603
1562	1563	1605	1604
1563	1564	1606	1605
1564	1565	1607	1606
1565	1566	1608	1607
1566	1567	1609	1608
1567	1568	1610	1609
1568	1569	1611	1610
1569	1570	1612	1611
1570	1571	1613	1612
1571	1572	1614	1613
1572	1573	1615	1614
1573	1574	1616	1615
1574	1575	1617	1616
1575	1576	1618	1617
1576	1577	1619	1618
1577	1578	1620	1619
1578	1579	1621	1620
1579	1580	1622	1621
1580	1581	1623	1622
1581	1582	1624	1623
1582	1583	1625	1624
1583	1584	1626	1625
1584	1585	1627	1626
1585	1586	1628	1627
1586	1587	1629	1628
1587	1588	1630	1629
1588	1589	1631	1630
1589	1590	1632	1631
1590	1591	1633	1632
1591	1592	1634	1633
1592	1593	1635	1634
1593	1594	1636	1635
1594	1595	1637	1636
1595	1596	1638	1637
1596	1555	1597	1638
1597	1598	1640	1639
1598	1599	1641	1640
1599	1600	1642	1641
1600	1601	1643	1642
1601	1602	1644	1643
1602	1603	1645	1644
1603	1604	1646	1645
1604	1605	1647	1646
1605	1606	1648	1647
1606	1607	1649	1648
1607	1608	1650	1649
1608	1609	1651	1650
1609	1610	1652	1651
1610	1611	1653	1652
1611	1612	1654	1653
1612	1613	1655	1654
1613	1614	1656	1655
1614	1615	1657	1656
1615	1616	1658	1657
1616	1617	1659	1658
1617	1618	1660	1659
1618	1619	1661	1660
1619	1620	1662	1661
1620	1621	1663	1662
1621	1622	1664	1663
1622	1623	1665	1664
1623	1624	1666	1665
1624	1625	1667	1666
1625	1626	1668	1667
1626	1627	1669	1668
1627	1628	1670	1669
1628	1629	1671	1670
1629	1630	1672	1671
1630	1631	1673	1672
1631	1632	1674	1673
1632	1633	1675	1674
1633	1634	1676	1675
1634	1635	1677	1676
1635	1636	1678	1677
1636	1637	1679	1678
1637	1638	1680	1679
1638	1597	1639	1680
1639	1640	1682	1681
1640	1641	1683	1682
1641	1642	1684	1683
1642	1643	1685	1684
1643	1644	1686	1685
1644	1645	1687	1686
1645	1646	1688	1687
1646	1647	1689	1688
1647	1648	1690	1689
1648	1649	1691	1690
1649	1650	1692	1691
1650	1651	1693	1692
1651	1652	1694	1693
1652	1653	1695	1694
1653	1654	1696	1695
1654	1655	1697	1696
1655	1656	1698	1697
1656	1657	1699	1698
1657	1658	1700	1699
1658	1659	1701	1700
1659	1660	1702	1701
1660	1661	1703	1702
1661	1662	1704	1703
1662	1663	1705	1704
1663	1664	1706	1705
1664	1665	1707	1706
1665	1666	1708	1707
1666	1667	1709	1708
1667	1668	1710	1709
1668	1669	1711	1710
1669	1670	1712	1711
1670	1671	1713	1712
1671	1672	1714	1713
1672	1673	1715	1714
1673	1674	1716	1715
1674	1675	1717	1716
1675	1676	1718	1717
1676	1677	1719	1718
1677	1678	1720	1719
1678	1679	1721	1720
1679	1680	1722	1721
1680	1639	1681	1722
1681	1682	1724	1723
1682	1683	1725	1724
1683	1684	1726	1725
1684	1685	1727	1726
1685	1686	1728	1727
1686	1687	1729	1728
1687	1688	1730	1729
1688	1689	1731	1730
1689	1690	1732	1731
1690	1691	1733	1732
1691	1692	1734	1733
1692	1693	1735	1734
1693	1694	1736	1735
1694	1695	1737	1736
1695	1696	1738	1737
1696	1697	1739	1738
1697	1698	1740	1739
1698	1699	1741	1740
1699	1700	1742	1741
1700	1701	1743	1742
1701	1702	1744	1743
1702	1703	1745	1744
1703	1704	1746	1745
1704	1705	1747	1746
1705	1706	1748	1747
1706	1707	1749	1748
1707	1708	1750	1749
1708	1709	1751	1750
1709	1710	1752	1751
1710	1711	1753	1752
1711	1712	1754	1753
1712	1713	1755	1754
1713	1714	1756	1755
1714	1715	1757	1756
1715	1716	1758	1757
1716	1717	1759	1758
1717	1718	1760	1759
1718	1719	1761	1760
1719	1720	1762	1761
1720	1721	1763	1762
1721	1722	1764	1763
1722	1681	1723	1764
1723	1724	1766	1765
1724	1725	1767	1766
1725	1726	1768	1767
1726	1727	1769	1768
1727	1728	1770	1769
1728	1729	1771	1770
1729	1730	1772	1771
1730	1731	1773	1772
1731	1732	1774	1773
1732	1733	1775	1774
1733	1734	1776	1775
1734	1735	1777	1776
1735	1736	1778	1777
1736	1737	1779	1778
1737	1738	1780	1779
1738	1739	1781	1780
1739	1740	1782	1781
1740	1741	1783	1782
1741	1742	1784	1783
1742	1743	1785	1784
1743	1744	1786	1785
1744	1745	1787	1786
1745	1746	1788	1787
1746	1747	1789	1788
1747	1748	1790	1789
1748	1749	1791	1790
1749	1750	1792	1791
1750	1751	1793	1792
1751	1752	1794	1793
1752	1753	1795	1794
1753	1754	1796	1795
1754	1755	1797	1796
1755	1756	1798	1797
1756	1757	1799	1798
1757	1758	1800	1799
1758	1759	1801	1800
1759	1760	1802	1801
1760	1761	1803	1802
1761	1762	1804	1803
1762	1763	1805	1804
1763	1764	1806	1805
1764	1723	1765	1806
1765	1766	1808	1807
1766	1767	1809	1808
1767	1768	1810	1809
1768	1769	1811	1810
1769	1770	1812	1811
1770	1771	1813	1812
1771	1772	1814	1813
1772	1773	1815	1814
1773	1774	1816	1815
1774	1775	1817	1816
1775	1776	1818	1817
1776	1777	1819	1818
1777	1778	1820	1819
1778	1779	1821	1820
1779	1780	1822	1821
1780	1781	1823	1822
1781	1782	1824	1823
1782	1783	1825	1824
1783	1784	1826	1825
1784	1785	1827	1826
1785	1786	1828	1827
1786	1787	1829	1828
1787	1788	1830	1829
1788	1789	1831	1830
1789	1790	1832	1831
1790	1791	1833	1832
1791	1792	1834	1833
1792	1793	1835	1834
1793	1794	1836	1835
1794	1795	1837	1836
1795	1796	1838	1837
1796	1797	1839	1838
1797	1798	1840	1839
1798	1799	1841	1840
1799	1800	1842	1841
1800	1801	1843	1842
1801	1802	1844	1843
1802	1803	1845	1844
1803	1804	1846	1845
1804	1805	1847	1846
1805	1806	1848	1847
1806	1765	1807	1848
1807	1808	1850	1849
1808	1809	1851	1850
1809	1810	1852	1851
1810	1811	1853	1852
1811	1812	1854	1853
1812	1813	1855	1854
1813	1814	1856	1855
1814	1815	1857	1856
1815	1816	1858	1857
1816	1817	1859	1858
1817	1818	1860	1859
1818	1819	1861	1860
1819	1820	1862	1861
1820	1821	1863	1862
1821	1822	1864	1863
1822	1823	1865	1864
1823	1824	1866	1865
1824	1825	1867	1866
1825	1826	1868	1867
1826	1827	1869	1868
1827	1828	1870	1869
1828	1829	1871	1870
1829	1830	1872	1871
1830	1831	1873	1872
1831	1832	1874	1873
1832	1833	1875	1874
1833	1834	1876	1875
1834	1835	1877	1876
1835	1836	1878	1877
1836	1837	1879	1878
1837	1838	1880	1879
1838	1839	1881	1880
1839	1840	1882	1881
1840	1841	1883	1882
1841	1842	1884	1883
1842	1843	1885	1884
1843	1844	1886	1885
1844	1845	1887	1886
1845	1846	1888	1887
1846	1847	1889	1888
1847	1848	1890	1889
1848	1807	1849	1890
1849	1850	1892	1891
1850	1851	1893	1892
1851	1852	1894	1893
1852	1853	1895	1894
1853	1854	1896	1895
1854	1855	1897	1896
1855	1856	1898	1897
1856	1857	1899	1898
1857	1858	1900	1899
1858	1859	1901	1900
1859	1860	1902	1901
1860	1861	1903	1902
1861	1862	1904	1903
1862	1863	1905	1904
1863	1864	1906	1905
1864	1865	1907	1906
1865	1866	1908	1907
1866	1867	1909	1908
1867	1868	1910	1909
1868	1869	1911	1910
1869	1870	1912	1911
1870	1871	1913	1912
1871	1872	1914	1913
1872	1873	1915	1914
1873	1874	1916	1915
1874	1875	1917	1916
1875	1876	1918	1917
1876	1877	1919	1918
1877	1878	1920	1919
1878	1879	1921	1920
1879	1880	1922	1921
1880	1881	1923	1922
1881	1882	1924	1923
1882	1883	1925	1924
1883	1884	1926	1925
1884	1885	1927	1926
1885	1886	1928	1927
1886	1887	1929	1928
1887	1888	1930	1929
1888	1889	1931	1930
1889	1890	1932	1931
1890	1849	1891	1932
1891	1892	1934	1933
1892	1893	1935	1934
1893	1894	1936	1935
1894	1895	1937	1936
1895	1896	1938	1937
1896	1897	1939	1938
1897	1898	1940	1939
1898	1899	1941	1940
1899	1900	1942	1941
1900	1901	1943	1942
1901	1902	1944	1943
1902	1903	1945	1944
1903	1904	1946	1945
1904	1905	1947	1946
1905	1906	1948	1947
1906	1907	1949	1948
1907	1908	1950	1949
1908	1909	1951	1950
1909	1910	1952	1951
1910	1911	1953	1952
1911	1912	1954	1953
1912	1913	1955	1954
1913	1914	1956	1955
1914	1915	1957	1956
1915	1916	1958	1957
1916	1917	1959	1958
1917	1918	1960	1959
1918	1919	1961	1960
1919	1920	1962	1961
1920	1921	1963	1962
1921	1922	1964	1963
1922	1923	1965	1964
1923	1924	1966	1965
1924	1925	1967	1966
1925	1926	1968	1967
1926	1927	1969	1968
1927	1928	1970	1969
1928	1929	1971	1970
1929	1930	1972	1971
1930	1931	1973	1972
1931	1932	1974	1973
1932	1891	1933	1974
1933	1934	1976	1975
1934	1935	1977	1976
1935	1936	1978	1977
1936	1937	1979	1978
1937	1938	1980	1979
1938	1939	1981	1980
1939	1940	1982	1981
1940	1941	1983	1982
1941	1942	1984	1983
1942	1943	1985	1984
1943	1944	1986	1985
1944	1945	1987	1986
1945	1946	1988	1987
1946	1947	1989	1988
1947	1948	1990	1989
1948	1949	1991	1990
1949	1950	1992	1991
1950	1951	1993	1992
1951	1952	1994	1993
1952	1953	1995	1994
1953	1954	1996	1995
1954	1955	1997	1996
1955	1956	1998	1997
1956	1957	1999	1998
1957	1958	2000	1999
1958	1959	2001	2000
1959	1960	2002	2001
1960	1961	2003	2002
1961	1962	2004	2003
1962	1963	2005	2004
1963	1964	2006	2005
1964	1965	2007	2006
1965	1966	2008	2007
1966	1967	2009	2008
1967	1968	2010	2009
1968	1969	2011	2010
1969	1970	2012	2011
1970	1971	2013	2012
1971	1972	2014	2013
1972	1973	2015	2014
1973	1974	2016	2015
1974	1933	1975	2016
1975	1976	2018	2017
1976	1977	2019	2018
1977	1978	2020	2019
1978	1979	2021	2020
1979	1980	2022	2021
1980	1981	2023	2022
1981	1982	2024	2023
1982	1983	2025	2024
1983	1984	2026	2025
1984	1985	2027	2026
1985	1986	2028	2027
1986	1987	2029	2028
1987	1988	2030	2029
1988	1989	2031	2030
1989	1990	2032	2031
1990	1991	2033	2032
1991	1992	2034	2033
1992	1993	2035	2034
1993	1994	2036	2035
1994	1995	2037	2036
1995	1996	2038	2037
1996	1997	2039	2038
1997	1998	2040	2039
1998	1999	2041	2040
1999	2000	2042	2041
2000	2001	2043	2042
2001	2002	2044	2043
2002	2003	2045	2044
2003	2004	2046	2045
2004	2005	2047	2046
2005	2006	2048	2047
2006	2007	2049	2048
2007	2008	2050	2049
2008	2009	2051	2050
2009	2010	2052	2051
2010	2011	2053	2052
2011	2012	2054	2053
2012	2013	2055	2054
2013	2014	2056	2055
2014	2015	2057	2056
2015	2016	2058	2057
2016	1975	2017	2058
2017	2018	2060	2059
2018	2019	2061	2060
2019	2020	2062	2061
2020	2021	2063	2062
2021	2022	2064	2063
2022	2023	2065	2064
2023	2024	2066	2065
2024	2025	2067	2066
2025	2026	2068	2067
2026	2027	2069	2068
2027	2028	2070	2069
2028	2029	2071	2070
2029	2030	2072	2071
2030	2031	2073	2072
2031	2032	2074	2073
2032	2033	2075	2074
2033	2034	2076	2075
2034	2035	2077	2076
2035	2036	2078	2077
2036	2037	2079	2078
2037	2038	2080	2079
2038	2039	2081	2080
2039	2040	2082	2081
2040	2041	2083	2082
2041	2042	2084	2083
2042	2043	2085	2084
2043	2044	2086	2085
2044	2045	2087	2086
2045	2046	2088	2087
2046	2047	2089	2088
2047	2048	2090	2089
2048	2049	2091	2090
2049	2050	2092	2091
2050	2051	2093	2092
2051	2052	2094	2093
2052	2053	2095	2094
2053	2054	2096	2095
2054	2055	2097	2096
2055	2056	2098	2097
2056	2057	2099	2098
2057	2058	2100	2099
2058	2017	2059	2100
2059	2060	2102	2101
2060	2061	2103	2102
2061	2062	2104	2103
2062	2063	2105	2104
2063	2064	2106	2105
2064	2065	2107	2106
2065	2066	2108	2107
2066	2067	2109	2108
2067	2068	2110	2109
2068	2069	2111	2110
2069	2070	2112	2111
2070	2071	2113	2112
2071	2072	2114	2113
2072	2073	2115	2114
2073	2074	2116	2115
2074	2075	2117	2116
2075	2076	2118	2117
2076	2077	2119	2118
2077	2078	2120	2119
2078	2079	2121	2120
2079	2080	2122	2121
2080	2081	2123	2122
2081	2082	2124	2123
2082	2083	2125	2124
2083	2084	2126	2125
2084	2085	2127	2126
2085	2086	2128	2127
2086	2087	2129	2128
2087	2088	2130	2129
2088	2089	2131	2130
2089	2090	2132	2131
2090	2091	2133	2132
2091	2092	2134	2133
2092	2093	2135	2134
2093	2094	2136	2135
2094	2095	2137	2136
2095	2096	2138	2137
2096	2097	2139	2138
2097	2098	2140	2139
2098	2099	2141	2140
2099	2100	2142	2141
2100	2059	2101	2142
2101	2102	2144	2143
2102	2103	2145	2144
2103	2104	2146	2145
2104	2105	2147	2146
2105	2106	2148	2147
2106	2107	2149	2148
2107	2108	2150	2149
2108	2109	2151	2150
2109	2110	2152	2151
2110	2111	2153	2152
2111	2112	2154	2153
2112	2113	2155	2154
2113	2114	2156	2155
2114	2115	2157	2156
2115	2116	2158	2157
2116	2117	2159	2158
2117	2118	2160	2159
2118	2119	2161	2160
2119	2120	2162	2161
2120	2121	2163	2162
2121	2122	2164	2163
2122	2123	2165	2164
2123	2124	2166	2165
2124	2125	2167	2166
2125	2126	2168	2167
2126	2127	2169	2168
2127	2128	2170	2169
2128	2129	2171	2170
2129	2130	2172	2171
2130	2131	2173	2172
2131	2132	2174	2173
2132	2133	2175	2174
2133	2134	2176	2175
2134	2135	2177	2176
2135	2136	2178	2177
2136	2137	2179	2178
2137	2138	2180	2179
2138	2139	2181	2180
2139	2140	2182	2181
2140	2141	2183	2182
2141	2142	2184	2183
2142	2101	2143	2184
2143	2144	2186	2185
2144	2145	2187	2186
2145	2146	2188	2187
2146	2147	2189	2188
2147	2148	2190	2189
2148	2149	2191	2190
2149	2150	2192	2191
2150	2151	2193	2192
2151	2152	2194	2193
2152	2153	2195	2194
2153	2154	2196	2195
2154	2155	2197	2196
2155	2156	2198	2197
2156	2157	2199	2198
2157	2158	2200	2199
2158	2159	2201	2200
2159	2160	2202	2201
2160	2161	2203	2202
2161	2162	2204	2203
2162	2163	2205	2204
2163	2164	2206	2205
2164	2165	2207	2206
2165	2166	2208	2207
2166	2167	2209	2208
2167	2168	2210	2209
2168	2169	2211	2210
2169	2170	2212	2211
2170	2171	2213	2212
2171	2172	2214	2213
2172	2173	2215	2214
2173	2174	2216	2215
2174	2175	2217	2216
2175	2176	2218	2217
2176	2177	2219	2218
2177	2178	2220	2219
2178	2179	2221	2220
2179	2180	2222	2221
2180	2181	2223	2222
2181	2182	2224	2223
2182	2183	2225	2224
2183	2184	2226	2225
2184	2143	2185	2226
2185	2186	2228	2227
2186	2187	2229	2228
2187	2188	2230	2229
2188	2189	2231	2230
2189	2190	2232	2231
2190	2191	2233	2232
2191	2192	2234	2233
2192	2193	2235	2234
2193	2194	2236	2235
2194	2195	2237	2236
2195	2196	2238	2237
2196	2197	2239	2238
2197	2198	2240	2239
2198	2199	2241	2240
2199	2200	2242	2241
2200	2201	2243	2242
2201	2202	2244	2243
2202	2203	2245	2244
2203	2204	2246	2245
2204	2205	2247	2246
2205	2206	2248	2247
2206	2207	2249	2248
2207	2208	2250	2249
2208	2209	2251	2250
2209	2210	2252	2251
2210	2211	2253	2252
2211	2212	2254	2253
2212	2213	2255	2254
2213	2214	2256	2255
2214	2215	2257	2256
2215	2216	2258	2257
2216	2217	2259	2258
2217	2218	2260	2259
2218	2219	2261	2260
2219	2220	2262	2261
2220	2221	2263	2262
2221	2222	2264	2263
2222	2223	2265	2264
2223	2224	2266	2265
2224	2225	2267	2266
2225	2226	2268	2267
2226	2185	2227	2268
2227	2228	2270	2269
2228	2229	2271	2270
2229	2230	2272	2271
2230	2231	2273	2272
2231	2232	2274	2273
2232	2233	2275	2274
2233	2234	2276	2275
2234	2235	2277	2276
2235	2236	2278	2277
2236	2237	2279	2278
2237	2238	2280	2279
2238	2239	2281	2280
2239	2240	2282	2281
2240	2241	2283	2282
2241	2242	2284	2283
2242	2243	2285	2284
2243	2244	2286	2285
2244	2245	2287	2286
2245	2246	2288	2287
2246	2247	2289	2288
2247	2248	2290	2289
2248	2249	2291	2290
2249	2250	2292	2291
2250	2251	2293	2292
2251	2252	2294	2293
2252	2253	2295	2294
2253	2254	2296	2295
2254	2255	2297	2296
2255	2256	2298	2297
2256	2257	2299	2298
2257	2258	2300	2299
2258	2259	2301	2300
2259	2260	2302	2301
2260	2261	2303	2302
2261	2262	2304	2303
2262	2263	2305	2304
2263	2264	2306	2305
2264	2265	2307	2306
2265	2266	2308	2307
2266	2267	2309	2308
2267	2268	2310	2309
2268	2227	2269	2310
2269	2270	2312	2311
2270	2271	2313	2312
2271	2272	2314	2313
2272	2273	2315	2314
2273	2274	2316	2315
2274	2275	2317	2316
2275	2276	2318	2317
2276	2277	2319	2318
2277	2278	2320	2319
2278	2279	2321	2320
2279	2280	2322	2321
2280	2281	2323	2322
2281	2282	2324	2323
2282	2283	2325	2324
2283	2284	2326	2325
2284	2285	2327	2326
2285	2286	2328	2327
2286	2287	2329	2328
2287	2288	2330	2329
2288	2289	2331	2330
2289	2290	2332	2331
2290	2291	2333	2332
2291	2292	2334	2333
2292	2293	2335	2334
2293	2294	2336	2335
2294	2295	2337	2336
2295	2296	2338	2337
2296	2297	2339	2338
2297	2298	2340	2339
2298	2299	2341	2340
2299	2300	2342	2341
2300	2301	2343	2342
2301	2302	2344	2343
2302	2303	2345	2344
2303	2304	2346	2345
2304	2305	2347	2346
2305	2306	2348	2347
2306	2307	2349	2348
2307	2308	2350	2349
2308	2309	2351	2350
2309	2310	2352	2351
2310	2269	2311	2352
