27.00000000	-19.93573147	-14.50538475
27.00000000	-17.74952693	-13.05113587
27.00000000	-15.45559698	-11.79814956
27.00000000	-13.15877359	-10.62358380
27.00000000	-10.89470602	-9.48758775
27.00000000	-8.68944362	-8.36647389
27.00000000	-6.56164178	-7.25262117
27.00000000	-4.53108827	-6.13775015
27.00000000	-2.62807976	-4.99802052
27.00000000	-0.88807651	-3.80848211
27.00000000	0.67380012	-2.58251394
27.00000000	2.04865400	-1.34126889
27.00000000	3.22220241	-0.09956134
27.00000000	4.18536551	1.12158751
27.00000000	4.93698720	2.29480746
27.00000000	5.47690241	3.39274916
27.00000000	5.79853222	4.38851486
27.00000000	5.88479264	5.24727444
27.00000000	5.77702731	5.91487481
27.00000000	5.59591340	6.36626517
27.00000000	5.43758503	6.61278790
27.00000000	5.37670878	6.68953515
27.00000000	5.31088035	6.76490138
27.00000000	5.09160484	6.96871144
27.00000000	4.67457713	7.23907178
27.00000000	4.03869788	7.51148911
27.00000000	3.17485692	7.69114745
27.00000000	2.10593473	7.70146674
27.00000000	0.86882275	7.52460140
27.00000000	-0.50334327	7.14710154
27.00000000	-1.97747657	6.55502883
27.00000000	-3.51841790	5.73606487
27.00000000	-5.09031201	4.68327862
27.00000000	-6.67272052	3.41462752
27.00000000	-8.24293884	1.94156403
27.00000000	-9.78116591	0.27785381
27.00000000	-11.27610507	-1.55618188
27.00000000	-12.75165881	-3.51627140
27.00000000	-14.21105257	-5.57946742
27.00000000	-15.66742916	-7.71872794
27.00000000	-17.13284968	-9.91046131
27.00000000	-18.58915264	-12.15472694
29.55000000	-20.97070685	-13.94937277
29.55000000	-18.70950566	-12.57593912
29.55000000	-16.36726695	-11.37636235
29.55000000	-14.03285845	-10.23704551
29.55000000	-11.74076426	-9.11741301
29.55000000	-9.51666350	-7.99454173
29.55000000	-7.37476201	-6.87054716
29.55000000	-5.32954551	-5.74781390
29.55000000	-3.40452954	-4.61380229
29.55000000	-1.63456641	-3.44149697
29.55000000	-0.02945531	-2.24840481
29.55000000	1.40675109	-1.05746038
29.55000000	2.66296388	0.11886462
29.55000000	3.72697955	1.26874487
29.55000000	4.59174181	2.37418574
29.55000000	5.25045775	3.41581887
29.55000000	5.69345537	4.37241836
29.55000000	5.90252863	5.21655373
29.55000000	5.89488385	5.89742884
29.55000000	5.76977494	6.37074163
29.55000000	5.63012547	6.63037970
29.55000000	5.57214389	6.71020113
29.55000000	5.50750012	6.78814037
29.55000000	5.28411606	6.99247043
29.55000000	4.84888887	7.24409252
29.55000000	4.18876227	7.47718658
29.55000000	3.30667809	7.61931961
29.55000000	2.22444078	7.62271452
29.55000000	0.96943031	7.46468849
29.55000000	-0.43059080	7.12608838
29.55000000	-1.94528029	6.58708989
29.55000000	-3.53968679	5.82766938
29.55000000	-5.17771026	4.83643799
29.55000000	-6.83754909	3.62906809
29.55000000	-8.49293877	2.21242218
29.55000000	-10.11557702	0.59236981
29.55000000	-11.68899679	-1.21254323
29.55000000	-13.24162068	-3.15002738
29.55000000	-14.78525703	-5.18910283
29.55000000	-16.33817666	-7.29781007
29.55000000	-17.91439071	-9.44983047
29.55000000	-19.49303467	-11.64733011
32.10000000	-22.00968250	-13.53002712
32.10000000	-19.67710158	-12.20627266
32.10000000	-17.28455739	-11.02901597
32.10000000	-14.90798362	-9.89661337
32.10000000	-12.57966693	-8.77211361
32.10000000	-10.32198269	-7.64012130
32.10000000	-8.14826033	-6.50535368
32.10000000	-6.07286450	-5.37103368
32.10000000	-4.11555926	-4.23128780
32.10000000	-2.30520771	-3.06736158
32.10000000	-0.65011995	-1.89623373
32.10000000	0.84703764	-0.74029066
32.10000000	2.17912960	0.38656228
32.10000000	3.33463733	1.47631230
32.10000000	4.30260969	2.51926679
32.10000000	5.07068627	3.50482201
32.10000000	5.62502402	4.41872319
32.10000000	5.94613791	5.24008944
32.10000000	6.03377488	5.92466191
32.10000000	5.96002393	6.41495629
32.10000000	5.83717778	6.68718155
32.10000000	5.78160811	6.77032207
32.10000000	5.71761201	6.85085779
32.10000000	5.48952209	7.05693363
32.10000000	5.03988715	7.29887230
32.10000000	4.35986660	7.50728983
32.10000000	3.45924813	7.62274614
32.10000000	2.35956106	7.61215753
32.10000000	1.08456056	7.45014900
32.10000000	-0.34034500	7.11620783
32.10000000	-1.88737876	6.59166640
32.10000000	-3.52509555	5.85835807
32.10000000	-5.22116526	4.90570219
32.10000000	-6.95130198	3.74150174
32.10000000	-8.68689462	2.36747767
32.10000000	-10.39517498	0.78363123
32.10000000	-12.05577731	-0.99411064
32.10000000	-13.69292872	-2.91316193
32.10000000	-15.33140533	-4.92975733
32.10000000	-16.99461467	-7.00622259
32.10000000	-18.69182202	-9.11825979
32.10000000	-20.39787998	-11.27162680
34.65000000	-23.05008205	-13.23328828
34.65000000	-20.64805332	-11.93132500
34.65000000	-18.20333108	-10.74881480
34.65000000	-15.78111251	-9.59802907
34.65000000	-13.41037040	-8.44956596
34.65000000	-11.10725185	-7.30173887
34.65000000	-8.88622177	-6.15744188
34.65000000	-6.76618982	-5.01156438
34.65000000	-4.76752961	-3.85757286
34.65000000	-2.90720515	-2.69628017
34.65000000	-1.19476147	-1.54055168
34.65000000	0.36560193	-0.40924725
34.65000000	1.76894596	0.68233701
34.65000000	3.00728900	1.72445920
34.65000000	4.06767593	2.71341332
34.65000000	4.93415495	3.64640070
34.65000000	5.58915450	4.51675618
34.65000000	6.01159665	5.31018580
34.65000000	6.18943829	5.99053350
34.65000000	6.16308241	6.49427642
34.65000000	6.05524590	6.77875920
34.65000000	6.00169865	6.86542913
34.65000000	5.93785114	6.94856191
34.65000000	5.70453327	7.15744875
34.65000000	5.24329570	7.39813470
34.65000000	4.54580379	7.59527295
34.65000000	3.62564995	7.69372467
34.65000000	2.50528614	7.66232866
34.65000000	1.20882905	7.47538076
34.65000000	-0.23862114	7.11525528
34.65000000	-1.81188013	6.57044958
34.65000000	-3.48541519	5.83272130
34.65000000	-5.23332949	4.89686271
34.65000000	-7.02771272	3.75791618
34.65000000	-8.83877601	2.41261673
34.65000000	-10.63304260	0.85787176
34.65000000	-12.38811483	-0.89322457
34.65000000	-14.11508661	-2.79746127
34.65000000	-15.85655134	-4.79224340
34.65000000	-17.64099662	-6.83325826
34.65000000	-19.46685331	-8.90381314
34.65000000	-21.30347208	-11.01494896
37.20000000	-24.09589997	-13.01989727
37.20000000	-21.61868763	-11.72966188
37.20000000	-19.11481483	-10.53188584
37.20000000	-16.63948486	-9.35407234
37.20000000	-14.21809215	-8.17526331
37.20000000	-11.86221582	-7.00412435
37.20000000	-9.58614495	-5.84445563
37.20000000	-7.41151171	-4.68613124
37.20000000	-5.36445191	-3.51245645
37.20000000	-3.44831866	-2.34793242
37.20000000	-1.67483323	-1.20050823
37.20000000	-0.05058766	-0.08474282
37.20000000	1.42013392	0.98361761
37.20000000	2.73284040	1.99123579
37.20000000	3.87405827	2.93762831
37.20000000	4.82641352	3.82536714
37.20000000	5.57035211	4.65438307
37.20000000	6.08394400	5.41685403
37.20000000	6.34813335	6.08567855
37.20000000	6.37003417	6.60000252
37.20000000	6.27809218	6.89704038
37.20000000	6.22624564	6.98735371
37.20000000	6.16213609	7.07299243
37.20000000	5.92252496	7.28440455
37.20000000	5.44815959	7.52286534
37.20000000	4.73183120	7.70770634
37.20000000	3.79045903	7.78534008
37.20000000	2.64810530	7.72388184
37.20000000	1.33022250	7.49856657
37.20000000	-0.13811652	7.09600184
37.20000000	-1.73452675	6.51305119
37.20000000	-3.43993850	5.75332475
37.20000000	-5.23512551	4.81874363
37.20000000	-7.08821386	3.69071545
37.20000000	-8.97005512	2.36335871
37.20000000	-10.84985143	0.83385417
37.20000000	-12.70592481	-0.88635390
37.20000000	-14.52714524	-2.77518454
37.20000000	-16.37805591	-4.74473396
37.20000000	-18.29003266	-6.74489792
37.20000000	-20.24756949	-8.77088939
37.20000000	-22.21492912	-10.83964942
39.75000000	-25.14099141	-12.85598695
39.75000000	-22.58144870	-11.57830635
39.75000000	-20.01134034	-10.36510285
39.75000000	-17.47574548	-9.16073440
39.75000000	-14.99646428	-7.95264683
39.75000000	-12.58284727	-6.75508991
39.75000000	-10.24809890	-5.57478579
39.75000000	-8.01375697	-4.40215024
39.75000000	-5.91268408	-3.20815336
39.75000000	-3.93765105	-2.03650298
39.75000000	-2.10231920	-0.89128191
39.75000000	-0.41551109	0.21669662
39.75000000	1.11816389	1.27207232
39.75000000	2.49659144	2.25816268
39.75000000	3.70714003	3.17479050
39.75000000	4.73283458	4.02691190
39.75000000	5.55395268	4.81904887
39.75000000	6.14877238	5.54922223
39.75000000	6.49467532	6.19972983
39.75000000	6.56992006	6.72067661
39.75000000	6.49667098	7.03030637
39.75000000	6.44633458	7.12429716
39.75000000	6.38162431	7.21231005
39.75000000	6.13449247	7.42528742
39.75000000	5.64472974	7.65781382
39.75000000	4.90811426	7.82599052
39.75000000	3.94475877	7.87761326
39.75000000	2.78039671	7.78021820
39.75000000	1.44178602	7.51022958
39.75000000	-0.04616887	7.05826297
39.75000000	-1.66393695	6.42883605
39.75000000	-3.39868711	5.63687492
39.75000000	-5.23672506	4.69084147
39.75000000	-7.14328103	3.56170424
39.75000000	-9.09154908	2.24380951
39.75000000	-11.05497483	0.73645973
39.75000000	-13.01403214	-0.94967095
39.75000000	-14.93667134	-2.81637086
39.75000000	-16.90434259	-4.75238803
39.75000000	-18.94558141	-6.70663896
39.75000000	-21.03314637	-8.68620708
39.75000000	-23.12810338	-10.71296221
42.30000000	-26.15572646	-12.71904459
42.30000000	-23.51079475	-11.45832085
42.30000000	-20.87140225	-10.23301871
42.30000000	-18.27242519	-9.00570433
42.30000000	-15.73211226	-7.77209475
42.30000000	-13.25892421	-6.54929619
42.30000000	-10.86507455	-5.34685837
42.30000000	-8.57074464	-4.15835909
42.30000000	-6.41285939	-2.94707343
42.30000000	-4.37886767	-1.76704111
42.30000000	-2.48365426	-0.62013729
42.30000000	-0.73785084	0.48569675
42.30000000	0.85299266	1.53616197
42.30000000	2.28802062	2.51218988
42.30000000	3.55669781	3.41115387
42.30000000	4.64379702	4.23753618
42.30000000	5.53068563	4.99824655
42.30000000	6.19661065	5.69614315
42.30000000	6.61757466	6.32263706
42.30000000	6.75179465	6.84414723
42.30000000	6.70068973	7.16540414
42.30000000	6.65187565	7.26302044
42.30000000	6.58638254	7.35328370
42.30000000	6.33095824	7.56688128
42.30000000	5.82473464	7.79070418
42.30000000	5.06779162	7.93986847
42.30000000	4.08299742	7.96384766
42.30000000	2.89750002	7.82970646
42.30000000	1.53914396	7.51486037
42.30000000	0.03259222	7.01312250
42.30000000	-1.60527617	6.33535420
42.30000000	-3.36721529	5.50626226
42.30000000	-5.24338961	4.53895593
42.30000000	-7.19825106	3.39965367
42.30000000	-9.20833369	2.08497829
42.30000000	-11.25141981	0.59682628
42.30000000	-13.31022677	-1.05463055
42.30000000	-15.34008141	-2.88947467
42.30000000	-17.42786373	-4.78297062
42.30000000	-19.59367090	-6.68938390
42.30000000	-21.80361802	-8.62416322
42.30000000	-24.01799494	-10.61189411
44.85000000	-27.10324816	-12.58063244
44.85000000	-24.37486963	-11.34333623
44.85000000	-21.66754414	-10.11216446
44.85000000	-19.00626160	-8.86848370
44.85000000	-16.40591022	-7.61589245
44.85000000	-13.87480155	-6.37282217
44.85000000	-11.42466939	-5.15064058
44.85000000	-9.07408818	-3.94667148
44.85000000	-6.85996902	-2.72400227
44.85000000	-4.77002587	-1.53708841
44.85000000	-2.81956496	-0.38724017
44.85000000	-1.02047772	0.71945099
44.85000000	0.62039766	1.77022385
44.85000000	2.10244989	2.74491191
44.85000000	3.41831039	3.63611911
44.85000000	4.55547751	4.44543323
44.85000000	5.49710521	5.18018421
44.85000000	6.22369400	5.84694906
44.85000000	6.71092096	6.44555826
44.85000000	6.90683514	6.95999793
44.85000000	6.88076761	7.29065049
44.85000000	6.83360245	7.39169133
44.85000000	6.76734179	7.48406512
44.85000000	6.50361885	7.69757757
44.85000000	5.98141824	7.91144411
44.85000000	5.20565444	8.04194692
44.85000000	4.20121632	8.04062030
44.85000000	2.99619670	7.87401102
44.85000000	1.61926103	7.51991189
44.85000000	0.09494761	6.97410072
44.85000000	-1.56196738	6.25209779
44.85000000	-3.34871857	5.38619671
44.85000000	-5.25775947	4.39219587
44.85000000	-7.25543658	3.23806537
44.85000000	-9.32177225	1.92349844
44.85000000	-11.43817893	0.45268933
44.85000000	-13.58911510	-1.16467598
44.85000000	-15.72750615	-2.95669070
44.85000000	-17.93177997	-4.80056378
44.85000000	-20.21124840	-6.66021486
44.85000000	-22.53069059	-8.55433165
44.85000000	-24.85179184	-10.50750984
47.40000000	-27.94803874	-12.41234942
47.40000000	-25.14307134	-11.20530839
47.40000000	-22.37314923	-9.97642186
47.40000000	-19.65428663	-8.72528194
47.40000000	-16.99839991	-7.46261290
47.40000000	-14.41406618	-6.20726485
47.40000000	-11.91310773	-4.97123550
47.40000000	-9.51278625	-3.75503095
47.40000000	-7.24623163	-2.52871968
47.40000000	-5.10588205	-1.33888240
47.40000000	-3.10687194	-0.18744242
47.40000000	-1.26180323	0.92037262
47.40000000	0.42108956	1.97353778
47.40000000	1.94057759	2.95210062
47.40000000	3.29320152	3.84229819
47.40000000	4.46983840	4.64105715
47.40000000	5.45569587	5.35463312
47.40000000	6.23236776	5.99235362
47.40000000	6.77541431	6.56159607
47.40000000	7.03054866	7.06166116
47.40000000	7.03042878	7.39853136
47.40000000	6.98503647	7.50263049
47.40000000	6.91815946	7.59691114
47.40000000	6.64690320	7.80995822
47.40000000	6.11061856	8.01432172
47.40000000	5.31878040	8.12922465
47.40000000	4.29738045	8.10849379
47.40000000	3.07488746	7.91795258
47.40000000	1.68055118	7.53488584
47.40000000	0.13909352	6.95558174
47.40000000	-1.53595195	6.19836627
47.40000000	-3.34484021	5.30063240
47.40000000	-5.28125806	4.27969167
47.40000000	-7.31587118	3.11070239
47.40000000	-9.43168300	1.79621316
47.40000000	-11.61275135	0.34214405
47.40000000	-13.84473999	-1.24219335
47.40000000	-16.08651409	-2.98197953
47.40000000	-18.39630390	-4.77293644
47.40000000	-20.77372753	-6.58932289
47.40000000	-23.18610712	-8.44814998
47.40000000	-25.59801233	-10.37159961
49.95000000	-28.66380435	-12.19077249
49.95000000	-25.79304289	-11.01973859
49.95000000	-22.96884158	-9.80213174
49.95000000	-20.19975407	-8.55383595
49.95000000	-17.49530563	-7.29155405
49.95000000	-14.86460423	-6.03390447
49.95000000	-12.31995754	-4.79261122
49.95000000	-9.87774190	-3.57047655
49.95000000	-7.56510111	-2.34895356
49.95000000	-5.38158973	-1.16193050
49.95000000	-3.34191063	-0.01247091
49.95000000	-1.45894449	1.09430045
49.95000000	0.25776295	2.14902031
49.95000000	1.80575814	3.13296658
49.95000000	3.18575359	4.02535144
49.95000000	4.39227562	4.81752240
49.95000000	5.41254790	5.51374661
49.95000000	6.22885740	6.12537041
49.95000000	6.81648447	6.66629883
49.95000000	7.12308500	7.14729529
49.95000000	7.14714688	7.48714028
49.95000000	7.10355055	7.59378498
49.95000000	7.03630655	7.68970848
49.95000000	6.75900256	7.90237500
49.95000000	6.21160364	8.09937834
49.95000000	5.40723310	8.20394864
49.95000000	4.37209051	8.17214774
49.95000000	3.13447815	7.96883472
49.95000000	1.72402192	7.56991148
49.95000000	0.16599718	6.97078734
49.95000000	-1.52631610	6.19081473
49.95000000	-3.35463613	5.27014770
49.95000000	-5.31336585	4.22728555
49.95000000	-7.37886776	3.04753672
49.95000000	-9.53635200	1.73567858
49.95000000	-11.77163197	0.29886087
49.95000000	-14.07122943	-1.25367814
49.95000000	-16.40411605	-2.93661316
49.95000000	-18.80267902	-4.67577293
49.95000000	-21.25958136	-6.45372277
49.95000000	-23.74656809	-8.28249596
49.95000000	-26.23176688	-10.18030140
52.50000000	-29.23974091	-11.90222094
52.50000000	-26.31646490	-10.77066901
52.50000000	-23.44801764	-9.57297985
52.50000000	-20.63749281	-8.33804250
52.50000000	-17.89275609	-7.08703811
52.50000000	-15.22364157	-5.83779560
52.50000000	-12.64307673	-4.60134484
52.50000000	-10.16683872	-3.38213638
52.50000000	-7.81599471	-2.17346679
52.50000000	-5.59729257	-0.99587159
52.50000000	-3.52502597	0.14647898
52.50000000	-1.61211495	1.24816264
52.50000000	0.13079288	2.30121704
52.50000000	1.69977995	3.28861598
52.50000000	3.09941799	4.18290504
52.50000000	4.32765897	4.96992955
52.50000000	5.37346977	5.65168891
52.50000000	6.21942652	6.24100348
52.50000000	6.84040536	6.75702438
52.50000000	7.18712793	7.21828709
52.50000000	7.23132806	7.55867423
52.50000000	7.18946754	7.66728973
52.50000000	7.12219941	7.76459568
52.50000000	6.84091045	7.97756818
52.50000000	6.28595528	8.17075029
52.50000000	5.47286684	8.27150154
52.50000000	4.42738803	8.23774969
52.50000000	3.17724405	8.03328197
52.50000000	1.75221422	7.63207577
52.50000000	0.17836210	7.02766465
52.50000000	-1.53043837	6.23898694
52.50000000	-3.37603778	5.30715694
52.50000000	-5.35325149	4.25178616
52.50000000	-7.44408626	3.06844004
52.50000000	-9.63524796	1.76355300
52.50000000	-11.91368157	0.34523193
52.50000000	-14.26653590	-1.17706364
52.50000000	-16.67258647	-2.80553496
52.50000000	-19.14028972	-4.49795359
52.50000000	-21.65788212	-6.24253501
52.50000000	-24.20159287	-8.04532551
52.50000000	-26.74300858	-9.92015490
55.05000000	-29.68645433	-11.54649248
55.05000000	-26.72439569	-10.45481750
55.05000000	-23.82182923	-9.28405477
55.05000000	-20.97864550	-8.07172464
55.05000000	-18.20184433	-6.84177218
55.05000000	-15.50207611	-5.61086020
55.05000000	-12.89278217	-4.38937752
55.05000000	-10.38924867	-3.18310794
55.05000000	-8.00826137	-1.99393398
55.05000000	-5.76187847	-0.83217612
55.05000000	-3.66417261	0.29729146
55.05000000	-1.72805863	1.38873185
55.05000000	0.03500030	2.43521367
55.05000000	1.61978989	3.42124509
55.05000000	3.03381260	4.31406673
55.05000000	4.27764865	5.09512441
55.05000000	5.34153365	5.76450779
55.05000000	6.20809391	6.33605947
55.05000000	6.85190281	6.83257085
55.05000000	7.22600069	7.27753738
55.05000000	7.28495389	7.61726812
55.05000000	7.24470068	7.72730767
55.05000000	7.17780794	7.82579328
55.05000000	6.89485859	8.04026365
55.05000000	6.33593551	8.23387332
55.05000000	5.51771519	8.33727033
55.05000000	4.46516264	8.30961227
55.05000000	3.20522547	8.11371825
55.05000000	1.76759691	7.72164846
55.05000000	0.17907987	7.12475949
55.05000000	-1.54542793	6.34077211
55.05000000	-3.40708983	5.41073762
55.05000000	-5.40079232	4.35506008
55.05000000	-7.51276788	3.17715538
55.05000000	-9.73065991	1.88467384
55.05000000	-12.04214839	0.48655222
55.05000000	-14.43477309	-1.00744816
55.05000000	-16.89360247	-2.59055369
55.05000000	-19.41104787	-4.24399819
55.05000000	-21.97268020	-5.95953842
55.05000000	-24.55793566	-7.73851033
55.05000000	-27.14106446	-9.59119088
57.60000000	-30.04153090	-11.14069198
57.60000000	-27.05230212	-10.08576361
57.60000000	-24.12383096	-8.94589297
57.60000000	-21.25502489	-7.76231554
57.60000000	-18.45275098	-6.56005677
57.60000000	-15.72832056	-5.35477725
57.60000000	-13.09547862	-4.15651651
57.60000000	-10.56918567	-2.97194874
57.60000000	-8.16456181	-1.80643363
57.60000000	-5.89608538	-0.66549025
57.60000000	-3.77783321	0.44584418
57.60000000	-1.82278036	1.52174781
57.60000000	-0.04285449	2.55586583
57.60000000	1.55593141	3.53357873
57.60000000	2.98248308	4.41913143
57.60000000	4.23867220	5.19155962
57.60000000	5.31536940	5.84993479
57.60000000	6.19523423	6.40868424
57.60000000	6.85282139	6.89245098
57.60000000	7.24217754	7.32747812
57.60000000	7.31008249	7.66657332
57.60000000	7.27121146	7.77759643
57.60000000	7.20503644	7.87713138
57.60000000	6.92248596	8.09441507
57.60000000	6.36256719	8.29241947
57.60000000	5.54198457	8.40342946
57.60000000	4.48496084	8.38699169
57.60000000	3.21774447	8.20519935
57.60000000	1.76977758	7.82877230
57.60000000	0.16826386	7.24748792
57.60000000	-1.57105121	6.47800032
57.60000000	-3.44850597	5.56113124
57.60000000	-5.45878766	4.51761476
57.60000000	-7.59002473	3.35456380
57.60000000	-9.83025219	2.08026109
57.60000000	-12.16748094	0.70414983
57.60000000	-14.58935683	-0.76387252
57.60000000	-17.08289547	-2.31402069
57.60000000	-19.63435099	-3.93703948
57.60000000	-22.22806803	-5.62638322
57.60000000	-24.84477154	-7.38143523
57.60000000	-27.46000888	-9.21083944
60.15000000	-30.36845211	-10.71905917
60.15000000	-27.35826071	-9.69638183
60.15000000	-24.40809437	-8.58759244
60.15000000	-21.51726885	-7.43423632
60.15000000	-18.69298718	-6.26127214
60.15000000	-15.94675346	-5.08432861
60.15000000	-13.29253372	-3.91316807
60.15000000	-10.74533554	-2.75448078
60.15000000	-8.32031637	-1.61361259
60.15000000	-6.03217945	-0.49567719
60.15000000	-3.89510541	0.59443823
60.15000000	-1.92218382	1.65104938
60.15000000	-0.12552477	2.66804055
60.15000000	1.48872597	3.63070344
60.15000000	2.92916878	4.50295600
60.15000000	4.19762917	5.26344952
60.15000000	5.28497455	5.91129716
60.15000000	6.17398466	6.46117387
60.15000000	6.83947443	6.93810953
60.15000000	7.23567490	7.36924991
60.15000000	7.30790860	7.70845283
60.15000000	7.27018042	7.82022168
60.15000000	7.20489530	7.92075498
60.15000000	6.92388498	8.14170141
60.15000000	6.36455022	8.34641787
60.15000000	5.54289980	8.46703753
60.15000000	4.48269544	8.46275537
60.15000000	3.20977689	8.29522486
60.15000000	1.75332084	7.93465047
60.15000000	0.14052318	7.37034306
60.15000000	-1.61258479	6.61874028
60.15000000	-3.50580628	5.72068733
60.15000000	-5.53367209	4.69712813
60.15000000	-7.68424774	3.55517664
60.15000000	-9.94548337	2.30306518
60.15000000	-12.30526616	0.95014741
60.15000000	-14.75110564	-0.49378210
60.15000000	-17.26991569	-2.01898952
60.15000000	-19.84761416	-3.61666992
60.15000000	-22.46835899	-5.28054354
60.15000000	-25.11287785	-7.01010841
60.15000000	-27.75688428	-8.81410492
62.70000000	-30.69500295	-10.29722737
62.70000000	-27.66604604	-9.30682432
62.70000000	-24.69629743	-8.22935489
62.70000000	-21.78553907	-7.10648463
62.70000000	-18.94127440	-5.96315138
62.70000000	-16.17520638	-4.81490492
62.70000000	-13.50144738	-3.67136603
62.70000000	-10.93510934	-2.53908650
62.70000000	-8.49145084	-1.42324177
62.70000000	-6.18526452	-0.32879827
62.70000000	-4.03081919	0.73950443
62.70000000	-2.04129994	1.77611666
62.70000000	-0.22891381	2.77504264
62.70000000	1.39999936	3.72162925
62.70000000	2.85365285	4.57960666
62.70000000	4.13365166	5.32752680
62.70000000	5.23084152	5.96458786
62.70000000	6.12812779	6.50569382
62.70000000	6.80056006	6.97620260
62.70000000	7.20253258	7.40387999
62.70000000	7.27861214	7.74307402
62.70000000	7.24196211	7.85549676
62.70000000	7.17757358	7.95694057
62.70000000	6.89826049	8.18137874
62.70000000	6.33987605	8.39266985
62.70000000	5.51768322	8.52269076
62.70000000	4.45500464	8.53031452
62.70000000	3.17727594	8.37683287
62.70000000	1.71337975	8.03204179
62.70000000	0.09045246	7.48486355
62.70000000	-1.67522956	6.75152878
62.70000000	-3.58299449	5.87296168
62.70000000	-5.62714136	4.87013748
62.70000000	-7.79563186	3.75005864
62.70000000	-10.07629916	2.52084618
62.70000000	-12.45689628	1.19173590
62.70000000	-14.92479905	-0.22758731
62.70000000	-17.46678391	-1.72751206
62.70000000	-20.06864140	-3.29936648
62.70000000	-22.71442529	-4.93703279
62.70000000	-25.38481839	-6.64022195
62.70000000	-28.05558210	-8.41796866
65.25000000	-31.01816703	-9.87447427
65.25000000	-27.97281065	-8.91670608
65.25000000	-24.98582459	-7.87096360
65.25000000	-22.05744380	-6.77901958
65.25000000	-19.19545870	-5.66578345
65.25000000	-16.41175919	-4.54671900
65.25000000	-13.72059115	-3.43130182
65.25000000	-11.13715891	-2.32594273
65.25000000	-8.67680983	-1.23564457
65.25000000	-6.35441478	-0.16522366
65.25000000	-4.18432013	0.88073122
65.25000000	-2.17979676	1.89680953
65.25000000	-0.35314003	2.87714069
65.25000000	1.28912049	3.80714176
65.25000000	2.75480735	4.65038565
65.25000000	4.04530750	5.38533745
65.25000000	5.15145351	6.01127622
65.25000000	6.05628787	6.54332061
65.25000000	6.73510684	7.00713895
65.25000000	7.14249087	7.43109732
65.25000000	7.22227805	7.77005160
65.25000000	7.18669791	7.88303614
65.25000000	7.12322277	7.98529681
65.25000000	6.84575450	8.21298925
65.25000000	6.28869157	8.43058109
65.25000000	5.46655009	8.56976704
65.25000000	4.40219577	8.58914878
65.25000000	3.12063750	8.44969925
65.25000000	1.65043801	8.12082945
65.25000000	0.01865333	7.59106717
65.25000000	-1.75820071	6.87639749
65.25000000	-3.67897391	6.01777924
65.25000000	-5.73774633	5.03622418
65.25000000	-7.92238419	3.93861767
65.25000000	-10.22061212	2.73296266
65.25000000	-12.62005801	1.42836986
65.25000000	-15.10797432	0.03440928
65.25000000	-17.67101094	-1.43943555
65.25000000	-20.29484350	-2.98462887
65.25000000	-22.96343500	-4.59521631
65.25000000	-25.65743808	-6.27111959
65.25000000	-28.35267834	-8.02166023
67.80000000	-31.20794851	-9.41386968
67.80000000	-28.15878060	-8.49033251
67.80000000	-25.16692904	-7.47838700
67.80000000	-22.23306952	-6.41972074
67.80000000	-19.36524139	-5.33910562
67.80000000	-16.57547243	-4.25185044
67.80000000	-13.87808530	-3.16724496
67.80000000	-11.28831649	-2.09153641
67.80000000	-8.82154175	-1.02953760
67.80000000	-6.49265123	0.01409936
67.80000000	-4.31601086	1.03494756
67.80000000	-2.30492281	2.02774974
67.80000000	-0.47171840	2.98677433
67.80000000	1.17696498	3.89747724
67.80000000	2.64855743	4.72341064
67.80000000	3.94418330	5.44312648
67.80000000	5.05466748	6.05603694
67.80000000	5.96323232	6.57743507
67.80000000	6.64549172	7.03319055
67.80000000	7.05635517	7.45210497
67.80000000	7.13926500	7.78957509
67.80000000	7.10484484	7.90266868
67.80000000	7.04250671	8.00533192
67.80000000	6.76793554	8.23534719
67.80000000	6.21433113	8.45826515
67.80000000	5.39542373	8.60581333
67.80000000	4.33356544	8.63646865
67.80000000	3.05327401	8.51103168
67.80000000	1.58271195	8.19864543
67.80000000	-0.05122924	7.68749146
67.80000000	-1.83185398	6.99324667
67.80000000	-3.75755674	6.15674974
67.80000000	-5.82224603	5.19900818
67.80000000	-8.01374550	4.12677568
67.80000000	-10.31972503	2.94791631
67.80000000	-12.72774231	1.67138972
67.80000000	-15.22498339	0.30662432
67.80000000	-17.79803033	-1.13705165
67.80000000	-20.43250688	-2.65125943
67.80000000	-23.11235457	-4.23021525
67.80000000	-25.81827749	-5.87402702
67.80000000	-28.52626652	-7.59222529
70.35000000	-31.22601598	-8.90572610
70.35000000	-28.18841709	-8.01856734
70.35000000	-25.20685381	-7.04307016
70.35000000	-22.28241812	-6.02061459
70.35000000	-19.42334645	-4.97570973
70.35000000	-16.64173870	-3.92343686
70.35000000	-13.95191928	-2.87286370
70.35000000	-11.36908019	-1.83005315
70.35000000	-8.90854741	-0.79961747
70.35000000	-6.58515510	0.21396562
70.35000000	-4.41321563	1.20643931
70.35000000	-2.40599319	2.17271167
70.35000000	-0.57578978	3.10720471
70.35000000	1.07069608	3.99546811
70.35000000	2.54049493	4.80121214
70.35000000	3.83447584	5.50318845
70.35000000	4.94349802	6.10094488
70.35000000	5.85103391	6.60986256
70.35000000	6.53311751	7.05586355
70.35000000	6.94520130	7.46800219
70.35000000	7.03066349	7.80241553
70.35000000	6.99752036	7.91506116
70.35000000	6.93657062	8.01760833
70.35000000	6.66608759	8.24869878
70.35000000	6.11845340	8.47552966
70.35000000	5.30660191	8.63017466
70.35000000	4.25230496	8.67118488
70.35000000	2.97951121	8.55938619
70.35000000	1.51587874	8.26382862
70.35000000	-0.11198737	7.77244608
70.35000000	-1.88731622	7.10057402
70.35000000	-3.80809380	6.28874743
70.35000000	-5.86809164	5.35785061
70.35000000	-8.05515453	4.31448277
70.35000000	-10.35696331	3.16634211
70.35000000	-12.76107149	1.92220243
70.35000000	-15.25466648	0.59131411
70.35000000	-17.82433238	-0.81718698
70.35000000	-20.45571432	-2.29511106
70.35000000	-23.13281191	-3.83686267
70.35000000	-25.83647114	-5.44272241
70.35000000	-28.54295505	-7.12236495
72.90000000	-31.12691667	-8.36853351
72.90000000	-28.11183593	-7.51896736
72.90000000	-25.15136496	-6.58148380
72.90000000	-22.24698697	-5.59700502
72.90000000	-19.40709424	-4.58969368
72.90000000	-16.64380937	-3.57435631
72.90000000	-13.97140333	-2.55981712
72.90000000	-11.40496849	-1.55194211
72.90000000	-8.95972468	-0.55513817
72.90000000	-6.65039659	0.42629779
72.90000000	-4.49119122	1.38828468
72.90000000	-2.49528601	2.32590503
72.90000000	-0.67490813	3.23374601
72.90000000	0.96320512	4.09751095
72.90000000	2.42568018	4.88119921
72.90000000	3.71314989	5.56382138
72.90000000	4.81654489	6.14504851
72.90000000	5.71963915	6.64028103
72.90000000	6.39895596	7.07538867
72.90000000	6.81064200	7.47955067
72.90000000	6.89822724	7.80980043
72.90000000	6.86642541	7.92159838
72.90000000	6.80702213	8.02365174
72.90000000	6.54142202	8.25488295
72.90000000	6.00148961	8.48453135
72.90000000	5.19936612	8.64525288
72.90000000	4.15619800	8.69582235
72.90000000	2.89531099	8.59723712
72.90000000	1.44378519	8.31858319
72.90000000	-0.17214832	7.84762007
72.90000000	-1.93572053	7.19931958
72.90000000	-3.84454609	6.41378136
72.90000000	-5.89228402	5.51167685
72.90000000	-8.06684520	4.49943456
72.90000000	-10.35596807	3.38456799
72.90000000	-12.74724908	2.17564122
72.90000000	-15.22792550	0.88170185
72.90000000	-17.78463361	-0.48833153
72.90000000	-20.40309235	-1.92647948
72.90000000	-23.06741592	-3.42734626
72.90000000	-25.75865528	-4.99137555
72.90000000	-28.45341813	-6.62834218
75.45000000	-30.96606794	-7.82136196
75.45000000	-27.97993321	-7.00961281
75.45000000	-25.04691899	-6.11056701
75.45000000	-22.16887504	-5.16461024
75.45000000	-19.35431968	-4.19551648
75.45000000	-16.61536640	-3.21779425
75.45000000	-13.96619863	-2.24001602
75.45000000	-11.42177625	-1.26784624
75.45000000	-8.99717944	-0.30548649
75.45000000	-6.70699204	0.64294914
75.45000000	-4.56528551	1.57355734
75.45000000	-2.58512205	2.48159949
75.45000000	-0.77862761	3.36183443
75.45000000	0.84743001	4.20016530
75.45000000	2.29927433	4.96095941
75.45000000	3.57732226	5.62350909
75.45000000	4.67260112	6.18759280
75.45000000	5.56921572	6.66858425
75.45000000	6.24421541	7.09223763
75.45000000	6.65452305	7.48778349
75.45000000	6.74394455	7.81324283
75.45000000	6.71350308	7.92395847
75.45000000	6.65571877	8.02529057
75.45000000	6.39541380	8.25607553
75.45000000	5.86413412	8.48781122
75.45000000	5.07324391	8.65387889
75.45000000	4.04324432	8.71336859
75.45000000	2.79681259	8.62753865
75.45000000	1.36041241	8.36559137
75.45000000	-0.24014943	7.91516071
75.45000000	-1.98815456	7.29084684
75.45000000	-3.88087445	6.53223790
75.45000000	-5.91187069	5.65973612
75.45000000	-8.06914665	4.67959087
75.45000000	-10.34052593	3.59912153
75.45000000	-12.71367611	2.42667009
75.45000000	-15.17591332	1.17106890
75.45000000	-17.71395603	-0.15899329
75.45000000	-20.31362804	-1.55575791
75.45000000	-22.95919106	-3.01403389
75.45000000	-25.63193616	-4.53442177
75.45000000	-28.30885368	-6.12677238
78.00000000	-30.77798530	-7.27655946
78.00000000	-27.82434139	-6.50217261
78.00000000	-24.92231804	-5.64121357
78.00000000	-22.07410706	-4.73349882
78.00000000	-19.28833033	-3.80239785
78.00000000	-16.57707177	-2.86211291
78.00000000	-13.95440688	-1.92096444
78.00000000	-11.43514466	-0.98441567
78.00000000	-9.03420681	-0.05646592
78.00000000	-6.76601921	0.85895254
78.00000000	-4.64450125	1.75811348
78.00000000	-2.68258434	2.63645801
78.00000000	-0.89227868	3.48891888
78.00000000	0.71962288	4.30162545
78.00000000	2.15894759	5.03935686
78.00000000	3.42591221	5.68169687
78.00000000	4.51165504	6.22851948
78.00000000	5.40062442	6.69514424
78.00000000	6.07040889	7.10717425
78.00000000	6.47874350	7.49384595
78.00000000	6.56978078	7.81420297
78.00000000	6.54068578	7.92370623
78.00000000	6.48453725	8.02418481
78.00000000	6.22969788	8.25416045
78.00000000	5.70752734	8.48749211
78.00000000	4.92863395	8.65836674
78.00000000	3.91287020	8.72624491
78.00000000	2.68225731	8.65269993
78.00000000	1.26262651	8.40709798
78.00000000	-0.32066452	7.97697537
78.00000000	-2.05097498	7.37655381
78.00000000	-3.92525345	6.64486668
78.00000000	-5.93697681	5.80202192
78.00000000	-8.07425541	4.85408667
78.00000000	-10.32501336	3.80818256
78.00000000	-12.67700541	2.67242463
78.00000000	-15.11764328	1.45542568
78.00000000	-17.63374496	0.16564031
78.00000000	-20.21125710	-1.18939640
78.00000000	-22.83460724	-2.60469769
78.00000000	-25.48534470	-4.08101495
78.00000000	-28.14085975	-5.62826019
80.55000000	-30.56817129	-6.73696260
80.55000000	-27.64996765	-5.99926819
80.55000000	-24.78188915	-5.17580511
80.55000000	-21.96644349	-4.30580021
80.55000000	-19.21233419	-3.41221008
80.55000000	-16.53159700	-2.50892654
80.55000000	-13.93818197	-1.60401959
80.55000000	-11.44673159	-0.70275331
80.55000000	-9.07199352	0.19107143
80.55000000	-6.82822138	1.07370204
80.55000000	-4.72916885	1.94158748
80.55000000	-2.78762340	2.79034820
80.55000000	-1.01546744	3.61509184
80.55000000	0.58049072	4.40218784
80.55000000	2.00569176	5.11686251
80.55000000	3.26016366	5.73900549
80.55000000	4.33516511	6.26857980
80.55000000	5.21549535	6.72082953
80.55000000	5.87928771	7.12117805
80.55000000	6.28510950	7.49882627
80.55000000	6.37752391	7.81384523
80.55000000	6.34974573	7.92202594
80.55000000	6.29523366	8.02153472
80.55000000	6.04597706	8.25037638
80.55000000	5.53327144	8.48485327
80.55000000	4.76699039	8.66002569
80.55000000	3.76633762	8.73577490
80.55000000	2.55267401	8.67403748
80.55000000	1.15118661	8.44438197
80.55000000	-0.41323396	8.03426420
80.55000000	-2.12404316	7.45751164
80.55000000	-3.97788353	6.75256342
80.55000000	-5.96816347	5.93922565
80.55000000	-8.08311263	5.02338177
80.55000000	-10.31076855	4.01195343
80.55000000	-12.63898696	2.91282561
80.55000000	-15.05528979	1.73438952
80.55000000	-17.54660974	0.48486366
80.55000000	-20.09903219	-0.82844026
80.55000000	-22.69716665	-2.20073702
80.55000000	-25.32283607	-3.63292095
80.55000000	-27.95384486	-5.13494898
83.10000000	-30.32441845	-6.19965859
83.10000000	-27.44543168	-5.49802545
83.10000000	-24.61506200	-4.71154858
83.10000000	-21.83610877	-3.87882434
83.10000000	-19.11733424	-3.02237665
83.10000000	-16.47070481	-2.15577663
83.10000000	-13.91002428	-1.28684221
83.10000000	-11.44974916	-0.42063902
83.10000000	-9.10443352	0.43922699
83.10000000	-6.88814037	1.28918069
83.10000000	-4.81443991	2.12584376
83.10000000	-2.89595869	2.94501508
83.10000000	-1.14443512	3.74197730
83.10000000	0.43332435	4.50334655
83.10000000	1.84238508	5.19483959
83.10000000	3.08259358	5.79668164
83.10000000	4.14533754	6.30892418
83.10000000	5.01577635	6.74671256
83.10000000	5.67259871	7.13525234
83.10000000	6.07523361	7.50365428
83.10000000	6.16874813	7.81302055
83.10000000	6.14226661	7.91974007
83.10000000	6.08940721	8.01813839
83.10000000	5.84591697	8.24546622
83.10000000	5.34316181	8.48057579
83.10000000	4.59030041	8.65947744
83.10000000	3.60588627	8.74252917
83.10000000	2.41061426	8.69208582
83.10000000	1.02901328	8.47796430
83.10000000	-0.51451532	8.08756389
83.10000000	-2.20354757	7.53430486
83.10000000	-4.03444131	6.85598673
83.10000000	-6.00055479	6.07210013
83.10000000	-8.09025304	5.18834331
83.10000000	-10.29170382	4.21143535
83.10000000	-12.59288156	3.14902736
83.10000000	-14.98143676	2.00928555
83.10000000	-17.44443591	0.80018901
83.10000000	-19.96812279	-0.47117526
83.10000000	-22.53730901	-1.80022128
83.10000000	-25.13411139	-3.18797667
83.10000000	-27.73676840	-4.64442158
85.65000000	-30.03217056	-5.66078382
85.65000000	-27.19718728	-4.99467864
85.65000000	-24.40927905	-4.24482741
85.65000000	-21.67151452	-3.44913086
85.65000000	-18.99269061	-2.62964657
85.65000000	-16.38467987	-1.79960727
85.65000000	-13.86111482	-0.96657321
85.65000000	-11.43624184	-0.13541034
85.65000000	-9.12439698	0.69046772
85.65000000	-6.93942946	1.50766136
85.65000000	-4.89470332	2.31296240
85.65000000	-3.00266243	3.10234716
85.65000000	-1.27488043	3.87127323
85.65000000	0.28186018	4.60660995
85.65000000	1.67226096	5.27461862
85.65000000	2.89599350	5.85590027
85.65000000	3.94458496	6.35059637
85.65000000	4.80356829	6.77372509
85.65000000	5.45220464	7.15022584
85.65000000	5.85083413	7.50904440
85.65000000	5.94514654	7.81233828
85.65000000	5.91995454	7.91742272
85.65000000	5.86878494	8.01454033
85.65000000	5.63132665	8.23990482
85.65000000	5.13916695	8.47505418
85.65000000	4.40076947	8.65703922
85.65000000	3.43403394	8.74675845
85.65000000	2.25898156	8.70704925
85.65000000	0.89946531	8.50803500
85.65000000	-0.62063173	8.13709474
85.65000000	-2.28503987	7.60723616
85.65000000	-4.08985950	6.95556696
85.65000000	-6.02841757	6.20123392
85.65000000	-8.08923488	5.34974779
85.65000000	-10.26063084	4.40762161
85.65000000	-12.53072094	3.38226754
85.65000000	-14.88730693	2.28162109
85.65000000	-17.31761274	1.11341657
85.65000000	-19.80806471	-0.11548735
85.65000000	-22.34370157	-1.40070285
85.65000000	-24.90695996	-2.74337966
85.65000000	-27.47653936	-4.15349407
88.20000000	-29.68785915	-5.11986705
88.20000000	-26.90178781	-4.48876418
88.20000000	-24.16122221	-3.77517242
88.20000000	-21.46947348	-3.01623944
88.20000000	-18.83534622	-2.23352703
88.20000000	-16.27059269	-1.43991472
88.20000000	-13.78864767	-0.64270108
88.20000000	-11.40352222	0.15344823
88.20000000	-9.12930918	0.94530902
88.20000000	-6.97962003	1.72965532
88.20000000	-4.96758951	2.50344696
88.20000000	-3.10545651	3.26283708
88.20000000	-1.40460887	4.00345911
88.20000000	0.12821279	4.71245193
88.20000000	1.49735728	5.35667834
88.20000000	2.70233267	5.91714723
88.20000000	3.73481907	6.39408601
88.20000000	4.58073832	6.80235320
88.20000000	5.21994352	7.16657056
88.20000000	5.61373584	7.51544968
88.20000000	5.70854442	7.81223576
88.20000000	5.68463241	7.91550552
88.20000000	5.63518909	8.01116225
88.20000000	5.40403430	8.23408370
88.20000000	4.92314077	8.46863808
88.20000000	4.20029937	8.65301634
88.20000000	3.25275148	8.74872745
88.20000000	2.09983528	8.71916149
88.20000000	0.76470743	8.53481164
88.20000000	-0.72929927	8.18307491
88.20000000	-2.36610504	7.67653892
88.20000000	-4.14158063	7.05156242
88.20000000	-6.04904135	6.32691802
88.20000000	-8.07718510	5.50792608
88.20000000	-10.21450510	4.60088935
88.20000000	-12.44928118	3.61297530
88.20000000	-14.76949002	2.55188233
88.20000000	-17.16253756	1.42509414
88.20000000	-19.61505812	0.23923726
88.20000000	-22.11234387	-1.00149739
88.20000000	-24.63717873	-2.29837001
88.20000000	-27.16875197	-3.66132419
90.75000000	-29.30101417	-4.58064076
90.75000000	-26.56786631	-3.98378861
90.75000000	-23.87863826	-3.30584843
90.75000000	-21.23685976	-2.58316427
90.75000000	-18.65132013	-1.83677708
90.75000000	-16.13362890	-1.07920193
90.75000000	-13.69700112	-0.31747409
90.75000000	-11.35519174	0.44393997
90.75000000	-9.12202967	1.20200140
90.75000000	-7.01086906	1.95365515
90.75000000	-5.03459648	2.69602629
90.75000000	-3.20522779	3.42544395
90.75000000	-1.53394799	4.13771791
90.75000000	-0.02744487	4.82027937
90.75000000	1.31828884	5.44064056
90.75000000	2.50261340	5.98023436
90.75000000	3.51737555	6.43936381
90.75000000	4.34889779	6.83269784
90.75000000	4.97763873	7.18449759
90.75000000	5.36589844	7.52318459
90.75000000	5.46093403	7.81312157
90.75000000	5.43828090	7.91442958
90.75000000	5.39057780	8.00847461
90.75000000	5.16590490	8.22853388
90.75000000	4.69677265	8.46191386
90.75000000	3.99032672	8.64803185
90.75000000	3.06315028	8.74906747
90.75000000	1.93389448	8.72902294
90.75000000	0.62500592	8.55881562
90.75000000	-0.84075827	8.22589539
90.75000000	-2.44753984	7.74242815
90.75000000	-4.19100719	7.14397884
90.75000000	-6.06448007	6.44891691
90.75000000	-8.05685078	5.66237063
90.75000000	-10.15680462	4.79043008
90.75000000	-12.35280507	3.84001485
90.75000000	-14.63302324	2.81858230
90.75000000	-16.98506762	1.73336244
90.75000000	-19.39580129	0.59074816
90.75000000	-21.85079135	-0.60526381
90.75000000	-24.33319068	-1.85603263
90.75000000	-26.82270011	-3.17144388
93.30000000	-28.88716810	-4.04834336
93.30000000	-26.20956507	-3.48472494
93.30000000	-23.57430178	-2.84151914
93.30000000	-20.98510438	-2.15423547
93.30000000	-18.45072827	-1.44338002
93.30000000	-15.98262366	-0.72109878
93.30000000	-13.59377064	0.00583452
93.30000000	-11.29765420	0.73314935
93.30000000	-9.10782567	1.45798675
93.30000000	-7.03736904	2.17745836
93.30000000	-5.09891032	2.88885044
93.30000000	-3.30423029	3.58866519
93.30000000	-1.66429968	4.27288717
93.30000000	-0.18574565	4.92925638
93.30000000	1.13511042	5.52596591
93.30000000	2.29749582	6.04487964
93.30000000	3.29343314	6.48636644
93.30000000	4.10965060	6.86488320
93.30000000	4.72721600	7.20430053
93.30000000	5.10945129	7.53270427
93.30000000	5.20450387	7.81559349
93.30000000	5.18308191	7.91484482
93.30000000	5.13711326	8.00717711
93.30000000	4.91899581	8.22407527
93.30000000	4.46188974	8.45583440
93.30000000	3.77232536	8.64315025
93.30000000	2.86623620	8.74891076
93.30000000	1.76159250	8.73776860
93.30000000	0.48012962	8.58110442
93.30000000	-0.95598422	8.26645205
93.30000000	-2.53113684	7.80556542
93.30000000	-4.24082034	7.23319181
93.30000000	-6.07837049	6.56727348
93.30000000	-8.03288587	5.81274775
93.30000000	-10.09325652	4.97549303
93.30000000	-12.24814323	4.06218162
93.30000000	-14.48592501	3.08002949
93.30000000	-16.79442709	2.03601340
93.30000000	-19.16075525	0.93629355
93.30000000	-21.57076523	-0.21532366
93.30000000	-24.00799170	-1.42028686
93.30000000	-26.45265787	-2.68840542
95.85000000	-28.46037521	-3.52718500
95.85000000	-25.83965150	-2.99556827
95.85000000	-23.25971517	-2.38591848
95.85000000	-20.72446760	-1.73289988
95.85000000	-18.24261540	-1.05648112
95.85000000	-15.82543823	-0.36844092
95.85000000	-13.48567215	0.32470358
95.85000000	-11.23652491	1.01887263
95.85000000	-9.09126312	1.71138077
95.85000000	-7.06269402	2.39950059
95.85000000	-5.16317675	3.08067426
95.85000000	-3.40425053	3.75157237
95.85000000	-1.79666553	4.40835035
95.85000000	-0.34698200	5.03906414
95.85000000	0.94816509	5.61260281
95.85000000	2.08788268	6.11126263
95.85000000	3.06437363	6.53547090
95.85000000	3.86477009	6.89945838
95.85000000	4.47074468	7.22668498
95.85000000	4.84664296	7.54487292
95.85000000	4.94154793	7.82065002
95.85000000	4.92132231	7.91779738
95.85000000	4.87706427	8.00836137
95.85000000	4.66548221	8.22191197
95.85000000	4.22045985	8.45173190
95.85000000	3.54794227	8.63981538
95.85000000	2.66322912	8.74977637
95.85000000	1.58362451	8.74693802
95.85000000	0.33016201	8.60316860
95.85000000	-1.07558096	8.30611046
95.85000000	-2.61825429	7.86712066
95.85000000	-4.29319692	7.32012205
95.85000000	-6.09376950	6.68261555
95.85000000	-8.00928355	5.95935103
95.85000000	-10.02884114	5.15599884
95.85000000	-12.14130856	4.27898782
95.85000000	-14.33528061	3.33529533
95.85000000	-16.59880756	2.33164848
95.85000000	-18.91924558	1.27397839
95.85000000	-21.28274599	0.16590630
95.85000000	-23.67323004	-0.99409788
95.85000000	-26.07144447	-2.21575528
98.40000000	-28.02857580	-3.01875416
98.40000000	-25.46524882	-2.51779812
98.40000000	-22.94119892	-1.94038326
98.40000000	-20.46048184	-1.32033259
98.40000000	-18.03174286	-0.67708294
98.40000000	-15.66608302	-0.02205252
98.40000000	-13.37598917	0.63849078
98.40000000	-11.17438838	1.30065131
98.40000000	-9.07425959	1.96190982
98.40000000	-7.08813070	2.61969374
98.40000000	-5.22809152	3.27159520
98.40000000	-3.50543689	3.91444781
98.40000000	-1.93069367	4.54457336
98.40000000	-0.51035100	5.15034734
98.40000000	0.75865857	5.70135974
98.40000000	1.87533393	6.18033458
98.40000000	2.83206024	6.58775016
98.40000000	3.61636770	6.93760186
98.40000000	4.21052163	7.25292997
98.40000000	4.57988130	7.56107061
98.40000000	4.67448818	7.82975999
98.40000000	4.65541245	7.92478449
98.40000000	4.61282400	8.01355007
98.40000000	4.40768878	8.22362695
98.40000000	3.97467215	8.45125740
98.40000000	3.31916410	8.63973984
98.40000000	2.45584916	8.75342398
98.40000000	1.40138299	8.75831491
98.40000000	0.17611122	8.62678304
98.40000000	-1.19897513	8.34659439
98.40000000	-2.70879674	7.92871992
98.40000000	-4.34855856	7.40625845
98.40000000	-6.11165460	6.79626730
98.40000000	-7.98761245	6.10331338
98.40000000	-9.96574985	5.33286366
98.40000000	-12.03514314	4.49110895
98.40000000	-14.18460720	3.58479281
98.40000000	-16.40242198	2.62039846
98.40000000	-18.67619806	1.60363369
98.40000000	-20.99238523	0.53794109
98.40000000	-23.33529148	-0.57828334
98.40000000	-25.68618263	-1.75466382
100.95000000	-27.59575677	-2.52330576
100.95000000	-25.08983980	-2.05161678
100.95000000	-22.62173842	-1.50504590
100.95000000	-20.19564323	-0.91658561
100.95000000	-17.82012754	-0.30515047
100.95000000	-15.50610803	0.31819292
100.95000000	-13.26581968	0.94741748
100.95000000	-11.11190804	1.57880421
100.95000000	-9.05706393	2.20999250
100.95000000	-7.11353567	2.83855773
100.95000000	-5.29314360	3.46223550
100.95000000	-3.60693754	4.07801640
100.95000000	-2.06522019	4.68238309
100.95000000	-0.67440578	5.26403007
100.95000000	0.56829169	5.79324749
100.95000000	1.66177400	6.25318099
100.95000000	2.59860867	6.64435362
100.95000000	3.36671557	6.98051970
100.95000000	3.94893898	7.28429290
100.95000000	4.31163329	7.58261059
100.95000000	4.40581551	7.84428658
100.95000000	4.38784170	7.93718777
100.95000000	4.34687536	8.02414261
100.95000000	4.14806265	8.23066318
100.95000000	3.72689411	8.45590394
100.95000000	3.08823521	8.64446210
100.95000000	2.24617643	8.76142558
100.95000000	1.21674558	8.77348566
100.95000000	0.01961786	8.65352349
100.95000000	-1.32479360	8.38944167
100.95000000	-2.80168600	7.99183857
100.95000000	-4.40614841	7.49299643
100.95000000	-6.13161528	6.90952960
100.95000000	-7.96783151	6.24582761
100.95000000	-9.90433211	5.50715981
100.95000000	-11.93040607	4.69948583
100.95000000	-14.03509044	3.82932148
100.95000000	-16.20689722	2.90291282
100.95000000	-18.43369292	1.92575087
100.95000000	-20.70222592	0.90110616
100.95000000	-22.99718794	-0.17269269
100.95000000	-25.30035572	-1.30516723
103.50000000	-27.16586842	-2.04180874
103.50000000	-24.71687942	-1.59792312
103.50000000	-22.30429713	-1.08072741
103.50000000	-19.93242996	-0.52239724
103.50000000	-17.60977131	0.05866406
103.50000000	-15.34705042	0.65173168
103.50000000	-13.15625055	1.25101065
103.50000000	-11.04973751	1.85295108
103.50000000	-9.03991615	2.45534314
103.50000000	-7.13875750	3.05590307
103.50000000	-5.35781448	3.65250284
103.50000000	-3.70789335	4.24228302
103.50000000	-2.19907363	4.82188066
103.50000000	-0.83769125	5.38030438
103.50000000	0.37877456	5.88853799
103.50000000	1.44913770	6.33014208
103.50000000	2.36614590	6.70568003
103.50000000	3.11809839	7.02866194
103.50000000	3.68840191	7.32127206
103.50000000	4.04438766	7.61003501
103.50000000	4.13805606	7.86481680
103.50000000	4.12113931	7.95561325
103.50000000	4.08174471	8.04076455
103.50000000	3.88909881	8.24369423
103.50000000	3.47954245	8.46639857
103.50000000	2.85744852	8.65475487
103.50000000	2.03633800	8.77458276
103.50000000	1.03163544	8.79325623
103.50000000	-0.13763213	8.68417174
103.50000000	-1.45161713	8.43538290
103.50000000	-2.89579757	8.05713633
103.50000000	-4.46516465	7.58091309
103.50000000	-6.15319803	7.02288396
103.50000000	-7.94985930	6.38726769
103.50000000	-9.84490055	5.67914322
103.50000000	-11.82782389	4.90424696
103.50000000	-13.88788847	4.06887395
103.50000000	-16.01383834	3.17904100
103.50000000	-18.19379486	2.24002930
103.50000000	-20.41480240	1.25494420
103.50000000	-22.66193044	0.22205301
103.50000000	-24.91745529	-0.86805887
106.05000000	-26.74615096	-1.57730846
106.05000000	-24.35285605	-1.15965764
106.05000000	-21.99461711	-0.67025168
106.05000000	-19.67584719	-0.14046768
106.05000000	-17.40495580	0.41178867
106.05000000	-15.19248571	0.97612265
106.05000000	-13.05017247	1.54696159
106.05000000	-10.99010783	2.12091636
106.05000000	-9.02441670	2.69591998
106.05000000	-7.16479870	3.26982182
106.05000000	-5.42254507	3.84062322
106.05000000	-3.80822339	4.40560759
106.05000000	-2.33169426	4.96155937
106.05000000	-0.99921594	5.49779809
106.05000000	0.19148268	5.98598714
106.05000000	1.23913759	6.41008640
106.05000000	2.13667366	6.77069240
106.05000000	2.87275653	7.08107074
106.05000000	3.43133583	7.36297882
106.05000000	3.78069193	7.64252763
106.05000000	3.87379664	7.89060718
106.05000000	3.85788696	7.97934510
106.05000000	3.81999952	8.06272492
106.05000000	3.63329818	8.26208365
106.05000000	3.23498567	8.48216001
106.05000000	2.62897824	8.67008196
106.05000000	1.82825538	8.79238806
106.05000000	0.84766620	8.81712516
106.05000000	-0.29438450	8.71820403
106.05000000	-1.57859819	8.48384024
106.05000000	-2.99073410	8.12395041
106.05000000	-4.52570119	7.66923657
106.05000000	-6.17702680	7.13542933
106.05000000	-7.93488542	6.52658384
106.05000000	-9.78924257	5.84759648
106.05000000	-11.72981053	5.10398965
106.05000000	-13.74606695	4.30184614
106.05000000	-15.82698438	3.44696289
106.05000000	-17.96093441	2.54442012
106.05000000	-20.13525110	1.59716645
106.05000000	-22.33537198	0.60341514
106.05000000	-24.54405780	-0.44613676
108.60000000	-26.34690221	-1.13377180
108.60000000	-24.00706787	-0.74070863
108.60000000	-21.70100566	-0.27740518
108.60000000	-19.43322467	0.22553340
108.60000000	-17.21205149	0.75068040
108.60000000	-15.04784838	1.28795647
108.60000000	-12.95211241	1.83199989
108.60000000	-10.93667201	2.37957289
108.60000000	-9.01338319	2.92874273
108.60000000	-7.19368499	3.47748425
108.60000000	-5.48861747	4.02392073
108.60000000	-3.90851889	4.56547093
108.60000000	-2.46303963	5.09905962
108.60000000	-1.15836547	5.61431382
108.60000000	0.00754014	6.08355098
108.60000000	1.03334551	6.49110412
108.60000000	1.91214754	6.83759391
108.60000000	2.63296165	7.13604593
108.60000000	3.18025419	7.40780497
108.60000000	3.52321390	7.67858100
108.60000000	3.61574637	7.92025016
108.60000000	3.60078606	8.00701399
108.60000000	3.56432510	8.08868847
108.60000000	3.38327047	8.28457989
108.60000000	2.99567403	8.50203669
108.60000000	2.40503072	8.68938952
108.60000000	1.62380940	8.81387066
108.60000000	0.66631518	8.84417680
108.60000000	-0.44963787	8.75471929
108.60000000	-1.70527635	8.53387841
108.60000000	-3.08663397	8.19126333
108.60000000	-4.58854909	7.75683104
108.60000000	-6.20459638	7.24588297
108.60000000	-7.92515504	6.66231901
108.60000000	-9.74039598	6.01086227
108.60000000	-11.64023417	5.29683227
108.60000000	-13.61435769	4.52611030
108.60000000	-15.65195933	3.70428513
108.60000000	-17.74165145	2.83624697
108.60000000	-19.87104654	1.92479773
108.60000000	-22.02593504	0.96810391
108.60000000	-24.18954103	-0.04302314
111.15000000	-25.97893354	-0.71337366
111.15000000	-23.68925836	-0.34323548
111.15000000	-21.43215124	0.09570721
111.15000000	-19.21221171	0.57357927
111.15000000	-17.03768867	1.07340629
111.15000000	-14.91877501	1.58540555
111.15000000	-12.86674401	2.10441331
111.15000000	-10.89317701	2.62733316
111.15000000	-9.00967772	3.15235817
111.15000000	-7.22744062	3.67758016
111.15000000	-5.55727007	4.20123663
111.15000000	-4.00928916	4.72087317
111.15000000	-2.59295102	5.23354608
111.15000000	-1.31437547	5.72917764
111.15000000	-0.17174512	6.18069946
111.15000000	0.83354809	6.57278775
111.15000000	1.69476377	6.90608166
111.15000000	2.40124521	7.19337998
111.15000000	2.93794283	7.45564006
111.15000000	3.27489807	7.71819572
111.15000000	3.36689920	7.95385115
111.15000000	3.35283301	8.03876390
111.15000000	3.31771293	8.11884076
111.15000000	3.14195643	8.31148398
111.15000000	2.76440590	8.52648144
111.15000000	2.18816309	8.71328555
111.15000000	1.42522084	8.83977424
111.15000000	0.48937782	8.87524999
111.15000000	-0.60210182	8.79459496
111.15000000	-1.83093555	8.58635149
111.15000000	-3.18341723	8.25985280
111.15000000	-4.65432309	7.84436293
111.15000000	-6.23727069	7.35477029
111.15000000	-7.92283143	6.79482969
111.15000000	-9.70136916	6.16910265
111.15000000	-11.56298943	5.48271918
111.15000000	-13.49757782	4.74137217
111.15000000	-15.49453400	3.95045578
111.15000000	-17.54269619	3.11468227
111.15000000	-19.62993802	2.23671669
111.15000000	-21.74238092	1.31468318
111.15000000	-23.86368343	0.33950272
113.70000000	-25.65151327	-0.31462535
113.70000000	-23.40770743	0.03421684
113.70000000	-21.19536215	0.45056116
113.70000000	-19.01916169	0.90519655
113.70000000	-16.88728508	1.38156130
113.70000000	-14.80977083	1.87014432
113.70000000	-12.79768776	2.36596438
113.70000000	-10.86239130	2.86605567
113.70000000	-9.01525444	3.36872861
113.70000000	-7.26724809	3.87218414
113.70000000	-5.62896119	4.37476635
113.70000000	-4.11032024	4.87413876
113.70000000	-2.72059835	5.36747985
113.70000000	-1.46585827	5.84498883
113.70000000	-0.34448607	6.28015774
113.70000000	0.64207180	6.65797013
113.70000000	1.48722494	6.97907998
113.70000000	2.18061804	7.25608060
113.70000000	2.70764570	7.50957973
113.70000000	3.03912995	7.76457357
113.70000000	3.13067352	7.99471236
113.70000000	3.11744073	8.07793651
113.70000000	3.08356610	8.15655874
113.70000000	2.91270716	8.34627196
113.70000000	2.54440265	8.55910624
113.70000000	1.98137992	8.74552725
113.70000000	1.23519160	8.87399122
113.70000000	0.31917117	8.91434471
113.70000000	-0.74991975	8.84189554
113.70000000	-1.95424634	8.64533662
113.70000000	-3.28033976	8.33375819
113.70000000	-4.72291751	7.93579725
113.70000000	-6.27563261	7.46595435
113.70000000	-7.92923191	6.92785064
113.70000000	-9.67425527	6.32589890
113.70000000	-11.50098211	5.66505458
113.70000000	-13.39947805	4.95083706
113.70000000	-15.35933146	4.18846097
113.70000000	-17.36958640	3.38247374
113.70000000	-19.41835493	2.53541273
113.70000000	-21.49206108	1.64535982
113.70000000	-23.57476101	0.70333066
116.25000000	-25.37274596	0.06523262
116.25000000	-23.16959982	0.39445822
116.25000000	-20.99692097	0.79006799
116.25000000	-18.85947178	1.22342469
116.25000000	-16.76537081	1.67832606
116.25000000	-14.72452052	2.14550079
116.25000000	-12.74780863	2.62013116
116.25000000	-10.84639022	3.09936956
116.25000000	-9.03143362	3.58163497
116.25000000	-7.31371154	4.06522908
116.25000000	-5.70362205	4.54859488
116.25000000	-4.21091789	5.02950515
116.25000000	-2.84471324	5.50525081
116.25000000	-1.61102621	5.96628858
116.25000000	-0.50843145	6.38660784
116.25000000	0.46157534	6.75145587
116.25000000	1.29253897	7.06149681
116.25000000	1.97437569	7.32914406
116.25000000	2.49288004	7.57470153
116.25000000	2.81957265	7.82287863
116.25000000	2.91078426	8.04808425
116.25000000	2.89832899	8.12979655
116.25000000	2.86559761	8.20714122
116.25000000	2.69917664	8.39432551
116.25000000	2.33917672	8.60538543
116.25000000	1.78797345	8.79167462
116.25000000	1.05671992	8.92215128
116.25000000	0.15832959	8.96713449
116.25000000	-0.89088627	8.90230277
116.25000000	-2.07349114	8.71648154
116.25000000	-3.37622458	8.41855145
116.25000000	-4.79374491	8.03659753
116.25000000	-6.31973066	7.58476508
116.25000000	-7.94508344	7.06655394
116.25000000	-9.66049822	6.48624235
116.25000000	-11.45640744	5.84862751
116.25000000	-13.32303518	5.15907221
116.25000000	-15.25013585	4.42262819
116.25000000	-17.22693488	3.64369219
116.25000000	-19.24175473	2.82468242
116.25000000	-21.28128751	1.96363439
116.25000000	-23.32994225	1.05163297
118.80000000	-25.15213381	0.42423651
118.80000000	-22.98344579	0.73571874
118.80000000	-20.84435497	1.11266587
118.80000000	-18.73969958	1.52691771
118.80000000	-16.67755200	1.96257441
118.80000000	-14.66770207	2.41057028
118.80000000	-12.72088500	2.86623066
118.80000000	-10.84808611	3.32681263
118.80000000	-9.06030017	3.79083385
118.80000000	-7.36813184	4.25668760
118.80000000	-5.78181737	4.72290716
118.80000000	-4.31096264	5.18736426
118.80000000	-2.96454790	5.64745129
118.80000000	-1.74856152	6.09385882
118.80000000	-0.66175284	6.50100230
118.80000000	0.29433615	6.85434578
118.80000000	1.11336763	7.15455936
118.80000000	1.78549632	7.41390525
118.80000000	2.29686850	7.65243513
118.80000000	2.61961723	7.89462869
118.80000000	2.71068249	8.11557807
118.80000000	2.69894171	8.19603148
118.80000000	2.66722882	8.27230703
118.80000000	2.50468579	8.45742476
118.80000000	2.15186021	8.66714908
118.80000000	1.61080766	8.85358361
118.80000000	0.89232826	8.98610320
118.80000000	0.00896679	9.03542021
118.80000000	-1.02335726	8.97752614
118.80000000	-2.18755209	8.80136453
118.80000000	-3.47053531	8.51564912
118.80000000	-4.86690540	8.14799748
118.80000000	-6.37035241	7.71222987
118.80000000	-7.97190836	7.21173873
118.80000000	-9.66239852	6.65068383
118.80000000	-11.43238335	6.03372237
118.80000000	-13.27221939	5.36607943
118.80000000	-15.17179985	4.65266225
118.80000000	-17.12050192	3.89773252
118.80000000	-19.10682532	3.10359879
118.80000000	-21.11768998	2.26824604
118.80000000	-23.13780686	1.38280100
121.35000000	-25.00224391	0.75223410
121.35000000	-22.86067381	1.04805748
121.35000000	-20.74794917	1.40859959
121.35000000	-18.66899471	1.80609702
121.35000000	-16.63186082	2.22490374
121.35000000	-14.64625614	2.65612895
121.35000000	-12.72279887	3.09522161
121.35000000	-10.87234151	3.53952957
121.35000000	-9.10574219	3.98765868
121.35000000	-7.43347315	4.43808331
121.35000000	-5.86564312	4.88941708
121.35000000	-4.41174296	5.33961927
121.35000000	-3.08064842	5.78617103
121.35000000	-1.87833760	6.21997192
121.35000000	-0.80372294	6.61578375
121.35000000	0.14160890	6.95923207
121.35000000	0.95141738	7.25098639
121.35000000	1.61605982	7.50318794
121.35000000	2.12198472	7.73569028
121.35000000	2.44185241	7.97280955
121.35000000	2.53307170	8.19026990
121.35000000	2.52198195	8.26973041
121.35000000	2.49114583	8.34518613
121.35000000	2.33181481	8.52878229
121.35000000	1.98481613	8.73767713
121.35000000	1.45193307	8.92457378
121.35000000	0.74366826	9.05917350
121.35000000	-0.12774438	9.11249739
121.35000000	-1.14671316	9.06078944
121.35000000	-2.29643314	8.89309771
121.35000000	-3.56396695	8.61801731
121.35000000	-4.94385050	8.26279135
121.35000000	-6.42976743	7.84094674
121.35000000	-8.01285126	7.35578366
121.35000000	-9.68402794	6.81136090
121.35000000	-11.43395572	6.21221557
121.35000000	-13.25309241	5.56345616
121.35000000	-15.13143728	4.86986621
121.35000000	-17.05848434	4.13559110
121.35000000	-19.02287224	3.36284372
121.35000000	-21.01170394	2.54956079
121.35000000	-23.00993868	1.68689545
123.90000000	-24.93528702	1.03956753
123.90000000	-22.81242052	1.32165062
123.90000000	-20.71776115	1.66788507
123.90000000	-18.65634244	2.05082994
123.90000000	-16.63622591	2.45504729
123.90000000	-14.66707803	2.87179296
123.90000000	-12.75944192	3.29662116
123.90000000	-10.92408012	3.72695760
123.90000000	-9.17175669	4.16148665
123.90000000	-7.51285254	4.59875403
123.90000000	-5.95738841	5.03744458
123.90000000	-4.51477703	5.47559388
123.90000000	-3.19382407	5.91075927
123.90000000	-2.00052146	6.33402166
123.90000000	-0.93393511	6.72039419
123.90000000	0.00430388	7.05559805
123.90000000	0.80802956	7.34029550
123.90000000	1.46776213	7.58654588
123.90000000	1.97019529	7.81407642
123.90000000	2.28841243	8.04712520
123.90000000	2.38011298	8.26197491
123.90000000	2.36961073	8.34075155
123.90000000	2.33950147	8.41567653
123.90000000	2.18266712	8.59841188
123.90000000	1.84001668	8.80715153
123.90000000	1.31309646	8.99502231
123.90000000	0.61216558	9.13194405
123.90000000	-0.25079503	9.18914377
123.90000000	-1.26045378	9.14303745
123.90000000	-2.40022621	8.98274793
123.90000000	-3.65727560	8.71679469
123.90000000	-5.02606388	8.37215266
123.90000000	-6.50024685	7.96210141
123.90000000	-8.07102548	7.48986417
123.90000000	-9.72939142	6.95941681
123.90000000	-11.46606512	6.37519691
123.90000000	-13.27156914	5.74221932
123.90000000	-15.13597061	5.06516634
123.90000000	-17.04884032	4.34808831
123.90000000	-18.99891260	3.59311922
123.90000000	-20.97342449	2.79815329
123.90000000	-22.95752675	1.95435903
126.45000000	-24.95586809	1.29366210
126.45000000	-22.84272303	1.56331286
126.45000000	-20.75727368	1.89682482
126.45000000	-18.70468150	2.26696423
126.45000000	-16.69305195	2.65843535
126.45000000	-14.73204973	3.06260384
126.45000000	-12.83218720	3.47510908
126.45000000	-11.00418251	3.89344285
126.45000000	-9.25875119	4.31636104
126.45000000	-7.60622697	4.74247392
126.45000000	-6.05658526	5.17053120
126.45000000	-4.61920077	5.59863565
126.45000000	-3.30284674	6.02440981
126.45000000	-2.11355365	6.43907887
126.45000000	-1.05053132	6.81779401
126.45000000	-0.11545759	7.14630194
126.45000000	0.68555016	7.42525793
126.45000000	1.34313103	7.66669453
126.45000000	1.84415683	7.89030947
126.45000000	2.16198721	8.12038036
126.45000000	2.25444823	8.33357401
126.45000000	2.24446562	8.41199894
126.45000000	2.21495046	8.48670835
126.45000000	2.05996526	8.66937244
126.45000000	1.72023969	8.87888824
126.45000000	1.19707057	9.06858951
126.45000000	0.50051396	9.20847300
126.45000000	-0.35765027	9.26983540
126.45000000	-1.36228033	9.22914802
126.45000000	-2.49693303	9.07555008
126.45000000	-3.74881006	8.81751869
126.45000000	-5.11227540	8.48188530
126.45000000	-6.58093328	8.08175008
126.45000000	-8.14601458	7.62027446
126.45000000	-9.79853847	7.10136960
126.45000000	-11.52924848	6.52939372
126.45000000	-13.32869240	5.90929175
126.45000000	-15.18696382	5.24566667
126.45000000	-17.09366694	4.54249358
126.45000000	-19.03758477	3.80183961
126.45000000	-21.00603452	3.02155041
126.45000000	-22.98429512	2.19277625
129.00000000	-25.05734614	1.53967104
129.00000000	-22.94517754	1.79794074
129.00000000	-20.86034835	2.12016558
129.00000000	-18.80814892	2.47914305
129.00000000	-16.79675115	2.85962227
129.00000000	-14.83585284	3.25302895
129.00000000	-12.93597668	3.65506307
129.00000000	-11.10784025	4.06327115
129.00000000	-9.36215473	4.47647547
129.00000000	-7.70924983	4.89334638
129.00000000	-6.15909734	5.31269397
129.00000000	-4.72107320	5.73268066
129.00000000	-3.40395481	6.15098364
129.00000000	-2.21383002	6.55892100
129.00000000	-1.15004097	6.93166504
129.00000000	-0.21431962	7.25493366
129.00000000	0.58723618	7.52938671
129.00000000	1.24533949	7.76709165
129.00000000	1.74697361	7.98781363
129.00000000	2.06563730	8.21597107
129.00000000	2.15914084	8.42843288
129.00000000	2.14962598	8.50682762
129.00000000	2.12059793	8.58163656
129.00000000	1.96690652	8.76505855
129.00000000	1.62880541	8.97638526
129.00000000	1.10730131	9.16891569
129.00000000	0.41228084	9.31255869
129.00000000	-0.44462559	9.37852553
129.00000000	-1.44839137	9.34321311
129.00000000	-2.58262890	9.19571632
129.00000000	-3.83451187	8.94451179
129.00000000	-5.19828104	8.61642218
129.00000000	-6.66746446	8.22443513
129.00000000	-8.23328620	7.77166659
129.00000000	-9.88675569	7.26198205
129.00000000	-11.61860144	6.69968062
129.00000000	-13.41935779	6.08966029
129.00000000	-15.27910386	5.43646430
129.00000000	-17.18743360	4.74400724
129.00000000	-19.13313016	4.01429108
129.00000000	-21.10353278	3.24508659
129.00000000	-23.08397618	2.42745310
131.55000000	-25.22947539	1.78091110
131.55000000	-23.11038557	2.02973340
131.55000000	-21.01843747	2.34291626
131.55000000	-18.95904297	2.69312724
131.55000000	-16.94045593	3.06506807
131.55000000	-14.97243628	3.45017597
131.55000000	-13.06555277	3.84418433
131.55000000	-11.23056119	4.24467985
131.55000000	-9.47820776	4.65054214
131.55000000	-7.81885661	5.06049442
131.55000000	-6.26251296	5.47340054
131.55000000	-4.81858844	5.88747381
131.55000000	-3.49589659	6.30043562
131.55000000	-2.30059962	6.70365876
131.55000000	-1.23216210	7.07225221
131.55000000	-0.29237603	7.39186310
131.55000000	0.51265539	7.66315961
131.55000000	1.17368118	7.89828134
131.55000000	1.67774397	8.11712217
131.55000000	1.99838695	8.34431507
131.55000000	2.09323921	8.55686715
131.55000000	2.08412928	8.63552384
131.55000000	2.05544099	8.71069752
131.55000000	1.90235028	8.89546562
131.55000000	1.56446545	9.10917120
131.55000000	1.04254755	9.30492245
131.55000000	0.34636817	9.45244747
131.55000000	-0.51253541	9.52278679
131.55000000	-1.51918938	9.49219861
131.55000000	-2.65720312	9.34971116
131.55000000	-3.91368330	9.10383354
131.55000000	-5.28273705	8.78146599
131.55000000	-6.75779825	8.39553113
131.55000000	-8.33005271	7.94911388
131.55000000	-9.99046783	7.44605087
131.55000000	-11.72972359	6.89059957
131.55000000	-13.53830707	6.28763232
131.55000000	-15.40624668	5.64165084
131.55000000	-17.32308784	4.95652505
131.55000000	-19.27757075	4.23419745
131.55000000	-21.25700445	3.47234689
131.55000000	-23.24671342	2.66188708
133.47855015	-25.40126229	1.92550043
133.47855015	-23.27271518	2.16941822
133.47855015	-21.17120750	2.47793049
133.47855015	-19.10226086	2.82363197
133.47855015	-17.07421114	3.19119490
133.47855015	-15.09688683	3.57206529
133.47855015	-13.18091329	3.96199429
133.47855015	-11.33709710	4.35859127
133.47855015	-9.57623179	4.76076746
133.47855015	-7.90872753	5.16727648
133.47855015	-6.34463335	5.57701173
133.47855015	-4.89340502	5.98821581
133.47855015	-3.56389873	6.39863401
133.47855015	-2.36233761	6.79965464
133.47855015	-1.28827790	7.16632374
133.47855015	-0.34356543	7.48423462
133.47855015	0.46567992	7.75405888
133.47855015	1.13021830	7.98798766
133.47855015	1.63712312	8.20600688
133.47855015	1.95997531	8.43291184
133.47855015	2.05614863	8.64592685
133.47855015	2.04729233	8.72494281
133.47855015	2.01872300	8.80051747
133.47855015	1.86548043	8.98644441
133.47855015	1.52670672	9.20184059
133.47855015	1.00310111	9.39966430
133.47855015	0.30440587	9.54952985
133.47855015	-0.55787291	9.62237006
133.47855015	-1.56877681	9.59436265
133.47855015	-2.71190421	9.45450219
133.47855015	-3.97431178	9.21132258
133.47855015	-5.35001025	8.89178067
133.47855015	-6.83235994	8.50877705
133.47855015	-8.41250304	8.06538301
133.47855015	-10.08135945	7.56542336
133.47855015	-11.82955539	7.01313361
133.47855015	-13.64752451	6.41337771
133.47855015	-15.52523883	5.77063986
133.47855015	-17.45218812	5.08877170
133.47855015	-19.41706005	4.36968894
133.47855015	-21.40711965	3.61102567
133.47855015	-23.40766024	2.80361844
135.38597070	-25.59006267	1.99145625
135.38597070	-23.45080158	2.23254806
135.38597070	-21.33845209	2.53816588
135.38597070	-19.25867388	2.88096923
135.38597070	-17.21990325	3.24566809
135.38597070	-15.23205080	3.62375148
135.38597070	-13.30580859	4.01099800
135.38597070	-11.45204307	4.40504284
135.38597070	-9.68160149	4.80481862
135.38597070	-8.00494648	5.20910217
135.38597070	-6.43217480	5.61680195
135.38597070	-4.97279030	6.02618027
135.38597070	-3.63569376	6.43499474
135.38597070	-2.42714570	6.83457471
135.38597070	-1.34679337	7.19992476
135.38597070	-0.39656232	7.51666186
135.38597070	0.41739702	7.78548672
135.38597070	1.08584840	8.01863657
135.38597070	1.59589844	8.23615092
135.38597070	1.92120179	8.46293303
135.38597070	2.01884159	8.67652583
135.38597070	2.01020392	8.75595332
135.38597070	1.98166277	8.83195476
135.38597070	1.82789065	9.01894617
135.38597070	1.48765196	9.23565855
135.38597070	0.96170537	9.43495161
135.38597070	0.25981247	9.58639919
135.38597070	-0.60652870	9.66090023
135.38597070	-1.62237523	9.63461128
135.38597070	-2.77132917	9.49650422
135.38597070	-4.04040602	9.25508260
135.38597070	-5.42352118	8.93729196
135.38597070	-6.91397868	8.55608013
135.38597070	-8.50287530	8.11451447
135.38597070	-10.18108016	7.61641341
135.38597070	-11.93916087	7.06599254
135.38597070	-13.76749172	6.46810802
135.38597070	-15.65598443	5.82723661
135.38597070	-17.59406935	5.14722549
135.38597070	-19.57037890	4.42998737
135.38597070	-21.57213612	3.67316164
135.38597070	-23.58460975	2.86759188
137.25136355	-25.74765613	1.95442986
137.25136355	-23.60118182	2.19371670
137.25136355	-21.48144872	2.49720002
137.25136355	-19.39424901	2.83771841
137.25136355	-17.34810711	3.20007457
137.25136355	-15.35300105	3.57583045
137.25136355	-13.41967280	3.96080089
137.25136355	-11.55903245	4.35265288
137.25136355	-9.78196254	4.75033093
137.25136355	-8.09896132	5.15263207
137.25136355	-6.52015492	5.55846803
137.25136355	-5.05507886	5.96611759
137.25136355	-3.71266150	6.37334516
137.25136355	-2.49915152	6.77132696
137.25136355	-1.41428272	7.13509164
137.25136355	-0.46009014	7.45041627
137.25136355	0.35723920	7.71807470
137.25136355	1.02847788	7.95034097
137.25136355	1.54078030	8.16725112
137.25136355	1.86791046	8.39372694
137.25136355	1.96669215	8.60763109
137.25136355	1.95821757	8.68734118
137.25136355	1.92965679	8.76361345
137.25136355	1.77535668	8.95117307
137.25136355	1.43393564	9.16845625
137.25136355	0.90628221	9.36837740
137.25136355	0.20218502	9.52061459
137.25136355	-0.66688652	9.59616788
137.25136355	-1.68605216	9.57124691
137.25136355	-2.83896300	9.43476134
137.25136355	-4.11260124	9.19502114
137.25136355	-5.50077648	8.87881085
137.25136355	-6.99678195	8.49926383
137.25136355	-8.59168502	8.05944573
137.25136355	-10.27631978	7.56316490
137.25136355	-12.04120982	7.01460709
137.25136355	-13.87668513	6.41861038
137.25136355	-15.77261622	5.77964606
137.25136355	-17.71839475	5.10156351
137.25136355	-19.70262016	4.38628729
137.25136355	-21.71250122	3.63150242
137.25136355	-23.73331339	2.82812753
139.05429106	-25.79977224	1.82536148
139.05429106	-23.65643809	2.06194087
139.05429106	-21.53964240	2.36234375
139.05429106	-19.45523897	2.69959955
139.05429106	-17.41177546	3.05860753
139.05429106	-15.41923798	3.43101092
139.05429106	-13.48836142	3.81266239
139.05429106	-11.63004583	4.20126622
139.05429106	-9.85515473	4.59576894
139.05429106	-8.17417082	4.99498467
139.05429106	-6.59719812	5.39781540
139.05429106	-5.13375588	5.80255235
139.05429106	-3.79275295	6.20695967
139.05429106	-2.58033680	6.60192995
139.05429106	-1.49631407	6.96263909
139.05429106	-0.54286504	7.27524929
139.05429106	0.27378952	7.54068528
139.05429106	0.94445662	7.77123695
139.05429106	1.45638055	7.98683073
139.05429106	1.78351219	8.21223567
139.05429106	1.88268019	8.42555172
139.05429106	1.87430128	8.50514206
139.05429106	1.84581017	8.58129335
139.05429106	1.69167387	8.76845356
139.05429106	1.35070128	8.98518099
139.05429106	0.82389572	9.18467833
139.05429106	0.12102923	9.33690831
139.05429106	-0.74651840	9.41314170
139.05429106	-1.76401272	9.38973839
139.05429106	-2.91522874	9.25551210
139.05429106	-4.18714480	9.01839732
139.05429106	-5.57346676	8.70481651
139.05429106	-7.06754512	8.32821269
139.05429106	-8.66046390	7.89164996
139.05429106	-10.34306900	7.39891642
139.05429106	-12.10588672	6.85414887
139.05429106	-13.93925000	6.26214234
139.05429106	-15.83303990	5.62734707
139.05429106	-17.77666207	4.95359710
139.05429106	-19.75873593	4.24281031
139.05429106	-21.76651125	3.49270792
139.05429106	-23.78532207	2.69427045
140.77500000	-25.67535099	1.63915670
140.77500000	-23.55240796	1.87067367
140.77500000	-21.45570222	2.16553995
140.77500000	-19.39105055	2.49701820
140.77500000	-17.36692657	2.85012687
140.77500000	-15.39322999	3.21660884
140.77500000	-13.48059545	3.59236201
140.77500000	-11.63982327	3.97513681
140.77500000	-9.88166847	4.36387559
140.77500000	-8.21651326	4.75741027
140.77500000	-6.65435604	5.15462529
140.77500000	-5.20462163	5.55382528
140.77500000	-3.87612346	5.95277196
140.77500000	-2.67480145	6.34197593
140.77500000	-1.60052248	6.69695904
140.77500000	-0.65563263	7.00451521
140.77500000	0.15363922	7.26578871
140.77500000	0.81818920	7.49302877
140.77500000	1.32543007	7.70589379
140.77500000	1.64963663	7.92877028
140.77500000	1.74799012	8.13994393
140.77500000	1.73968927	8.21876318
140.77500000	1.71144457	8.29415074
140.77500000	1.55869768	8.47935812
140.77500000	1.22097974	8.69378891
140.77500000	0.69935805	8.89131026
140.77500000	0.00349950	9.04243499
140.77500000	-0.85541101	9.11895717
140.77500000	-1.86291975	9.09754763
140.77500000	-3.00305187	8.96691129
140.77500000	-4.26284734	8.73438707
140.77500000	-5.63592174	8.42574349
140.77500000	-7.11577038	8.05482361
140.77500000	-8.69356768	7.62467863
140.77500000	-10.36024644	7.13905134
140.77500000	-12.10641210	6.60199525
140.77500000	-13.92247885	6.01822230
140.77500000	-15.79842244	5.39213056
140.77500000	-17.72374991	4.72750886
140.77500000	-19.68719080	4.02624130
140.77500000	-21.67613159	3.28607319
140.77500000	-23.67606190	2.49804129
142.39463790	-25.31995451	1.43406890
142.39463790	-23.24063596	1.65802682
142.39463790	-21.18695402	1.94411926
142.39463790	-19.16463603	2.26618705
142.39463790	-17.18199523	2.60955975
142.39463790	-15.24874077	2.96618678
142.39463790	-13.37529334	3.33206354
142.39463790	-11.57223784	3.70501639
142.39463790	-9.85010403	4.08399017
142.39463790	-8.21906120	4.46784283
142.39463790	-6.68889262	4.85544260
142.39463790	-5.26882593	5.24511707
142.39463790	-3.96748025	5.63463183
142.39463790	-2.79048157	6.01408631
142.39463790	-1.73775473	6.35962802
142.39463790	-0.81180903	6.65891115
142.39463790	-0.01882714	6.91333150
142.39463790	0.63226222	7.13499119
142.39463790	1.12915635	7.34307162
142.39463790	1.44665710	7.56130825
142.39463790	1.54271775	7.76820966
142.39463790	1.53444406	7.84537942
142.39463790	1.50665902	7.91913930
142.39463790	1.35685593	8.10026351
142.39463790	1.02605308	8.30996753
142.39463790	0.51533842	8.50332733
142.39463790	-0.16585041	8.65176987
142.39463790	-1.00666872	8.72794747
142.39463790	-1.99312625	8.70906532
142.39463790	-3.10967550	8.58373675
142.39463790	-4.34352609	8.35847315
142.39463790	-5.68823481	8.05801950
142.39463790	-7.13754189	7.69665133
142.39463790	-8.68281011	7.27738755
142.39463790	-10.31515805	6.80388675
142.39463790	-12.02537213	6.28007321
142.39463790	-13.80405158	5.71052152
142.39463790	-15.64137812	5.09953529
142.39463790	-17.52707744	4.45082510
142.39463790	-19.45011612	3.76623407
142.39463790	-21.39816192	3.04358239
142.39463790	-23.35702825	2.27410351
143.89545969	-24.69199994	1.24063389
143.89545969	-22.68436084	1.45535054
143.89545969	-20.70124726	1.72948712
143.89545969	-18.74830799	2.03816625
143.89545969	-16.83363223	2.36741370
143.89545969	-14.96663256	2.70958516
143.89545969	-13.15738765	3.06086679
143.89545969	-11.41613046	3.41920422
143.89545969	-9.75302636	3.78355858
143.89545969	-8.17789593	4.15282348
143.89545969	-6.70017643	4.52585950
143.89545969	-5.32877446	4.90103310
143.89545969	-4.07199609	5.27612771
143.89545969	-2.93504188	5.64084823
143.89545969	-1.91790378	5.97232429
143.89545969	-1.02324245	6.25930928
143.89545969	-0.25712494	6.50347650
143.89545969	0.37180459	6.71664702
143.89545969	0.85167930	6.91727702
143.89545969	1.15811935	7.12813067
143.89545969	1.25034437	7.32811411
143.89545969	1.24212041	7.40259446
143.89545969	1.21510253	7.47372590
143.89545969	1.07018211	7.64833103
143.89545969	0.75069300	7.85055030
143.89545969	0.25769039	8.03727436
143.89545969	-0.39976168	8.18122665
143.89545969	-1.21131642	8.25627542
143.89545969	-2.16364239	8.24042392
143.89545969	-3.24181914	8.12226591
143.89545969	-4.43336781	7.90729910
143.89545969	-5.73183660	7.61883182
143.89545969	-7.13130688	7.27150046
143.89545969	-8.62344374	6.86826756
143.89545969	-10.19966691	6.41266067
143.89545969	-11.85106535	5.90842820
143.89545969	-13.56854885	5.35995433
143.89545969	-15.34264037	4.77141201
143.89545969	-17.16342991	4.14641950
143.89545969	-19.02028450	3.48681862
143.89545969	-20.90134700	2.79065200
143.89545969	-22.79299612	2.04968071
145.26102203	-23.77346630	1.08057524
145.26102203	-21.86711416	1.28438519
145.26102203	-19.98370622	1.54350091
145.26102203	-18.12878452	1.83493820
145.26102203	-16.31012634	2.14576246
145.26102203	-14.53672563	2.46891827
145.26102203	-12.81817983	2.80087431
145.26102203	-11.16422406	3.13974058
145.26102203	-9.58451308	3.48451742
145.26102203	-8.08837590	3.83415065
145.26102203	-6.68476693	4.18751129
145.26102203	-5.38214210	4.54302779
145.26102203	-4.18836989	4.89852096
145.26102203	-3.10813465	5.24340472
145.26102203	-2.14150565	5.55617241
145.26102203	-1.29125241	5.82684388
145.26102203	-0.56323848	6.05735010
145.26102203	0.03429613	6.25906909
145.26102203	0.49007717	6.44947881
145.26102203	0.78083883	6.65006721
145.26102203	0.86761681	6.84032493
145.26102203	0.85947588	6.91102046
145.26102203	0.83356233	6.97846606
145.26102203	0.69556339	7.14395279
145.26102203	0.39200737	7.33569061
145.26102203	-0.07612776	7.51299904
145.26102203	-0.70028495	7.65029302
145.26102203	-1.47076427	7.72302992
145.26102203	-2.37508331	7.71031547
145.26102203	-3.39915995	7.60086498
145.26102203	-4.53100245	7.39905756
145.26102203	-5.76423140	7.12636887
145.26102203	-7.09336251	6.79763600
145.26102203	-8.51048876	6.41574770
145.26102203	-10.00745588	5.98405130
145.26102203	-11.57578667	5.50607151
145.26102203	-13.20683455	4.98594130
145.26102203	-14.89160430	4.42765180
145.26102203	-16.62069849	3.83469249
145.26102203	-18.38404797	3.20891360
145.26102203	-20.17045915	2.54868058
145.26102203	-21.96710479	1.84654213
146.47636355	-22.61048736	0.96402442
146.47636355	-20.82961382	1.15357800
146.47636355	-19.07007921	1.39456703
146.47636355	-17.33711193	1.66569009
146.47636355	-15.63800422	1.95494764
146.47636355	-13.98117794	2.25582347
146.47636355	-12.37560848	2.56505042
146.47636355	-10.83039967	2.88089682
146.47636355	-9.35456947	3.20240911
146.47636355	-7.95683401	3.52859514
146.47636355	-6.64555084	3.85835725
146.47636355	-5.42861658	4.19020809
146.47636355	-4.31335837	4.52202733
146.47636355	-3.30389668	4.84312207
146.47636355	-2.40038122	5.13366490
146.47636355	-1.60562532	5.38500028
146.47636355	-0.92520291	5.59925659
146.47636355	-0.36684547	5.78720737
146.47636355	0.05890116	5.96513176
146.47636355	0.33017786	6.15296978
146.47636355	0.41037110	6.33106445
146.47636355	0.40238366	6.39705847
146.47636355	0.37790840	6.45994012
146.47636355	0.24864876	6.61417714
146.47636355	-0.03501183	6.79297251
146.47636355	-0.47219379	6.95857218
146.47636355	-1.05495909	7.08736894
146.47636355	-1.77436575	7.15669100
146.47636355	-2.61892054	7.14701034
146.47636355	-3.57555102	7.04735158
146.47636355	-4.63292343	6.86100441
146.47636355	-5.78482802	6.60734815
146.47636355	-7.02627014	6.30114499
146.47636355	-8.34987754	5.94519321
146.47636355	-9.74802803	5.54261703
146.47636355	-11.21279159	5.09668217
146.47636355	-12.73607940	4.61122035
146.47636355	-14.30949541	4.08998718
146.47636355	-15.92427289	3.53627927
146.47636355	-17.57102563	2.95188215
146.47636355	-19.23933760	2.33538352
146.47636355	-20.91727639	1.67996605
147.52816870	-21.31309692	0.89139209
147.52816870	-19.67007241	1.06121606
147.52816870	-18.04733841	1.28099217
147.52816870	-16.44941527	1.52986226
147.52816870	-14.88286300	1.79609668
147.52816870	-13.35536912	2.07337856
147.52816870	-11.87517275	2.35854761
147.52816870	-10.45065598	2.64995812
147.52816870	-9.09012438	2.94668315
147.52816870	-7.80161136	3.24778679
147.52816870	-6.59281454	3.55221492
147.52816870	-5.47101072	3.85857576
147.52816870	-4.44292906	4.16482356
147.52816870	-3.51213472	4.46038074
147.52816870	-2.67884691	4.72725060
147.52816870	-1.94584954	4.95802946
147.52816870	-1.31836458	5.15495678
147.52816870	-0.80355463	5.32808641
147.52816870	-0.41116347	5.49237922
147.52816870	-0.16147211	5.66609838
147.52816870	-0.08841857	5.83065301
147.52816870	-0.09612839	5.89145260
147.52816870	-0.11893571	5.94930340
147.52816870	-0.23840773	6.09115728
147.52816870	-0.49996201	6.25570003
147.52816870	-0.90283130	6.40835189
147.52816870	-1.43975289	6.52760999
147.52816870	-2.10259242	6.59280184
147.52816870	-2.88090665	6.58592687
147.52816870	-3.76272598	6.49649942
147.52816870	-4.73749732	6.32686138
147.52816870	-5.79926938	6.09423816
147.52816870	-6.94354348	5.81301979
147.52816870	-8.16354342	5.48590349
147.52816870	-9.45224004	5.11576841
147.52816870	-10.80231590	4.70560533
147.52816870	-12.20630302	4.25891173
147.52816870	-13.65646252	3.77914862
147.52816870	-15.14470531	3.26931248
147.52816870	-16.66235362	2.73092648
147.52816870	-18.19974774	2.16241481
147.52816870	-19.74574432	1.55687045
148.40491369	-20.02733950	0.85360527
148.40491369	-18.51993892	0.99963377
148.40491369	-17.03245061	1.19674261
148.40491369	-15.56836742	1.42321947
148.40491369	-14.13334704	1.66690320
148.40491369	-12.73425808	1.92131309
148.40491369	-11.37856705	2.18322598
148.40491369	-10.07392029	2.45100112
148.40491369	-8.82791043	2.72371420
148.40491369	-7.64789069	3.00047367
148.40491369	-6.54090502	3.28027319
148.40491369	-5.51361523	3.56181526
148.40491369	-4.57215966	3.84313631
148.40491369	-3.71960996	4.11396542
148.40491369	-2.95623303	4.35807530
148.40491369	-2.28472281	4.56913189
148.40491369	-1.70992706	4.74939624
148.40491369	-1.23843783	4.90816247
148.40491369	-0.87920367	5.05908360
148.40491369	-0.65090485	5.21876917
148.40491369	-0.58474667	5.36981144
148.40491369	-0.59203415	5.42548441
148.40491369	-0.61312687	5.47836208
148.40491369	-0.72280413	5.60798264
148.40491369	-0.96237170	5.75843648
148.40491369	-1.33116181	5.89826783
148.40491369	-1.82257813	6.00801240
148.40491369	-2.42927087	6.06893976
148.40491369	-3.14181400	6.06458291
148.40491369	-3.94932897	5.98505281
148.40491369	-4.84207995	5.83193889
148.40491369	-5.81442641	5.62046417
148.40491369	-6.86232362	5.36442423
148.40491369	-7.97958774	5.06640504
148.40491369	-9.15977925	4.72903701
148.40491369	-10.39619063	4.35503698
148.40491369	-11.68196883	3.94756003
148.40491369	-13.01001679	3.50973323
148.40491369	-14.37289504	3.04416828
148.40491369	-15.76258185	2.55194738
148.40491369	-17.17007124	2.03095880
148.40491369	-18.58482062	1.47349247
149.09699273	-18.88548860	0.83816383
149.09699273	-17.49848641	0.96129696
149.09699273	-16.13130999	1.13748482
149.09699273	-14.78641473	1.34378034
149.09699273	-13.46858845	1.56738219
149.09699273	-12.18393579	1.80152823
149.09699273	-10.93921870	2.04287518
149.09699273	-9.74142016	2.28975471
149.09699273	-8.59749530	2.54123600
149.09699273	-7.51419017	2.79646215
149.09699273	-6.49796704	3.05447202
149.09699273	-5.55493987	3.31405141
149.09699273	-4.69072290	3.57331712
149.09699273	-3.90798759	3.82240040
149.09699273	-3.20702750	4.04660623
149.09699273	-2.59041824	4.24044135
149.09699273	-2.06265810	4.40612953
149.09699273	-1.62982616	4.55226037
149.09699273	-1.30016189	4.69132456
149.09699273	-1.09089888	4.83847047
149.09699273	-1.03075917	4.97741890
149.09699273	-1.03768264	5.02848850
149.09699273	-1.05720188	5.07695342
149.09699273	-1.15808842	5.19572873
149.09699273	-1.37803285	5.33369056
149.09699273	-1.71644850	5.46214477
149.09699273	-2.16732963	5.56340665
149.09699273	-2.72401358	5.62044418
149.09699273	-3.37796254	5.61816308
149.09699273	-4.11926509	5.54727481
149.09699273	-4.93893866	5.40881996
149.09699273	-5.83165626	5.21633425
149.09699273	-6.79375107	4.98293236
149.09699273	-7.81956502	4.71108716
149.09699273	-8.90318322	4.40320174
149.09699273	-10.03844146	4.06174637
149.09699273	-11.21903321	3.68956509
149.09699273	-12.43842699	3.28946633
149.09699273	-13.68975112	2.86368166
149.09699273	-14.96554812	2.41282964
149.09699273	-16.25735557	1.93418065
149.09699273	-17.55509662	1.41905102
149.59682323	-17.99329142	0.83399491
149.59682323	-16.70076214	0.93966813
149.59682323	-15.42791615	1.09962775
149.59682323	-14.17643343	1.29012141
149.59682323	-12.95044048	1.49793391
149.59682323	-11.75545301	1.71612358
149.59682323	-10.59768539	1.94127220
149.59682323	-9.48360219	2.17169535
149.59682323	-8.41966012	2.40646216
149.59682323	-7.41212960	2.64474362
149.59682323	-6.46701786	2.88561715
149.59682323	-5.59000982	3.12793424
149.59682323	-4.78631110	3.36988097
149.59682323	-4.05830374	3.60197883
149.59682323	-3.40629359	3.81070281
149.59682323	-2.83274278	3.99115494
149.59682323	-2.34186660	4.14549864
149.59682323	-1.93933845	4.28175719
149.59682323	-1.63283975	4.41151336
149.59682323	-1.43845574	4.54878038
149.59682323	-1.38293380	4.67821162
149.59682323	-1.38953408	4.72569305
149.59682323	-1.40779332	4.77071423
149.59682323	-1.50175803	4.88103125
149.59682323	-1.70632000	5.00924496
149.59682323	-2.02095296	5.12880211
149.59682323	-2.44010851	5.22338658
149.59682323	-2.95765201	5.27727333
149.59682323	-3.56572671	5.27644380
149.59682323	-4.25517163	5.21211788
149.59682323	-5.01760619	5.08497712
149.59682323	-5.84797197	4.90729798
149.59682323	-6.74288431	4.69157520
149.59682323	-7.69709464	4.44018198
149.59682323	-8.70509828	4.15534049
149.59682323	-9.76115629	3.83932729
149.59682323	-10.85939008	3.49474313
149.59682323	-11.99370995	3.12414490
149.59682323	-13.15768870	2.72946994
149.59682323	-14.34431325	2.31098955
149.59682323	-15.54555420	1.86552934
149.59682323	-16.75171833	1.38373217
150.00000000	-17.23281344	0.83415196
150.00000000	-16.02130039	0.92626764
150.00000000	-14.82915002	1.07292439
150.00000000	-13.65747834	1.25007951
150.00000000	-12.50990031	1.44437934
150.00000000	-11.39145522	1.64883541
150.00000000	-10.30790222	1.86001545
150.00000000	-9.26526835	2.07624185
150.00000000	-8.26958686	2.29659321
150.00000000	-7.32672291	2.52026813
150.00000000	-6.44229591	2.74638040
150.00000000	-5.62162477	2.97383892
150.00000000	-4.86956804	3.20089490
150.00000000	-4.18827682	3.41845067
150.00000000	-3.57806279	3.61395916
150.00000000	-3.04127924	3.78299258
150.00000000	-2.58189413	3.92764462
150.00000000	-2.20523166	4.05544782
150.00000000	-1.91849485	4.17721448
150.00000000	-1.73678101	4.30599902
150.00000000	-1.68514153	4.42727872
150.00000000	-1.69142383	4.47170856
150.00000000	-1.70859039	4.51380015
150.00000000	-1.79662638	4.61692520
150.00000000	-1.98805985	4.73684264
150.00000000	-2.28241447	4.84880547
150.00000000	-2.67452671	4.93764522
150.00000000	-3.15870334	4.98873392
150.00000000	-3.72765624	4.98896817
150.00000000	-4.37285695	4.93002487
150.00000000	-5.08644410	4.81232488
150.00000000	-5.86360406	4.64711351
150.00000000	-6.70118549	4.44630200
150.00000000	-7.59428720	4.21217007
150.00000000	-8.53775398	3.94678458
150.00000000	-9.52620975	3.65225794
150.00000000	-10.55414202	3.33098754
150.00000000	-11.61583925	2.98532210
150.00000000	-12.70525814	2.61696826
150.00000000	-13.81577654	2.22595026
150.00000000	-14.93975981	1.80881992
150.00000000	-16.06789449	1.35586076
