0.02600000	-0.01533107	-0.01900419
0.02600000	-0.01370040	-0.01710647
0.02600000	-0.01189425	-0.01538623
0.02600000	-0.01005684	-0.01374428
0.02600000	-0.00822548	-0.01215756
0.02600000	-0.00642446	-0.01061410
0.02600000	-0.00468362	-0.00909892
0.02600000	-0.00302391	-0.00760390
0.02600000	-0.00147523	-0.00611519
0.02600000	-0.00007585	-0.00461491
0.02600000	0.00115209	-0.00310695
0.02600000	0.00220042	-0.00160958
0.02600000	0.00305833	-0.00013994
0.02600000	0.00372644	0.00127738
0.02600000	0.00420973	0.00261698
0.02600000	0.00451514	0.00385389
0.02600000	0.00465464	0.00496244
0.02600000	0.00461223	0.00591581
0.02600000	0.00439698	0.00667249
0.02600000	0.00408810	0.00720599
0.02600000	0.00379519	0.00753828
0.02600000	0.00359153	0.00771078
0.02600000	0.00351946	0.00776327
0.02600000	0.00344452	0.00781436
0.02600000	0.00320913	0.00794957
0.02600000	0.00279149	0.00811935
0.02600000	0.00218036	0.00826257
0.02600000	0.00138004	0.00829110
0.02600000	0.00042537	0.00811510
0.02600000	-0.00064004	0.00771979
0.02600000	-0.00178413	0.00711139
0.02600000	-0.00297514	0.00628702
0.02600000	-0.00417890	0.00524258
0.02600000	-0.00536888	0.00398560
0.02600000	-0.00652616	0.00253052
0.02600000	-0.00763138	0.00088991
0.02600000	-0.00867698	-0.00091618
0.02600000	-0.00965517	-0.00287006
0.02600000	-0.01057139	-0.00494927
0.02600000	-0.01144351	-0.00712879
0.02600000	-0.01227703	-0.00939297
0.02600000	-0.01310259	-0.01171572
0.02600000	-0.01391473	-0.01408846
0.02600000	-0.01469383	-0.01650919
0.02972000	-0.01704800	-0.01859388
0.02972000	-0.01526935	-0.01679823
0.02972000	-0.01337588	-0.01514224
0.02972000	-0.01147196	-0.01354431
0.02972000	-0.00959796	-0.01197445
0.02972000	-0.00777864	-0.01041982
0.02972000	-0.00603439	-0.00887665
0.02972000	-0.00437162	-0.00735470
0.02972000	-0.00280366	-0.00585771
0.02972000	-0.00137284	-0.00436124
0.02972000	-0.00009083	-0.00287524
0.02972000	0.00104239	-0.00141956
0.02972000	0.00202649	-0.00001195
0.02972000	0.00285090	0.00133761
0.02972000	0.00351089	0.00261444
0.02972000	0.00400451	0.00380176
0.02972000	0.00432977	0.00488159
0.02972000	0.00447992	0.00583342
0.02972000	0.00444776	0.00662705
0.02972000	0.00427054	0.00722295
0.02972000	0.00404791	0.00761021
0.02972000	0.00386466	0.00780707
0.02972000	0.00379575	0.00786491
0.02972000	0.00372160	0.00791997
0.02972000	0.00348070	0.00805514
0.02972000	0.00304255	0.00819099
0.02972000	0.00240799	0.00826799
0.02972000	0.00159278	0.00822597
0.02972000	0.00062413	0.00802358
0.02972000	-0.00046976	0.00764426
0.02972000	-0.00166200	0.00707779
0.02972000	-0.00292388	0.00631330
0.02972000	-0.00422354	0.00534077
0.02972000	-0.00552574	0.00415257
0.02972000	-0.00680655	0.00275778
0.02972000	-0.00805129	0.00117366
0.02972000	-0.00923633	-0.00059065
0.02972000	-0.01034047	-0.00252267
0.02972000	-0.01136501	-0.00459752
0.02972000	-0.01235559	-0.00677359
0.02972000	-0.01331405	-0.00903611
0.02972000	-0.01427377	-0.01135576
0.02972000	-0.01524541	-0.01371690
0.02972000	-0.01620675	-0.01611901
0.03344000	-0.01865431	-0.01842016
0.03344000	-0.01676547	-0.01665675
0.03344000	-0.01479758	-0.01500339
0.03344000	-0.01283445	-0.01339094
0.03344000	-0.01091144	-0.01179483
0.03344000	-0.00904595	-0.01021189
0.03344000	-0.00725491	-0.00864259
0.03344000	-0.00554738	-0.00709450
0.03344000	-0.00393831	-0.00556994
0.03344000	-0.00245296	-0.00406137
0.03344000	-0.00110072	-0.00257853
0.03344000	0.00011853	-0.00113916
0.03344000	0.00120584	0.00024005
0.03344000	0.00215667	0.00154818
0.03344000	0.00296323	0.00277695
0.03344000	0.00361578	0.00391855
0.03344000	0.00410327	0.00496375
0.03344000	0.00441337	0.00589924
0.03344000	0.00453369	0.00670278
0.03344000	0.00447437	0.00733543
0.03344000	0.00430661	0.00775950
0.03344000	0.00413922	0.00797746
0.03344000	0.00407209	0.00804032
0.03344000	0.00399781	0.00809897
0.03344000	0.00375036	0.00823608
0.03344000	0.00329715	0.00836045
0.03344000	0.00264373	0.00840644
0.03344000	0.00181083	0.00832575
0.03344000	0.00082342	0.00809327
0.03344000	-0.00029313	0.00769132
0.03344000	-0.00151358	0.00710744
0.03344000	-0.00281260	0.00633323
0.03344000	-0.00416386	0.00536247
0.03344000	-0.00554007	0.00419159
0.03344000	-0.00691752	0.00282429
0.03344000	-0.00827412	0.00126765
0.03344000	-0.00958263	-0.00047378
0.03344000	-0.01081540	-0.00239250
0.03344000	-0.01196901	-0.00446458
0.03344000	-0.01308183	-0.00664775
0.03344000	-0.01418557	-0.00891112
0.03344000	-0.01531345	-0.01122307
0.03344000	-0.01646683	-0.01357075
0.03344000	-0.01761683	-0.01595733
0.03716000	-0.02021367	-0.01846133
0.03716000	-0.01822034	-0.01669187
0.03716000	-0.01617869	-0.01500200
0.03716000	-0.01415443	-0.01333840
0.03716000	-0.01217558	-0.01168608
0.03716000	-0.01025062	-0.01005358
0.03716000	-0.00839240	-0.00844636
0.03716000	-0.00661574	-0.00686579
0.03716000	-0.00494990	-0.00529894
0.03716000	-0.00339792	-0.00376183
0.03716000	-0.00196511	-0.00226707
0.03716000	-0.00065671	-0.00082623
0.03716000	0.00052582	0.00054675
0.03716000	0.00158435	0.00183659
0.03716000	0.00251214	0.00303626
0.03716000	0.00329638	0.00414345
0.03716000	0.00392118	0.00515629
0.03716000	0.00436948	0.00606922
0.03716000	0.00462544	0.00686786
0.03716000	0.00468147	0.00752102
0.03716000	0.00456627	0.00797611
0.03716000	0.00441414	0.00821521
0.03716000	0.00434800	0.00828321
0.03716000	0.00427276	0.00834516
0.03716000	0.00401693	0.00848428
0.03716000	0.00354802	0.00860380
0.03716000	0.00287399	0.00863051
0.03716000	0.00201941	0.00851897
0.03716000	0.00101136	0.00824465
0.03716000	-0.00012321	0.00779022
0.03716000	-0.00135926	0.00714693
0.03716000	-0.00267564	0.00631435
0.03716000	-0.00405545	0.00529792
0.03716000	-0.00548449	0.00410549
0.03716000	-0.00693934	0.00273462
0.03716000	-0.00838937	0.00117895
0.03716000	-0.00980954	-0.00055782
0.03716000	-0.01117411	-0.00246972
0.03716000	-0.01247410	-0.00453748
0.03716000	-0.01371475	-0.00673519
0.03716000	-0.01498083	-0.00899839
0.03716000	-0.01629499	-0.01129833
0.03716000	-0.01764043	-0.01363109
0.03716000	-0.01898122	-0.01600496
0.04088000	-0.02174115	-0.01860593
0.04088000	-0.01962998	-0.01682752
0.04088000	-0.01750152	-0.01509638
0.04088000	-0.01540263	-0.01337802
0.04088000	-0.01335372	-0.01166731
0.04088000	-0.01135919	-0.00997864
0.04088000	-0.00942942	-0.00832098
0.04088000	-0.00757645	-0.00669940
0.04088000	-0.00584199	-0.00508723
0.04088000	-0.00421701	-0.00351389
0.04088000	-0.00270270	-0.00199608
0.04088000	-0.00130920	-0.00054019
0.04088000	-0.00004062	0.00084230
0.04088000	0.00110721	0.00213370
0.04088000	0.00213012	0.00332528
0.04088000	0.00301648	0.00441542
0.04088000	0.00375011	0.00540567
0.04088000	0.00431275	0.00629617
0.04088000	0.00468713	0.00708016
0.04088000	0.00485566	0.00773803
0.04088000	0.00480502	0.00822049
0.04088000	0.00467255	0.00848185
0.04088000	0.00460702	0.00855497
0.04088000	0.00453028	0.00861983
0.04088000	0.00426427	0.00875886
0.04088000	0.00377703	0.00886611
0.04088000	0.00308141	0.00886492
0.04088000	0.00220574	0.00871275
0.04088000	0.00117934	0.00838527
0.04088000	0.00003077	0.00786617
0.04088000	-0.00121536	0.00715041
0.04088000	-0.00254198	0.00624456
0.04088000	-0.00394124	0.00516467
0.04088000	-0.00541101	0.00392995
0.04088000	-0.00692640	0.00253218
0.04088000	-0.00845467	0.00095897
0.04088000	-0.00997598	-0.00078440
0.04088000	-0.01147062	-0.00269092
0.04088000	-0.01292548	-0.00474716
0.04088000	-0.01431303	-0.00694910
0.04088000	-0.01575620	-0.00920048
0.04088000	-0.01726053	-0.01148040
0.04088000	-0.01879482	-0.01379452
0.04088000	-0.02031947	-0.01615533
0.04460000	-0.02316490	-0.01875632
0.04460000	-0.02093157	-0.01697919
0.04460000	-0.01871190	-0.01521538
0.04460000	-0.01653352	-0.01345131
0.04460000	-0.01440948	-0.01169151
0.04460000	-0.01234234	-0.00995349
0.04460000	-0.01034215	-0.00824724
0.04460000	-0.00841731	-0.00658276
0.04460000	-0.00661053	-0.00493219
0.04460000	-0.00491218	-0.00332609
0.04460000	-0.00332211	-0.00178295
0.04460000	-0.00185300	-0.00030664
0.04460000	-0.00051115	0.00109316
0.04460000	0.00070649	0.00239918
0.04460000	0.00179909	0.00359927
0.04460000	0.00275973	0.00468813
0.04460000	0.00357511	0.00566664
0.04460000	0.00422826	0.00653777
0.04460000	0.00470157	0.00730112
0.04460000	0.00497243	0.00794911
0.04460000	0.00500089	0.00844935
0.04460000	0.00489399	0.00873170
0.04460000	0.00482922	0.00880976
0.04460000	0.00475086	0.00887726
0.04460000	0.00447426	0.00901453
0.04460000	0.00396877	0.00910515
0.04460000	0.00325325	0.00907364
0.04460000	0.00235864	0.00888110
0.04460000	0.00131573	0.00850327
0.04460000	0.00015429	0.00792440
0.04460000	-0.00110126	0.00714161
0.04460000	-0.00243691	0.00616613
0.04460000	-0.00385207	0.00502193
0.04460000	-0.00535283	0.00373592
0.04460000	-0.00691384	0.00229753
0.04460000	-0.00850715	0.00069718
0.04460000	-0.01011785	-0.00105816
0.04460000	-0.01173170	-0.00296002
0.04460000	-0.01333330	-0.00499980
0.04460000	-0.01488603	-0.00718373
0.04460000	-0.01650546	-0.00941021
0.04460000	-0.01818377	-0.01166650
0.04460000	-0.01988551	-0.01396289
0.04460000	-0.02157214	-0.01631291
0.04832000	-0.02439860	-0.01880052
0.04832000	-0.02205236	-0.01704099
0.04832000	-0.01974736	-0.01526240
0.04832000	-0.01749387	-0.01347170
0.04832000	-0.01529854	-0.01168194
0.04832000	-0.01316323	-0.00991235
0.04832000	-0.01109921	-0.00817206
0.04832000	-0.00911327	-0.00647372
0.04832000	-0.00723900	-0.00479961
0.04832000	-0.00547332	-0.00317354
0.04832000	-0.00381844	-0.00161196
0.04832000	-0.00228709	-0.00011893
0.04832000	-0.00088702	0.00129696
0.04832000	0.00038148	0.00262095
0.04832000	0.00152094	0.00383718
0.04832000	0.00253152	0.00493360
0.04832000	0.00340458	0.00590759
0.04832000	0.00412544	0.00676242
0.04832000	0.00467611	0.00750261
0.04832000	0.00503109	0.00813094
0.04832000	0.00514122	0.00863396
0.04832000	0.00506282	0.00893254
0.04832000	0.00499921	0.00901496
0.04832000	0.00491957	0.00908477
0.04832000	0.00463383	0.00921986
0.04832000	0.00411319	0.00929475
0.04832000	0.00338162	0.00923878
0.04832000	0.00247083	0.00901692
0.04832000	0.00141207	0.00860448
0.04832000	0.00023598	0.00798496
0.04832000	-0.00103245	0.00715544
0.04832000	-0.00238033	0.00612902
0.04832000	-0.00381136	0.00493434
0.04832000	-0.00533504	0.00360131
0.04832000	-0.00693014	0.00212361
0.04832000	-0.00857628	0.00049833
0.04832000	-0.01026199	-0.00126630
0.04832000	-0.01197635	-0.00316086
0.04832000	-0.01370498	-0.00517817
0.04832000	-0.01542012	-0.00732121
0.04832000	-0.01719350	-0.00951382
0.04832000	-0.01901341	-0.01174630
0.04832000	-0.02084831	-0.01402734
0.04832000	-0.02266415	-0.01636814
0.05204000	-0.02538703	-0.01865525
0.05204000	-0.02294881	-0.01692866
0.05204000	-0.02057207	-0.01515695
0.05204000	-0.01825412	-0.01336388
0.05204000	-0.01599708	-0.01156888
0.05204000	-0.01380294	-0.00979175
0.05204000	-0.01168481	-0.00803986
0.05204000	-0.00964931	-0.00632663
0.05204000	-0.00771794	-0.00464831
0.05204000	-0.00589559	-0.00301990
0.05204000	-0.00418898	-0.00145331
0.05204000	-0.00260956	0.00004571
0.05204000	-0.00116591	0.00146909
0.05204000	0.00013784	0.00280526
0.05204000	0.00130672	0.00403529
0.05204000	0.00234851	0.00513961
0.05204000	0.00325957	0.00611098
0.05204000	0.00402743	0.00695162
0.05204000	0.00463321	0.00766966
0.05204000	0.00504931	0.00827562
0.05204000	0.00522639	0.00876970
0.05204000	0.00517337	0.00907809
0.05204000	0.00511118	0.00916387
0.05204000	0.00503092	0.00923561
0.05204000	0.00473905	0.00936969
0.05204000	0.00420818	0.00943491
0.05204000	0.00346518	0.00936666
0.05204000	0.00254097	0.00913307
0.05204000	0.00146638	0.00870854
0.05204000	0.00027263	0.00807456
0.05204000	-0.00101395	0.00722623
0.05204000	-0.00237961	0.00617614
0.05204000	-0.00382909	0.00495463
0.05204000	-0.00537184	0.00359170
0.05204000	-0.00699401	0.00208931
0.05204000	-0.00868200	0.00045107
0.05204000	-0.01042635	-0.00131390
0.05204000	-0.01221783	-0.00319559
0.05204000	-0.01404551	-0.00518491
0.05204000	-0.01589373	-0.00727635
0.05204000	-0.01778361	-0.00943274
0.05204000	-0.01970591	-0.01164220
0.05204000	-0.02163588	-0.01390831
0.05204000	-0.02354507	-0.01623821
0.05576000	-0.02614027	-0.01830496
0.05576000	-0.02363670	-0.01661952
0.05576000	-0.02120489	-0.01487357
0.05576000	-0.01883533	-0.01310082
0.05576000	-0.01652798	-0.01132416
0.05576000	-0.01428567	-0.00956300
0.05576000	-0.01212301	-0.00782300
0.05576000	-0.01004646	-0.00611831
0.05576000	-0.00806950	-0.00445462
0.05576000	-0.00620252	-0.00284066
0.05576000	-0.00445581	-0.00128451
0.05576000	-0.00283979	0.00020669
0.05576000	-0.00136349	0.00162504
0.05576000	-0.00003391	0.00296147
0.05576000	0.00115541	0.00419499
0.05576000	0.00221782	0.00530026
0.05576000	0.00315331	0.00626642
0.05576000	0.00395086	0.00709456
0.05576000	0.00459072	0.00779502
0.05576000	0.00504412	0.00838296
0.05576000	0.00526263	0.00886617
0.05576000	0.00522707	0.00917921
0.05576000	0.00516640	0.00926730
0.05576000	0.00508630	0.00934072
0.05576000	0.00479205	0.00947661
0.05576000	0.00425601	0.00954132
0.05576000	0.00350573	0.00947465
0.05576000	0.00257088	0.00924646
0.05576000	0.00148141	0.00883010
0.05576000	0.00026868	0.00820492
0.05576000	-0.00103967	0.00736344
0.05576000	-0.00242816	0.00631655
0.05576000	-0.00390047	0.00509451
0.05576000	-0.00546477	0.00372674
0.05576000	-0.00711284	0.00222169
0.05576000	-0.00883536	0.00058740
0.05576000	-0.01062397	-0.00116630
0.05576000	-0.01247037	-0.00302879
0.05576000	-0.01436603	-0.00498906
0.05576000	-0.01630192	-0.00703598
0.05576000	-0.01826821	-0.00915980
0.05576000	-0.02025798	-0.01134611
0.05576000	-0.02225134	-0.01359427
0.05576000	-0.02422400	-0.01590810
0.05948000	-0.02676314	-0.01783424
0.05948000	-0.02421627	-0.01618719
0.05948000	-0.02174224	-0.01447560
0.05948000	-0.01933080	-0.01273533
0.05948000	-0.01698193	-0.01098990
0.05948000	-0.01469900	-0.00925848
0.05948000	-0.01249721	-0.00754601
0.05948000	-0.01038293	-0.00586709
0.05948000	-0.00836825	-0.00422912
0.05948000	-0.00646491	-0.00263926
0.05948000	-0.00468413	-0.00110459
0.05948000	-0.00303623	0.00036752
0.05948000	-0.00153058	0.00176946
0.05948000	-0.00017497	0.00309273
0.05948000	0.00103719	0.00431568
0.05948000	0.00212043	0.00541112
0.05948000	0.00307567	0.00636710
0.05948000	0.00389212	0.00718461
0.05948000	0.00454998	0.00787464
0.05948000	0.00502035	0.00845384
0.05948000	0.00525479	0.00893249
0.05948000	0.00522707	0.00924768
0.05948000	0.00516771	0.00933726
0.05948000	0.00508836	0.00941226
0.05948000	0.00479458	0.00955282
0.05948000	0.00425681	0.00962498
0.05948000	0.00350195	0.00956922
0.05948000	0.00255890	0.00935529
0.05948000	0.00145708	0.00895578
0.05948000	0.00022764	0.00834892
0.05948000	-0.00110140	0.00752602
0.05948000	-0.00251378	0.00649714
0.05948000	-0.00401233	0.00529247
0.05948000	-0.00560449	0.00394151
0.05948000	-0.00728306	0.00245408
0.05948000	-0.00903953	0.00083916
0.05948000	-0.01086565	-0.00089326
0.05948000	-0.01275322	-0.00273239
0.05948000	-0.01469387	-0.00466702
0.05948000	-0.01667910	-0.00668546
0.05948000	-0.01869396	-0.00878286
0.05948000	-0.02073151	-0.01094457
0.05948000	-0.02277276	-0.01316928
0.05948000	-0.02479438	-0.01546028
0.06320000	-0.02737425	-0.01735239
0.06320000	-0.02479107	-0.01574263
0.06320000	-0.02227998	-0.01406681
0.06320000	-0.01983124	-0.01236111
0.06320000	-0.01744524	-0.01064913
0.06320000	-0.01512567	-0.00895007
0.06320000	-0.01288786	-0.00726863
0.06320000	-0.01073843	-0.00561936
0.06320000	-0.00868965	-0.00400947
0.06320000	-0.00675341	-0.00244598
0.06320000	-0.00494109	-0.00093579
0.06320000	-0.00326314	0.00051386
0.06320000	-0.00172913	0.00189549
0.06320000	-0.00034699	0.00320072
0.06320000	0.00088950	0.00440771
0.06320000	0.00199450	0.00548895
0.06320000	0.00296874	0.00643237
0.06320000	0.00380145	0.00723914
0.06320000	0.00447292	0.00792064
0.06320000	0.00495446	0.00849400
0.06320000	0.00519754	0.00897042
0.06320000	0.00517472	0.00928708
0.06320000	0.00511652	0.00937788
0.06320000	0.00503805	0.00945434
0.06320000	0.00474546	0.00959992
0.06320000	0.00420705	0.00968088
0.06320000	0.00344877	0.00963717
0.06320000	0.00249908	0.00943799
0.06320000	0.00138699	0.00905537
0.06320000	0.00014338	0.00846695
0.06320000	-0.00120380	0.00766349
0.06320000	-0.00263803	0.00665475
0.06320000	-0.00416158	0.00547101
0.06320000	-0.00578149	0.00414203
0.06320000	-0.00749036	0.00267758
0.06320000	-0.00927953	0.00108652
0.06320000	-0.01114055	-0.00062123
0.06320000	-0.01306504	-0.00243501
0.06320000	-0.01504439	-0.00434370
0.06320000	-0.01706990	-0.00633569
0.06320000	-0.01912651	-0.00840637
0.06320000	-0.02120699	-0.01054114
0.06320000	-0.02329230	-0.01273901
0.06320000	-0.02535908	-0.01500367
0.06692000	-0.02792106	-0.01683371
0.06692000	-0.02531064	-0.01526480
0.06692000	-0.02277132	-0.01362857
0.06692000	-0.02029394	-0.01196141
0.06692000	-0.01787924	-0.01028693
0.06692000	-0.01553123	-0.00862430
0.06692000	-0.01326531	-0.00697795
0.06692000	-0.01108834	-0.00536237
0.06692000	-0.00901272	-0.00378456
0.06692000	-0.00705045	-0.00225134
0.06692000	-0.00521303	-0.00076945
0.06692000	-0.00351104	0.00065405
0.06692000	-0.00195415	0.00201182
0.06692000	-0.00055046	0.00329559
0.06692000	0.00070594	0.00448341
0.06692000	0.00182878	0.00554752
0.06692000	0.00281857	0.00647584
0.06692000	0.00366458	0.00726971
0.06692000	0.00434723	0.00794086
0.06692000	0.00483811	0.00850687
0.06692000	0.00508874	0.00897972
0.06692000	0.00507059	0.00929688
0.06692000	0.00501367	0.00938856
0.06692000	0.00493628	0.00946619
0.06692000	0.00464573	0.00961620
0.06692000	0.00410834	0.00970548
0.06692000	0.00334906	0.00967364
0.06692000	0.00239582	0.00948946
0.06692000	0.00127715	0.00912454
0.06692000	0.00002353	0.00855598
0.06692000	-0.00133719	0.00777400
0.06692000	-0.00278826	0.00678800
0.06692000	-0.00433141	0.00562822
0.06692000	-0.00597324	0.00432463
0.06692000	-0.00770624	0.00288694
0.06692000	-0.00952158	0.00132386
0.06692000	-0.01141066	-0.00035481
0.06692000	-0.01336494	-0.00213854
0.06692000	-0.01537563	-0.00401632
0.06692000	-0.01743385	-0.00597668
0.06692000	-0.01952446	-0.00801524
0.06692000	-0.02164003	-0.01011749
0.06692000	-0.02376148	-0.01228274
0.06692000	-0.02586554	-0.01451503
0.07064000	-0.02815221	-0.01613565
0.07064000	-0.02554289	-0.01461886
0.07064000	-0.02300300	-0.01303437
0.07064000	-0.02052404	-0.01141836
0.07064000	-0.01810707	-0.00979419
0.07064000	-0.01575634	-0.00818079
0.07064000	-0.01348722	-0.00658232
0.07064000	-0.01130667	-0.00501304
0.07064000	-0.00922712	-0.00347969
0.07064000	-0.00726056	-0.00198885
0.07064000	-0.00541846	-0.00054704
0.07064000	-0.00371143	0.00083889
0.07064000	-0.00214915	0.00216181
0.07064000	-0.00073974	0.00341363
0.07064000	0.00052243	0.00457239
0.07064000	0.00165051	0.00561046
0.07064000	0.00264478	0.00651592
0.07064000	0.00349459	0.00729028
0.07064000	0.00418069	0.00794547
0.07064000	0.00467517	0.00849930
0.07064000	0.00493013	0.00896433
0.07064000	0.00491642	0.00927884
0.07064000	0.00486126	0.00937046
0.07064000	0.00478564	0.00944843
0.07064000	0.00449987	0.00960115
0.07064000	0.00396870	0.00969732
0.07064000	0.00321594	0.00967678
0.07064000	0.00226879	0.00950819
0.07064000	0.00115507	0.00916298
0.07064000	-0.00009535	0.00861803
0.07064000	-0.00145499	0.00786316
0.07064000	-0.00290708	0.00690736
0.07064000	-0.00445280	0.00578056
0.07064000	-0.00609834	0.00451265
0.07064000	-0.00783611	0.00311316
0.07064000	-0.00965728	0.00159062
0.07064000	-0.01155319	-0.00004539
0.07064000	-0.01351519	-0.00178454
0.07064000	-0.01553446	-0.00361607
0.07064000	-0.01760203	-0.00552871
0.07064000	-0.01970285	-0.00751832
0.07064000	-0.02182934	-0.00957066
0.07064000	-0.02396264	-0.01168526
0.07064000	-0.02607974	-0.01386646
0.07436000	-0.02816867	-0.01532529
0.07436000	-0.02558045	-0.01386789
0.07436000	-0.02305960	-0.01234298
0.07436000	-0.02059824	-0.01078626
0.07436000	-0.01819777	-0.00922069
0.07436000	-0.01586264	-0.00766481
0.07436000	-0.01360803	-0.00612250
0.07436000	-0.01144098	-0.00460772
0.07436000	-0.00937382	-0.00312689
0.07436000	-0.00741845	-0.00168635
0.07436000	-0.00558624	-0.00029235
0.07436000	-0.00388771	0.00104850
0.07436000	-0.00233250	0.00232931
0.07436000	-0.00092868	0.00354223
0.07436000	0.00032905	0.00466548
0.07436000	0.00145321	0.00567174
0.07436000	0.00244392	0.00654931
0.07436000	0.00329065	0.00729985
0.07436000	0.00397464	0.00793538
0.07436000	0.00446866	0.00847377
0.07436000	0.00472569	0.00892803
0.07436000	0.00471626	0.00923770
0.07436000	0.00466315	0.00932857
0.07436000	0.00458974	0.00940628
0.07436000	0.00431055	0.00956034
0.07436000	0.00378915	0.00966209
0.07436000	0.00304813	0.00965204
0.07436000	0.00211381	0.00949898
0.07436000	0.00101317	0.00917442
0.07436000	-0.00022469	0.00865518
0.07436000	-0.00157289	0.00793083
0.07436000	-0.00301473	0.00700996
0.07436000	-0.00455097	0.00592197
0.07436000	-0.00618730	0.00469644
0.07436000	-0.00791616	0.00334266
0.07436000	-0.00972874	0.00186893
0.07436000	-0.01161640	0.00028454
0.07436000	-0.01357049	-0.00140045
0.07436000	-0.01558219	-0.00317554
0.07436000	-0.01764253	-0.00502979
0.07436000	-0.01973665	-0.00695931
0.07436000	-0.02185691	-0.00895017
0.07436000	-0.02398475	-0.01100216
0.07436000	-0.02609761	-0.01311984
0.07808000	-0.02810147	-0.01448828
0.07808000	-0.02554373	-0.01309222
0.07808000	-0.02305116	-0.01162911
0.07808000	-0.02061652	-0.01013406
0.07808000	-0.01824148	-0.00862954
0.07808000	-0.01593066	-0.00713368
0.07808000	-0.01369900	-0.00565008
0.07808000	-0.01155359	-0.00419235
0.07808000	-0.00950663	-0.00276661
0.07808000	-0.00756984	-0.00137892
0.07808000	-0.00575449	-0.00003529
0.07808000	-0.00407097	0.00125797
0.07808000	-0.00252881	0.00249421
0.07808000	-0.00113605	0.00366580
0.07808000	0.00011227	0.00475131
0.07808000	0.00122808	0.00572377
0.07808000	0.00221129	0.00657173
0.07808000	0.00305162	0.00729697
0.07808000	0.00373079	0.00791153
0.07808000	0.00422235	0.00843327
0.07808000	0.00448028	0.00887558
0.07808000	0.00447491	0.00917946
0.07808000	0.00442394	0.00926925
0.07808000	0.00435290	0.00934640
0.07808000	0.00408098	0.00950104
0.07808000	0.00357083	0.00960754
0.07808000	0.00284383	0.00960726
0.07808000	0.00192535	0.00946924
0.07808000	0.00084150	0.00916520
0.07808000	-0.00037951	0.00867201
0.07808000	-0.00171141	0.00797906
0.07808000	-0.00313771	0.00709451
0.07808000	-0.00465872	0.00604720
0.07808000	-0.00627968	0.00486624
0.07808000	-0.00799306	0.00356067
0.07808000	-0.00979013	0.00213853
0.07808000	-0.01166226	0.00060881
0.07808000	-0.01360088	-0.00101871
0.07808000	-0.01559718	-0.00273387
0.07808000	-0.01764222	-0.00452603
0.07808000	-0.01972140	-0.00639156
0.07808000	-0.02182703	-0.00831689
0.07808000	-0.02394092	-0.01030207
0.07808000	-0.02604101	-0.01235181
0.08180000	-0.02798324	-0.01364875
0.08180000	-0.02546240	-0.01231426
0.08180000	-0.02300449	-0.01091337
0.08180000	-0.02060287	-0.00948049
0.08180000	-0.01825946	-0.00803761
0.08180000	-0.01597901	-0.00660242
0.08180000	-0.01377619	-0.00517824
0.08180000	-0.01165810	-0.00377830
0.08180000	-0.00963678	-0.00240844
0.08180000	-0.00772377	-0.00107445
0.08180000	-0.00593016	0.00021796
0.08180000	-0.00426623	0.00146271
0.08180000	-0.00274137	0.00265342
0.08180000	-0.00136356	0.00378273
0.08180000	-0.00012816	0.00482957
0.08180000	0.00097612	0.00576740
0.08180000	0.00194908	0.00658505
0.08180000	0.00278063	0.00728437
0.08180000	0.00345305	0.00787740
0.08180000	0.00394066	0.00838195
0.08180000	0.00419855	0.00881169
0.08180000	0.00419693	0.00910917
0.08180000	0.00414810	0.00919767
0.08180000	0.00407950	0.00927402
0.08180000	0.00381524	0.00942868
0.08180000	0.00331725	0.00953920
0.08180000	0.00260571	0.00954797
0.08180000	0.00170504	0.00942438
0.08180000	0.00064042	0.00914043
0.08180000	-0.00056084	0.00867312
0.08180000	-0.00187314	0.00801170
0.08180000	-0.00328022	0.00716390
0.08180000	-0.00478198	0.00615789
0.08180000	-0.00638321	0.00502230
0.08180000	-0.00807644	0.00376587
0.08180000	-0.00985303	0.00239641
0.08180000	-0.01170442	0.00092258
0.08180000	-0.01362210	-0.00064615
0.08180000	-0.01559732	-0.00229993
0.08180000	-0.01762122	-0.00402847
0.08180000	-0.01967945	-0.00582838
0.08180000	-0.02176432	-0.00768648
0.08180000	-0.02385804	-0.00960302
0.08180000	-0.02593909	-0.01158291
0.08552000	-0.02777967	-0.01278871
0.08552000	-0.02530445	-0.01151676
0.08552000	-0.02288983	-0.01017928
0.08552000	-0.02052972	-0.00880996
0.08552000	-0.01822628	-0.00743022
0.08552000	-0.01598434	-0.00605724
0.08552000	-0.01381826	-0.00469406
0.08552000	-0.01173514	-0.00335355
0.08552000	-0.00974678	-0.00204122
0.08552000	-0.00786452	-0.00076258
0.08552000	-0.00609925	0.00047691
0.08552000	-0.00446107	0.00167146
0.08552000	-0.00295922	0.00281495
0.08552000	-0.00160155	0.00390030
0.08552000	-0.00038378	0.00490684
0.08552000	0.00070480	0.00580857
0.08552000	0.00166381	0.00659461
0.08552000	0.00248344	0.00726694
0.08552000	0.00314652	0.00783750
0.08552000	0.00362821	0.00832396
0.08552000	0.00388483	0.00874020
0.08552000	0.00388663	0.00903045
0.08552000	0.00384000	0.00911734
0.08552000	0.00377395	0.00919262
0.08552000	0.00351794	0.00934659
0.08552000	0.00303341	0.00946034
0.08552000	0.00233933	0.00947739
0.08552000	0.00145916	0.00936763
0.08552000	0.00041710	0.00910343
0.08552000	-0.00076048	0.00866202
0.08552000	-0.00204874	0.00803256
0.08552000	-0.00343167	0.00722235
0.08552000	-0.00490880	0.00625882
0.08552000	-0.00648450	0.00517002
0.08552000	-0.00815136	0.00396440
0.08552000	-0.00990090	0.00264949
0.08552000	-0.01172465	0.00123364
0.08552000	-0.01361418	-0.00027403
0.08552000	-0.01556086	-0.00186399
0.08552000	-0.01755591	-0.00352631
0.08552000	-0.01958531	-0.00525785
0.08552000	-0.02164139	-0.00704584
0.08552000	-0.02370682	-0.00889072
0.08552000	-0.02576065	-0.01079753
0.08924000	-0.02747181	-0.01189893
0.08924000	-0.02505201	-0.01069079
0.08924000	-0.02269034	-0.00941834
0.08924000	-0.02038126	-0.00811434
0.08924000	-0.01812712	-0.00679960
0.08924000	-0.01593281	-0.00549074
0.08924000	-0.01381233	-0.00419056
0.08924000	-0.01177272	-0.00291148
0.08924000	-0.00982552	-0.00165870
0.08924000	-0.00798182	-0.00043747
0.08924000	-0.00625226	0.00074706
0.08924000	-0.00464671	0.00188935
0.08924000	-0.00317423	0.00298359
0.08924000	-0.00184253	0.00402294
0.08924000	-0.00064763	0.00498725
0.08924000	0.00042054	0.00585114
0.08924000	0.00136148	0.00660409
0.08924000	0.00216566	0.00724813
0.08924000	0.00281651	0.00779508
0.08924000	0.00329011	0.00826240
0.08924000	0.00354412	0.00866406
0.08924000	0.00354903	0.00894610
0.08924000	0.00350466	0.00903105
0.08924000	0.00344131	0.00910494
0.08924000	0.00319425	0.00925746
0.08924000	0.00272469	0.00937350
0.08924000	0.00205038	0.00939801
0.08924000	0.00119377	0.00930141
0.08924000	0.00017807	0.00905663
0.08924000	-0.00097136	0.00864119
0.08924000	-0.00223050	0.00804426
0.08924000	-0.00358368	0.00727270
0.08924000	-0.00503010	0.00635313
0.08924000	-0.00657369	0.00531290
0.08924000	-0.00820720	0.00416016
0.08924000	-0.00992227	0.00290213
0.08924000	-0.01171059	0.00154684
0.08924000	-0.01356387	0.00010305
0.08924000	-0.01547362	-0.00142007
0.08924000	-0.01743117	-0.00301298
0.08924000	-0.01942289	-0.00467275
0.08924000	-0.02144118	-0.00638709
0.08924000	-0.02346920	-0.00815660
0.08924000	-0.02548667	-0.00998640
0.09296000	-0.02708719	-0.01099842
0.09296000	-0.02473003	-0.00985409
0.09296000	-0.02242845	-0.00864688
0.09296000	-0.02017746	-0.00740858
0.09296000	-0.01797954	-0.00615932
0.09296000	-0.01583963	-0.00491513
0.09296000	-0.01377135	-0.00367856
0.09296000	-0.01178161	-0.00246157
0.09296000	-0.00988168	-0.00126907
0.09296000	-0.00808235	-0.00010601
0.09296000	-0.00639399	0.00102273
0.09296000	-0.00482622	0.00211190
0.09296000	-0.00338789	0.00315595
0.09296000	-0.00208653	0.00414837
0.09296000	-0.00091848	0.00506953
0.09296000	0.00012572	0.00589479
0.09296000	0.00104546	0.00661394
0.09296000	0.00183152	0.00722910
0.09296000	0.00246797	0.00775189
0.09296000	0.00293182	0.00819948
0.09296000	0.00318218	0.00858587
0.09296000	0.00318991	0.00885904
0.09296000	0.00314782	0.00894181
0.09296000	0.00308724	0.00901406
0.09296000	0.00284954	0.00916448
0.09296000	0.00239591	0.00928200
0.09296000	0.00174295	0.00931308
0.09296000	0.00091206	0.00922887
0.09296000	-0.00007457	0.00900284
0.09296000	-0.00119262	0.00861298
0.09296000	-0.00241893	0.00804848
0.09296000	-0.00373823	0.00731579
0.09296000	-0.00514942	0.00644066
0.09296000	-0.00665604	0.00544967
0.09296000	-0.00825096	0.00435064
0.09296000	-0.00992604	0.00315049
0.09296000	-0.01167312	0.00185690
0.09296000	-0.01348408	0.00047826
0.09296000	-0.01535058	-0.00097663
0.09296000	-0.01726415	-0.00249860
0.09296000	-0.01921154	-0.00408499
0.09296000	-0.02118526	-0.00572395
0.09296000	-0.02316901	-0.00741624
0.09296000	-0.02514321	-0.00916703
0.09668000	-0.02666599	-0.01011173
0.09668000	-0.02437507	-0.00902959
0.09668000	-0.02213720	-0.00788613
0.09668000	-0.01994789	-0.00671214
0.09668000	-0.01780976	-0.00552703
0.09668000	-0.01572777	-0.00434626
0.09668000	-0.01371509	-0.00317212
0.09668000	-0.01177855	-0.00201613
0.09668000	-0.00992910	-0.00088289
0.09668000	-0.00817721	0.00022293
0.09668000	-0.00653297	0.00129670
0.09668000	-0.00500574	0.00233347
0.09668000	-0.00360413	0.00332796
0.09668000	-0.00233550	0.00427395
0.09668000	-0.00119648	0.00515241
0.09668000	-0.00017821	0.00593942
0.09668000	0.00071861	0.00662514
0.09668000	0.00148509	0.00721171
0.09668000	0.00210592	0.00771056
0.09668000	0.00255908	0.00813850
0.09668000	0.00280514	0.00850951
0.09668000	0.00281541	0.00877356
0.09668000	0.00277557	0.00885403
0.09668000	0.00271774	0.00892452
0.09668000	0.00248948	0.00907244
0.09668000	0.00205210	0.00919083
0.09668000	0.00142107	0.00922774
0.09668000	0.00061680	0.00915504
0.09668000	-0.00033955	0.00894685
0.09668000	-0.00142470	0.00858161
0.09668000	-0.00261633	0.00804864
0.09668000	-0.00389963	0.00735398
0.09668000	-0.00527323	0.00652252
0.09668000	-0.00674031	0.00557999
0.09668000	-0.00829387	0.00453390
0.09668000	-0.00992599	0.00339088
0.09668000	-0.01162868	0.00215823
0.09668000	-0.01339401	0.00084401
0.09668000	-0.01521384	-0.00054337
0.09668000	-0.01707987	-0.00199514
0.09668000	-0.01897926	-0.00350884
0.09668000	-0.02090467	-0.00507310
0.09668000	-0.02284032	-0.00668881
0.09668000	-0.02476735	-0.00836117
0.10040000	-0.02623052	-0.00924954
0.10040000	-0.02400721	-0.00822709
0.10040000	-0.02183449	-0.00714493
0.10040000	-0.01970835	-0.00603283
0.10040000	-0.01763150	-0.00490953
0.10040000	-0.01560891	-0.00378988
0.10040000	-0.01365331	-0.00267597
0.10040000	-0.01177141	-0.00157886
0.10040000	-0.00997384	-0.00050286
0.10040000	-0.00827076	0.00054762
0.10040000	-0.00667197	0.00156821
0.10040000	-0.00518656	0.00255423
0.10040000	-0.00382289	0.00350067
0.10040000	-0.00258813	0.00440160
0.10040000	-0.00147923	0.00523859
0.10040000	-0.00048787	0.00598846
0.10040000	0.00038519	0.00664174
0.10040000	0.00113136	0.00720056
0.10040000	0.00173597	0.00767612
0.10040000	0.00217792	0.00808489
0.10040000	0.00241925	0.00844078
0.10040000	0.00243178	0.00869571
0.10040000	0.00239410	0.00877381
0.10040000	0.00233896	0.00884248
0.10040000	0.00212000	0.00898765
0.10040000	0.00169876	0.00910643
0.10040000	0.00108967	0.00914847
0.10040000	0.00031214	0.00908637
0.10040000	-0.00061363	0.00889495
0.10040000	-0.00166538	0.00855314
0.10040000	-0.00282166	0.00805037
0.10040000	-0.00406807	0.00739234
0.10040000	-0.00540307	0.00660304
0.10040000	-0.00682944	0.00570739
0.10040000	-0.00834036	0.00471256
0.10040000	-0.00992812	0.00362489
0.10040000	-0.01158493	0.00245135
0.10040000	-0.01330304	0.00119963
0.10040000	-0.01507451	-0.00012221
0.10040000	-0.01689124	-0.00150579
0.10040000	-0.01874080	-0.00294885
0.10040000	-0.02061598	-0.00444049
0.10040000	-0.02250158	-0.00598173
0.10040000	-0.02437942	-0.00757776
0.10412000	-0.02579243	-0.00841692
0.10412000	-0.02363667	-0.00745112
0.10412000	-0.02152916	-0.00642723
0.10412000	-0.01946631	-0.00537404
0.10412000	-0.01745091	-0.00430960
0.10412000	-0.01548790	-0.00324819
0.10412000	-0.01358960	-0.00219170
0.10412000	-0.01176258	-0.00115075
0.10412000	-0.01001715	-0.00012939
0.10412000	-0.00836317	0.00086822
0.10412000	-0.00681012	0.00183798
0.10412000	-0.00536684	0.00277545
0.10412000	-0.00404146	0.00367587
0.10412000	-0.00284093	0.00453361
0.10412000	-0.00176250	0.00533082
0.10412000	-0.00079835	0.00604508
0.10412000	0.00005066	0.00666724
0.10412000	0.00077629	0.00719944
0.10412000	0.00136447	0.00765266
0.10412000	0.00179500	0.00804297
0.10412000	0.00203135	0.00838418
0.10412000	0.00204589	0.00863013
0.10412000	0.00201029	0.00870589
0.10412000	0.00195772	0.00877271
0.10412000	0.00174780	0.00891499
0.10412000	0.00134235	0.00903376
0.10412000	0.00075483	0.00908027
0.10412000	0.00000370	0.00902788
0.10412000	-0.00089177	0.00885207
0.10412000	-0.00191028	0.00853228
0.10412000	-0.00303124	0.00805810
0.10412000	-0.00424069	0.00743490
0.10412000	-0.00553690	0.00668583
0.10412000	-0.00692231	0.00583497
0.10412000	-0.00839029	0.00488917
0.10412000	-0.00993333	0.00385448
0.10412000	-0.01154382	0.00273755
0.10412000	-0.01321424	0.00154575
0.10412000	-0.01493682	0.00028675
0.10412000	-0.01670367	-0.00103140
0.10412000	-0.01850279	-0.00240668
0.10412000	-0.02032709	-0.00382859
0.10412000	-0.02216192	-0.00529829
0.10412000	-0.02398978	-0.00682096
0.10784000	-0.02537134	-0.00762805
0.10784000	-0.02328100	-0.00671503
0.10784000	-0.02123669	-0.00574555
0.10784000	-0.01923520	-0.00474740
0.10784000	-0.01727941	-0.00373800
0.10784000	-0.01537421	-0.00273109
0.10784000	-0.01353153	-0.00172836
0.10784000	-0.01175779	-0.00074002
0.10784000	-0.01006301	0.00023014
0.10784000	-0.00845674	0.00117819
0.10784000	-0.00694817	0.00210024
0.10784000	-0.00554588	0.00299212
0.10784000	-0.00425777	0.00384931
0.10784000	-0.00309060	0.00466642
0.10784000	-0.00204190	0.00542623
0.10784000	-0.00110432	0.00610701
0.10784000	-0.00027876	0.00669990
0.10784000	0.00042683	0.00720708
0.10784000	0.00099897	0.00763926
0.10784000	0.00141831	0.00801215
0.10784000	0.00164970	0.00833942
0.10784000	0.00166606	0.00857677
0.10784000	0.00163240	0.00865026
0.10784000	0.00158228	0.00871528
0.10784000	0.00138091	0.00885465
0.10784000	0.00099051	0.00897312
0.10784000	0.00042362	0.00902348
0.10784000	-0.00030216	0.00897983
0.10784000	-0.00116847	0.00881831
0.10784000	-0.00215490	0.00851887
0.10784000	-0.00324168	0.00807128
0.10784000	-0.00441527	0.00748061
0.10784000	-0.00567380	0.00676922
0.10784000	-0.00701941	0.00596035
0.10784000	-0.00844561	0.00506055
0.10784000	-0.00994511	0.00407562
0.10784000	-0.01151050	0.00301189
0.10784000	-0.01313444	0.00187640
0.10784000	-0.01480936	0.00067651
0.10784000	-0.01652757	-0.00058011
0.10784000	-0.01827746	-0.00189158
0.10784000	-0.02005209	-0.00324787
0.10784000	-0.02183733	-0.00465020
0.10784000	-0.02361633	-0.00610373
0.11156000	-0.02499657	-0.00690007
0.11156000	-0.02296658	-0.00603511
0.11156000	-0.02098057	-0.00511520
0.11156000	-0.01903570	-0.00416724
0.11156000	-0.01713492	-0.00320805
0.11156000	-0.01528307	-0.00225085
0.11156000	-0.01349171	-0.00129718
0.11156000	-0.01176717	-0.00035685
0.11156000	-0.01011913	0.00056656
0.11156000	-0.00855690	0.00146934
0.11156000	-0.00708940	0.00234783
0.11156000	-0.00572497	0.00319805
0.11156000	-0.00447127	0.00401572
0.11156000	-0.00333493	0.00479570
0.11156000	-0.00231371	0.00552133
0.11156000	-0.00140070	0.00617151
0.11156000	-0.00059683	0.00673768
0.11156000	0.00009024	0.00722199
0.11156000	0.00064756	0.00763493
0.11156000	0.00105655	0.00799187
0.11156000	0.00128334	0.00830636
0.11156000	0.00130136	0.00853581
0.11156000	0.00126948	0.00860721
0.11156000	0.00122160	0.00867057
0.11156000	0.00102808	0.00880723
0.11156000	0.00065149	0.00892535
0.11156000	0.00010355	0.00897915
0.11156000	-0.00059893	0.00894338
0.11156000	-0.00143839	0.00879479
0.11156000	-0.00239528	0.00851382
0.11156000	-0.00345053	0.00809041
0.11156000	-0.00459103	0.00752937
0.11156000	-0.00581479	0.00685234
0.11156000	-0.00712366	0.00608180
0.11156000	-0.00851128	0.00522400
0.11156000	-0.00997057	0.00428450
0.11156000	-0.01149430	0.00326936
0.11156000	-0.01307530	0.00218532
0.11156000	-0.01470619	0.00103942
0.11156000	-0.01637946	-0.00016096
0.11156000	-0.01808386	-0.00141413
0.11156000	-0.01981261	-0.00271043
0.11156000	-0.02155202	-0.00405116
0.11156000	-0.02328585	-0.00544146
0.11528000	-0.02469722	-0.00623715
0.11528000	-0.02271964	-0.00541484
0.11528000	-0.02078425	-0.00453887
0.11528000	-0.01888854	-0.00363538
0.11528000	-0.01703549	-0.00272064
0.11528000	-0.01522993	-0.00180746
0.11528000	-0.01348310	-0.00089721
0.11528000	-0.01180121	0.00000062
0.11528000	-0.01019372	0.00088267
0.11528000	-0.00866966	0.00174540
0.11528000	-0.00723775	0.00258536
0.11528000	-0.00590610	0.00339875
0.11528000	-0.00468221	0.00418150
0.11528000	-0.00357254	0.00492868
0.11528000	-0.00257511	0.00562414
0.11528000	-0.00168336	0.00624733
0.11528000	-0.00089827	0.00678992
0.11528000	-0.00022724	0.00725405
0.11528000	0.00031726	0.00765002
0.11528000	0.00071732	0.00799290
0.11528000	0.00094017	0.00829616
0.11528000	0.00095973	0.00851869
0.11528000	0.00092944	0.00858828
0.11528000	0.00088355	0.00865022
0.11528000	0.00069695	0.00878463
0.11528000	0.00033249	0.00890266
0.11528000	-0.00019887	0.00895972
0.11528000	-0.00088103	0.00893113
0.11528000	-0.00169711	0.00879417
0.11528000	-0.00262829	0.00852966
0.11528000	-0.00365616	0.00812770
0.11528000	-0.00476795	0.00759289
0.11528000	-0.00596157	0.00694624
0.11528000	-0.00723861	0.00620959
0.11528000	-0.00859283	0.00538890
0.11528000	-0.01001732	0.00448954
0.11528000	-0.01150500	0.00351730
0.11528000	-0.01304886	0.00247867
0.11528000	-0.01464167	0.00138044
0.11528000	-0.01627608	0.00022968
0.11528000	-0.01794117	-0.00097205
0.11528000	-0.01963024	-0.00221544
0.11528000	-0.02133005	-0.00350186
0.11528000	-0.02302487	-0.00483646
0.11900000	-0.02450012	-0.00564350
0.11900000	-0.02256434	-0.00485745
0.11900000	-0.02066930	-0.00401872
0.11900000	-0.01881272	-0.00315282
0.11900000	-0.01699765	-0.00227566
0.11900000	-0.01522890	-0.00139966
0.11900000	-0.01351746	-0.00052606
0.11900000	-0.01186943	0.00033590
0.11900000	-0.01029409	0.00118305
0.11900000	-0.00880028	0.00201202
0.11900000	-0.00739653	0.00281950
0.11900000	-0.00609079	0.00360189
0.11900000	-0.00489040	0.00435525
0.11900000	-0.00380174	0.00507486
0.11900000	-0.00282301	0.00574502
0.11900000	-0.00194801	0.00634558
0.11900000	-0.00117770	0.00686838
0.11900000	-0.00051929	0.00731558
0.11900000	0.00001514	0.00769731
0.11900000	0.00040826	0.00802843
0.11900000	0.00062821	0.00832237
0.11900000	0.00064924	0.00853928
0.11900000	0.00062032	0.00860744
0.11900000	0.00057611	0.00866828
0.11900000	0.00039529	0.00880105
0.11900000	0.00004077	0.00891935
0.11900000	-0.00047710	0.00897953
0.11900000	-0.00114279	0.00895736
0.11900000	-0.00194002	0.00883049
0.11900000	-0.00285057	0.00858006
0.11900000	-0.00385655	0.00819631
0.11900000	-0.00494548	0.00768365
0.11900000	-0.00611520	0.00706266
0.11900000	-0.00736704	0.00635455
0.11900000	-0.00869487	0.00556511
0.11900000	-0.01009190	0.00469950
0.11900000	-0.01155117	0.00376331
0.11900000	-0.01306579	0.00276283
0.11900000	-0.01462866	0.00170461
0.11900000	-0.01623254	0.00059549
0.11900000	-0.01786676	-0.00056310
0.11900000	-0.01952473	-0.00176214
0.11900000	-0.02119351	-0.00300309
0.11900000	-0.02285781	-0.00429111
0.12272000	-0.02443470	-0.00515257
0.12272000	-0.02252710	-0.00439511
0.12272000	-0.02065907	-0.00358565
0.12272000	-0.01882858	-0.00274927
0.12272000	-0.01703876	-0.00190156
0.12272000	-0.01529442	-0.00105468
0.12272000	-0.01360638	-0.00020977
0.12272000	-0.01198070	0.00062416
0.12272000	-0.01042651	0.00144406
0.12272000	-0.00895254	0.00224669
0.12272000	-0.00756718	0.00302888
0.12272000	-0.00627829	0.00378715
0.12272000	-0.00509310	0.00451772
0.12272000	-0.00401792	0.00521599
0.12272000	-0.00305117	0.00586662
0.12272000	-0.00218689	0.00644974
0.12272000	-0.00142607	0.00695730
0.12272000	-0.00077575	0.00739143
0.12272000	-0.00024771	0.00776217
0.12272000	0.00014115	0.00808427
0.12272000	0.00035971	0.00837118
0.12272000	0.00038231	0.00858407
0.12272000	0.00035451	0.00865129
0.12272000	0.00031161	0.00871144
0.12272000	0.00013505	0.00884335
0.12272000	-0.00021230	0.00896236
0.12272000	-0.00072060	0.00902547
0.12272000	-0.00137475	0.00900876
0.12272000	-0.00215892	0.00889012
0.12272000	-0.00305534	0.00865092
0.12272000	-0.00404650	0.00828148
0.12272000	-0.00512019	0.00778612
0.12272000	-0.00627414	0.00718509
0.12272000	-0.00750948	0.00649918
0.12272000	-0.00882011	0.00573397
0.12272000	-0.01019934	0.00489450
0.12272000	-0.01164028	0.00398621
0.12272000	-0.01313610	0.00301521
0.12272000	-0.01467980	0.00198787
0.12272000	-0.01626421	0.00091088
0.12272000	-0.01787881	-0.00021447
0.12272000	-0.01951707	-0.00137935
0.12272000	-0.02116630	-0.00258530
0.12272000	-0.02281149	-0.00383752
0.12557154	-0.02449065	-0.00486084
0.12557154	-0.02259359	-0.00412017
0.12557154	-0.02073541	-0.00332778
0.12557154	-0.01891429	-0.00250854
0.12557154	-0.01713343	-0.00167786
0.12557154	-0.01539769	-0.00084778
0.12557154	-0.01371780	-0.00001936
0.12557154	-0.01209983	0.00079850
0.12557154	-0.01055287	0.00160283
0.12557154	-0.00908559	0.00239047
0.12557154	-0.00770633	0.00315833
0.12557154	-0.00642292	0.00390301
0.12557154	-0.00524257	0.00462079
0.12557154	-0.00417155	0.00530718
0.12557154	-0.00320846	0.00594702
0.12557154	-0.00234746	0.00652052
0.12557154	-0.00158956	0.00701965
0.12557154	-0.00094173	0.00744656
0.12557154	-0.00041557	0.00781126
0.12557154	-0.00002776	0.00812848
0.12557154	0.00019090	0.00841178
0.12557154	0.00021476	0.00862287
0.12557154	0.00018763	0.00868975
0.12557154	0.00014544	0.00874971
0.12557154	-0.00002894	0.00888169
0.12557154	-0.00037290	0.00900182
0.12557154	-0.00087690	0.00906740
0.12557154	-0.00152610	0.00905456
0.12557154	-0.00230488	0.00894128
0.12557154	-0.00319572	0.00870899
0.12557154	-0.00418131	0.00834800
0.12557154	-0.00524954	0.00786261
0.12557154	-0.00639808	0.00727295
0.12557154	-0.00762789	0.00659960
0.12557154	-0.00893290	0.00584800
0.12557154	-0.01030641	0.00502316
0.12557154	-0.01174158	0.00413040
0.12557154	-0.01323159	0.00317575
0.12557154	-0.01476945	0.00216551
0.12557154	-0.01634800	0.00110624
0.12557154	-0.01795682	-0.00000081
0.12557154	-0.01958935	-0.00114693
0.12557154	-0.02123303	-0.00233371
0.12557154	-0.02287301	-0.00356638
0.12839183	-0.02464121	-0.00461771
0.12839183	-0.02274471	-0.00388993
0.12839183	-0.02088670	-0.00311035
0.12839183	-0.01906549	-0.00230381
0.12839183	-0.01728434	-0.00148564
0.12839183	-0.01554820	-0.00066784
0.12839183	-0.01386776	0.00014862
0.12839183	-0.01224914	0.00095489
0.12839183	-0.01070140	0.00174805
0.12839183	-0.00923324	0.00252502
0.12839183	-0.00785298	0.00328276
0.12839183	-0.00656846	0.00401794
0.12839183	-0.00538688	0.00472690
0.12839183	-0.00431455	0.00540521
0.12839183	-0.00335019	0.00603778
0.12839183	-0.00248808	0.00660482
0.12839183	-0.00172923	0.00709828
0.12839183	-0.00108057	0.00752032
0.12839183	-0.00055362	0.00788100
0.12839183	-0.00016493	0.00819512
0.12839183	0.00005484	0.00847641
0.12839183	0.00007992	0.00868682
0.12839183	0.00005328	0.00875370
0.12839183	0.00001160	0.00881380
0.12839183	-0.00016146	0.00894661
0.12839183	-0.00050377	0.00906869
0.12839183	-0.00100609	0.00913729
0.12839183	-0.00165374	0.00912849
0.12839183	-0.00243125	0.00902017
0.12839183	-0.00332122	0.00879369
0.12839183	-0.00430645	0.00843932
0.12839183	-0.00537481	0.00796133
0.12839183	-0.00652392	0.00737986
0.12839183	-0.00775460	0.00671538
0.12839183	-0.00906072	0.00597329
0.12839183	-0.01043562	0.00515853
0.12839183	-0.01187240	0.00427638
0.12839183	-0.01336426	0.00333281
0.12839183	-0.01490415	0.00233406
0.12839183	-0.01648493	0.00128664
0.12839183	-0.01809617	0.00019174
0.12839183	-0.01973130	-0.00094200
0.12839183	-0.02137778	-0.00211624
0.12839183	-0.02302082	-0.00333630
0.13114998	-0.02487177	-0.00440275
0.13114998	-0.02296733	-0.00368358
0.13114998	-0.02110125	-0.00291221
0.13114998	-0.01927193	-0.00211359
0.13114998	-0.01748269	-0.00130313
0.13114998	-0.01573854	-0.00049282
0.13114998	-0.01405021	0.00031642
0.13114998	-0.01242386	0.00111573
0.13114998	-0.01086860	0.00190226
0.13114998	-0.00939316	0.00267297
0.13114998	-0.00800590	0.00342485
0.13114998	-0.00671468	0.00415462
0.13114998	-0.00552677	0.00485867
0.13114998	-0.00444850	0.00553260
0.13114998	-0.00347871	0.00616133
0.13114998	-0.00261175	0.00672497
0.13114998	-0.00184867	0.00721541
0.13114998	-0.00119637	0.00763485
0.13114998	-0.00066636	0.00799345
0.13114998	-0.00027515	0.00830613
0.13114998	-0.00005341	0.00858683
0.13114998	-0.00002710	0.00879755
0.13114998	-0.00005338	0.00886474
0.13114998	-0.00009478	0.00892522
0.13114998	-0.00026737	0.00905941
0.13114998	-0.00060967	0.00918385
0.13114998	-0.00111266	0.00925558
0.13114998	-0.00176176	0.00925047
0.13114998	-0.00254154	0.00914623
0.13114998	-0.00343466	0.00892409
0.13114998	-0.00442390	0.00857421
0.13114998	-0.00549711	0.00810088
0.13114998	-0.00665182	0.00752433
0.13114998	-0.00788872	0.00686503
0.13114998	-0.00920164	0.00612835
0.13114998	-0.01058387	0.00531921
0.13114998	-0.01202848	0.00444285
0.13114998	-0.01352860	0.00350523
0.13114998	-0.01507716	0.00251256
0.13114998	-0.01666694	0.00147133
0.13114998	-0.01828749	0.00038266
0.13114998	-0.01993218	-0.00074483
0.13114998	-0.02158843	-0.00191290
0.13114998	-0.02324143	-0.00312699
0.13381578	-0.02514887	-0.00426694
0.13381578	-0.02323092	-0.00355112
0.13381578	-0.02135125	-0.00278278
0.13381578	-0.01950838	-0.00198699
0.13381578	-0.01770573	-0.00117922
0.13381578	-0.01594839	-0.00037149
0.13381578	-0.01424716	0.00043532
0.13381578	-0.01260826	0.00123233
0.13381578	-0.01104088	0.00201671
0.13381578	-0.00955379	0.00278546
0.13381578	-0.00815543	0.00353558
0.13381578	-0.00685372	0.00426383
0.13381578	-0.00565597	0.00496659
0.13381578	-0.00456858	0.00563949
0.13381578	-0.00359048	0.00626741
0.13381578	-0.00271610	0.00683035
0.13381578	-0.00194651	0.00732016
0.13381578	-0.00128864	0.00773904
0.13381578	-0.00075399	0.00809724
0.13381578	-0.00035907	0.00840981
0.13381578	-0.00013455	0.00869090
0.13381578	-0.00010682	0.00890265
0.13381578	-0.00013290	0.00897035
0.13381578	-0.00017426	0.00903135
0.13381578	-0.00034733	0.00916693
0.13381578	-0.00069115	0.00929321
0.13381578	-0.00119674	0.00936704
0.13381578	-0.00184952	0.00936414
0.13381578	-0.00263408	0.00926209
0.13381578	-0.00353306	0.00904199
0.13381578	-0.00452923	0.00869396
0.13381578	-0.00561041	0.00822229
0.13381578	-0.00677404	0.00764732
0.13381578	-0.00802072	0.00698955
0.13381578	-0.00934420	0.00625433
0.13381578	-0.01073772	0.00544659
0.13381578	-0.01219428	0.00457155
0.13381578	-0.01370695	0.00363519
0.13381578	-0.01526859	0.00264370
0.13381578	-0.01687192	0.00160359
0.13381578	-0.01850642	0.00051593
0.13381578	-0.02016536	-0.00061064
0.13381578	-0.02183614	-0.00177794
0.13381578	-0.02350387	-0.00299149
0.13636000	-0.02539756	-0.00428631
0.13636000	-0.02346646	-0.00357030
0.13636000	-0.02157342	-0.00280194
0.13636000	-0.01971715	-0.00200620
0.13636000	-0.01790119	-0.00119853
0.13636000	-0.01613077	-0.00039088
0.13636000	-0.01441672	0.00041586
0.13636000	-0.01276538	0.00121285
0.13636000	-0.01118600	0.00199726
0.13636000	-0.00968740	0.00276610
0.13636000	-0.00827808	0.00351637
0.13636000	-0.00696601	0.00424484
0.13636000	-0.00575856	0.00494790
0.13636000	-0.00466216	0.00562114
0.13636000	-0.00367575	0.00624931
0.13636000	-0.00279390	0.00681242
0.13636000	-0.00201776	0.00730237
0.13636000	-0.00135432	0.00772140
0.13636000	-0.00081506	0.00807980
0.13636000	-0.00041646	0.00839269
0.13636000	-0.00018910	0.00867437
0.13636000	-0.00015993	0.00888723
0.13636000	-0.00018591	0.00895544
0.13636000	-0.00022737	0.00901692
0.13636000	-0.00040135	0.00915347
0.13636000	-0.00074720	0.00928067
0.13636000	-0.00125581	0.00935530
0.13636000	-0.00191256	0.00935310
0.13636000	-0.00270204	0.00925166
0.13636000	-0.00360693	0.00903209
0.13636000	-0.00461003	0.00868447
0.13636000	-0.00569911	0.00821302
0.13636000	-0.00687149	0.00763799
0.13636000	-0.00812771	0.00697999
0.13636000	-0.00946148	0.00624440
0.13636000	-0.01086600	0.00543616
0.13636000	-0.01233420	0.00456051
0.13636000	-0.01385909	0.00362339
0.13636000	-0.01543345	0.00263102
0.13636000	-0.01704994	0.00158990
0.13636000	-0.01869799	0.00050114
0.13636000	-0.02037081	-0.00062661
0.13636000	-0.02205576	-0.00179513
0.13636000	-0.02373797	-0.00300990
0.13875478	-0.02548333	-0.00444473
0.13875478	-0.02355058	-0.00373121
0.13875478	-0.02165555	-0.00296572
0.13875478	-0.01979711	-0.00217305
0.13875478	-0.01797889	-0.00136854
0.13875478	-0.01620618	-0.00056404
0.13875478	-0.01448982	0.00023956
0.13875478	-0.01283619	0.00103350
0.13875478	-0.01125455	0.00181494
0.13875478	-0.00975372	0.00258091
0.13875478	-0.00834221	0.00332843
0.13875478	-0.00702799	0.00405425
0.13875478	-0.00581842	0.00475478
0.13875478	-0.00471990	0.00542555
0.13875478	-0.00373124	0.00605104
0.13875478	-0.00284724	0.00661157
0.13875478	-0.00206926	0.00709928
0.13875478	-0.00140431	0.00751649
0.13875478	-0.00086382	0.00787352
0.13875478	-0.00046417	0.00818540
0.13875478	-0.00023573	0.00846640
0.13875478	-0.00020572	0.00867921
0.13875478	-0.00023158	0.00874750
0.13875478	-0.00027301	0.00880902
0.13875478	-0.00044712	0.00894550
0.13875478	-0.00079315	0.00907245
0.13875478	-0.00130193	0.00914692
0.13875478	-0.00195884	0.00914491
0.13875478	-0.00274862	0.00904423
0.13875478	-0.00365411	0.00882612
0.13875478	-0.00465823	0.00848061
0.13875478	-0.00574871	0.00801166
0.13875478	-0.00692264	0.00743906
0.13875478	-0.00818058	0.00678359
0.13875478	-0.00951631	0.00605076
0.13875478	-0.01092300	0.00524549
0.13875478	-0.01239358	0.00437299
0.13875478	-0.01392101	0.00343917
0.13875478	-0.01549807	0.00245021
0.13875478	-0.01711737	0.00141260
0.13875478	-0.01876840	0.00032746
0.13875478	-0.02044433	-0.00079657
0.13875478	-0.02213255	-0.00196122
0.13875478	-0.02381827	-0.00317190
0.14097388	-0.02527492	-0.00463731
0.14097388	-0.02336463	-0.00393571
0.14097388	-0.02149156	-0.00318263
0.14097388	-0.01965463	-0.00240256
0.14097388	-0.01785743	-0.00161070
0.14097388	-0.01610520	-0.00081875
0.14097388	-0.01440866	-0.00002753
0.14097388	-0.01277413	0.00075427
0.14097388	-0.01121073	0.00152388
0.14097388	-0.00972720	0.00227836
0.14097388	-0.00833191	0.00301473
0.14097388	-0.00703274	0.00372978
0.14097388	-0.00583696	0.00441997
0.14097388	-0.00475079	0.00508071
0.14097388	-0.00377275	0.00569621
0.14097388	-0.00289804	0.00624744
0.14097388	-0.00212828	0.00672708
0.14097388	-0.00147045	0.00713757
0.14097388	-0.00093588	0.00748915
0.14097388	-0.00054063	0.00779658
0.14097388	-0.00031459	0.00807383
0.14097388	-0.00028476	0.00828399
0.14097388	-0.00031031	0.00835144
0.14097388	-0.00035126	0.00841217
0.14097388	-0.00052332	0.00854679
0.14097388	-0.00086513	0.00867192
0.14097388	-0.00136757	0.00874539
0.14097388	-0.00201629	0.00874376
0.14097388	-0.00279636	0.00864538
0.14097388	-0.00369100	0.00843183
0.14097388	-0.00468344	0.00809312
0.14097388	-0.00576146	0.00763270
0.14097388	-0.00692183	0.00706947
0.14097388	-0.00816518	0.00642430
0.14097388	-0.00948549	0.00570290
0.14097388	-0.01087602	0.00491011
0.14097388	-0.01232975	0.00405104
0.14097388	-0.01383972	0.00313147
0.14097388	-0.01539877	0.00215752
0.14097388	-0.01699961	0.00113556
0.14097388	-0.01863183	0.00006670
0.14097388	-0.02028870	-0.00104055
0.14097388	-0.02195778	-0.00218789
0.14097388	-0.02362447	-0.00338070
0.14299299	-0.02469226	-0.00475888
0.14299299	-0.02283900	-0.00408147
0.14299299	-0.02102172	-0.00335417
0.14299299	-0.01923943	-0.00260064
0.14299299	-0.01749567	-0.00183556
0.14299299	-0.01579555	-0.00107024
0.14299299	-0.01414948	-0.00030544
0.14299299	-0.01256360	0.00045045
0.14299299	-0.01104678	0.00119473
0.14299299	-0.00960747	0.00192455
0.14299299	-0.00825379	0.00263699
0.14299299	-0.00699334	0.00332892
0.14299299	-0.00583318	0.00399687
0.14299299	-0.00477921	0.00463618
0.14299299	-0.00382960	0.00523089
0.14299299	-0.00298006	0.00576311
0.14299299	-0.00223249	0.00622623
0.14299299	-0.00159379	0.00662284
0.14299299	-0.00107494	0.00696293
0.14299299	-0.00069149	0.00726074
0.14299299	-0.00047241	0.00752961
0.14299299	-0.00044392	0.00773343
0.14299299	-0.00046887	0.00779876
0.14299299	-0.00050872	0.00785751
0.14299299	-0.00067576	0.00798768
0.14299299	-0.00100722	0.00810864
0.14299299	-0.00149427	0.00817977
0.14299299	-0.00212310	0.00817868
0.14299299	-0.00287942	0.00808464
0.14299299	-0.00374717	0.00787992
0.14299299	-0.00471017	0.00755451
0.14299299	-0.00575638	0.00711116
0.14299299	-0.00688220	0.00656736
0.14299299	-0.00808838	0.00594383
0.14299299	-0.00936925	0.00524648
0.14299299	-0.01071826	0.00447998
0.14299299	-0.01212861	0.00364929
0.14299299	-0.01359349	0.00275993
0.14299299	-0.01510597	0.00181783
0.14299299	-0.01665895	0.00082917
0.14299299	-0.01824239	-0.00020498
0.14299299	-0.01984974	-0.00127632
0.14299299	-0.02146900	-0.00238648
0.14299299	-0.02308608	-0.00354059
0.14478998	-0.02369059	-0.00473891
0.14478998	-0.02193565	-0.00409833
0.14478998	-0.02021418	-0.00341146
0.14478998	-0.01852556	-0.00270015
0.14478998	-0.01687332	-0.00197800
0.14478998	-0.01526243	-0.00125549
0.14478998	-0.01370271	-0.00053340
0.14478998	-0.01220009	0.00018052
0.14478998	-0.01076295	0.00088368
0.14478998	-0.00939929	0.00157336
0.14478998	-0.00811679	0.00224677
0.14478998	-0.00692263	0.00290091
0.14478998	-0.00582349	0.00353247
0.14478998	-0.00482475	0.00413673
0.14478998	-0.00392426	0.00469787
0.14478998	-0.00311839	0.00519959
0.14478998	-0.00240928	0.00563620
0.14478998	-0.00180362	0.00601039
0.14478998	-0.00131184	0.00633172
0.14478998	-0.00094864	0.00661360
0.14478998	-0.00074153	0.00686846
0.14478998	-0.00071543	0.00706156
0.14478998	-0.00073937	0.00712330
0.14478998	-0.00077733	0.00717877
0.14478998	-0.00093581	0.00730159
0.14478998	-0.00124974	0.00741575
0.14478998	-0.00171086	0.00748307
0.14478998	-0.00230620	0.00748265
0.14478998	-0.00302242	0.00739517
0.14478998	-0.00384453	0.00720386
0.14478998	-0.00475727	0.00689892
0.14478998	-0.00574901	0.00648220
0.14478998	-0.00681578	0.00596932
0.14478998	-0.00795842	0.00538041
0.14478998	-0.00917181	0.00472160
0.14478998	-0.01044970	0.00399726
0.14478998	-0.01178564	0.00321207
0.14478998	-0.01317316	0.00237123
0.14478998	-0.01460569	0.00148034
0.14478998	-0.01607651	0.00054525
0.14478998	-0.01757619	-0.00043285
0.14478998	-0.01909854	-0.00144614
0.14478998	-0.02063232	-0.00249591
0.14478998	-0.02216440	-0.00358667
0.14634517	-0.02231328	-0.00455844
0.14634517	-0.02069316	-0.00396753
0.14634517	-0.01910355	-0.00333450
0.14634517	-0.01754410	-0.00267917
0.14634517	-0.01601815	-0.00201390
0.14634517	-0.01453040	-0.00134819
0.14634517	-0.01308991	-0.00068280
0.14634517	-0.01170220	-0.00002477
0.14634517	-0.01037502	0.00062351
0.14634517	-0.00911574	0.00125952
0.14634517	-0.00793144	0.00188064
0.14634517	-0.00682875	0.00248407
0.14634517	-0.00581380	0.00306673
0.14634517	-0.00489137	0.00362393
0.14634517	-0.00405906	0.00414038
0.14634517	-0.00331393	0.00460171
0.14634517	-0.00265832	0.00500320
0.14634517	-0.00209852	0.00534760
0.14634517	-0.00164422	0.00564380
0.14634517	-0.00130899	0.00590411
0.14634517	-0.00111837	0.00613982
0.14634517	-0.00109537	0.00631821
0.14634517	-0.00111787	0.00637505
0.14634517	-0.00115318	0.00642605
0.14634517	-0.00129981	0.00653894
0.14634517	-0.00158970	0.00664390
0.14634517	-0.00201529	0.00670595
0.14634517	-0.00256474	0.00670609
0.14634517	-0.00322593	0.00662673
0.14634517	-0.00398520	0.00645247
0.14634517	-0.00482852	0.00617388
0.14634517	-0.00574493	0.00579197
0.14634517	-0.00673022	0.00532021
0.14634517	-0.00778525	0.00477761
0.14634517	-0.00890556	0.00417043
0.14634517	-0.01008534	0.00350265
0.14634517	-0.01131866	0.00277860
0.14634517	-0.01259949	0.00200302
0.14634517	-0.01392177	0.00118110
0.14634517	-0.01527930	0.00031823
0.14634517	-0.01666345	-0.00058433
0.14634517	-0.01806851	-0.00151940
0.14634517	-0.01948421	-0.00248796
0.14634517	-0.02089860	-0.00349393
0.14764152	-0.02074291	-0.00425937
0.14764152	-0.01927430	-0.00373011
0.14764152	-0.01783469	-0.00316008
0.14764152	-0.01642310	-0.00256844
0.14764152	-0.01504221	-0.00196709
0.14764152	-0.01369600	-0.00136509
0.14764152	-0.01239278	-0.00076294
0.14764152	-0.01113736	-0.00016736
0.14764152	-0.00993674	0.00041949
0.14764152	-0.00879761	0.00099531
0.14764152	-0.00772634	0.00155770
0.14764152	-0.00672892	0.00210410
0.14764152	-0.00581090	0.00263170
0.14764152	-0.00497637	0.00313589
0.14764152	-0.00422285	0.00360237
0.14764152	-0.00354804	0.00401870
0.14764152	-0.00295433	0.00438106
0.14764152	-0.00244755	0.00469215
0.14764152	-0.00203648	0.00496008
0.14764152	-0.00173344	0.00519592
0.14764152	-0.00156165	0.00540969
0.14764152	-0.00154193	0.00557120
0.14764152	-0.00156264	0.00562249
0.14764152	-0.00159482	0.00566844
0.14764152	-0.00172775	0.00577011
0.14764152	-0.00199002	0.00586470
0.14764152	-0.00237488	0.00592079
0.14764152	-0.00287175	0.00592144
0.14764152	-0.00346981	0.00585098
0.14764152	-0.00415689	0.00569549
0.14764152	-0.00492036	0.00544619
0.14764152	-0.00575011	0.00510336
0.14764152	-0.00664187	0.00467839
0.14764152	-0.00759645	0.00418876
0.14764152	-0.00861008	0.00364070
0.14764152	-0.00967747	0.00303777
0.14764152	-0.01079327	0.00238391
0.14764152	-0.01195199	0.00168337
0.14764152	-0.01314816	0.00094084
0.14764152	-0.01437617	0.00016120
0.14764152	-0.01562807	-0.00065469
0.14764152	-0.01689878	-0.00150015
0.14764152	-0.01817881	-0.00237653
0.14764152	-0.01945699	-0.00328802
0.14866482	-0.01923364	-0.00392318
0.14866482	-0.01790917	-0.00345882
0.14866482	-0.01661386	-0.00295197
0.14866482	-0.01534536	-0.00242262
0.14866482	-0.01410526	-0.00188301
0.14866482	-0.01289654	-0.00134237
0.14866482	-0.01172687	-0.00080076
0.14866482	-0.01060015	-0.00026499
0.14866482	-0.00952267	0.00026298
0.14866482	-0.00850042	0.00078106
0.14866482	-0.00753913	0.00128709
0.14866482	-0.00664416	0.00177874
0.14866482	-0.00582047	0.00225346
0.14866482	-0.00507157	0.00270681
0.14866482	-0.00439499	0.00312561
0.14866482	-0.00378893	0.00349915
0.14866482	-0.00325575	0.00382431
0.14866482	-0.00280074	0.00410366
0.14866482	-0.00243185	0.00434452
0.14866482	-0.00216014	0.00455675
0.14866482	-0.00200655	0.00474918
0.14866482	-0.00198973	0.00489430
0.14866482	-0.00200855	0.00494026
0.14866482	-0.00203763	0.00498135
0.14866482	-0.00215717	0.00507224
0.14866482	-0.00239259	0.00515687
0.14866482	-0.00273790	0.00520725
0.14866482	-0.00318373	0.00520836
0.14866482	-0.00372049	0.00514637
0.14866482	-0.00433742	0.00500880
0.14866482	-0.00502324	0.00478755
0.14866482	-0.00576875	0.00448245
0.14866482	-0.00656981	0.00410308
0.14866482	-0.00742709	0.00366529
0.14866482	-0.00833743	0.00317512
0.14866482	-0.00929608	0.00263578
0.14866482	-0.01029821	0.00205076
0.14866482	-0.01133889	0.00142388
0.14866482	-0.01241320	0.00075932
0.14866482	-0.01351611	0.00006148
0.14866482	-0.01464010	-0.00066960
0.14866482	-0.01578079	-0.00142761
0.14866482	-0.01692909	-0.00221480
0.14866482	-0.01807420	-0.00303644
0.14940387	-0.01800145	-0.00362772
0.14940387	-0.01679504	-0.00321779
0.14940387	-0.01561822	-0.00276344
0.14940387	-0.01446739	-0.00228555
0.14940387	-0.01334312	-0.00179679
0.14940387	-0.01224756	-0.00130664
0.14940387	-0.01118783	-0.00081477
0.14940387	-0.01016708	-0.00032814
0.14940387	-0.00919098	0.00015144
0.14940387	-0.00826499	0.00062209
0.14940387	-0.00739425	0.00108181
0.14940387	-0.00658364	0.00152847
0.14940387	-0.00583765	0.00195975
0.14940387	-0.00515931	0.00237140
0.14940387	-0.00454624	0.00275127
0.14940387	-0.00399698	0.00308993
0.14940387	-0.00351378	0.00338477
0.14940387	-0.00310153	0.00363822
0.14940387	-0.00276742	0.00385691
0.14940387	-0.00252151	0.00404973
0.14940387	-0.00238283	0.00422456
0.14940387	-0.00236824	0.00435615
0.14940387	-0.00238550	0.00439770
0.14940387	-0.00241197	0.00443483
0.14940387	-0.00252044	0.00451693
0.14940387	-0.00273374	0.00459344
0.14940387	-0.00304653	0.00463917
0.14940387	-0.00345037	0.00464067
0.14940387	-0.00393670	0.00458552
0.14940387	-0.00449588	0.00446247
0.14940387	-0.00511775	0.00426406
0.14940387	-0.00579391	0.00398979
0.14940387	-0.00652036	0.00364792
0.14940387	-0.00729768	0.00325288
0.14940387	-0.00812315	0.00281050
0.14940387	-0.00899246	0.00232362
0.14940387	-0.00990123	0.00179545
0.14940387	-0.01084498	0.00122939
0.14940387	-0.01181923	0.00062923
0.14940387	-0.01281942	-0.00000107
0.14940387	-0.01383835	-0.00066220
0.14940387	-0.01487220	-0.00134812
0.14940387	-0.01591220	-0.00206194
0.14940387	-0.01694772	-0.00280998
0.15000000	-0.01692272	-0.00335962
0.15000000	-0.01582115	-0.00299581
0.15000000	-0.01474900	-0.00258689
0.15000000	-0.01370182	-0.00215406
0.15000000	-0.01267947	-0.00171009
0.15000000	-0.01168342	-0.00126447
0.15000000	-0.01072033	-0.00081659
0.15000000	-0.00979270	-0.00037343
0.15000000	-0.00890570	0.00006337
0.15000000	-0.00806428	0.00049209
0.15000000	-0.00727312	0.00091089
0.15000000	-0.00653664	0.00131781
0.15000000	-0.00585892	0.00171072
0.15000000	-0.00524260	0.00208558
0.15000000	-0.00468542	0.00243121
0.15000000	-0.00418617	0.00273926
0.15000000	-0.00374700	0.00300749
0.15000000	-0.00337237	0.00323817
0.15000000	-0.00306885	0.00343733
0.15000000	-0.00284559	0.00361301
0.15000000	-0.00271994	0.00377228
0.15000000	-0.00270716	0.00389197
0.15000000	-0.00272299	0.00392969
0.15000000	-0.00274714	0.00396335
0.15000000	-0.00284583	0.00403778
0.15000000	-0.00303970	0.00410722
0.15000000	-0.00332391	0.00414887
0.15000000	-0.00369087	0.00415063
0.15000000	-0.00413288	0.00410134
0.15000000	-0.00464126	0.00399079
0.15000000	-0.00520685	0.00381208
0.15000000	-0.00582194	0.00356455
0.15000000	-0.00648274	0.00325538
0.15000000	-0.00718972	0.00289770
0.15000000	-0.00794053	0.00249708
0.15000000	-0.00873123	0.00205608
0.15000000	-0.00955785	0.00157760
0.15000000	-0.01041630	0.00106471
0.15000000	-0.01130248	0.00052084
0.15000000	-0.01221226	-0.00005042
0.15000000	-0.01313877	-0.00065027
0.15000000	-0.01407867	-0.00127301
0.15000000	-0.01502352	-0.00192228
0.15000000	-0.01596304	-0.00260505
