0.02700000	-0.01583438	-0.01889740
0.02700000	-0.01415044	-0.01704079
0.02700000	-0.01231890	-0.01534389
0.02700000	-0.01046227	-0.01371963
0.02700000	-0.00862230	-0.01213872
0.02700000	-0.00682606	-0.01058645
0.02700000	-0.00509311	-0.00905755
0.02700000	-0.00344182	-0.00754910
0.02700000	-0.00189315	-0.00605662
0.02700000	-0.00049182	-0.00455474
0.02700000	0.00074733	-0.00305287
0.02700000	0.00181879	-0.00156914
0.02700000	0.00271803	-0.00012193
0.02700000	0.00343600	0.00127299
0.02700000	0.00397369	0.00259360
0.02700000	0.00433720	0.00381632
0.02700000	0.00453195	0.00491800
0.02700000	0.00455328	0.00587350
0.02700000	0.00439961	0.00664615
0.02700000	0.00413392	0.00720309
0.02700000	0.00386620	0.00755661
0.02700000	0.00366950	0.00773727
0.02700000	0.00359865	0.00779157
0.02700000	0.00352396	0.00784386
0.02700000	0.00328663	0.00797853
0.02700000	0.00286109	0.00813419
0.02700000	0.00224129	0.00825302
0.02700000	0.00143583	0.00825631
0.02700000	0.00047695	0.00807205
0.02700000	-0.00059840	0.00768544
0.02700000	-0.00175923	0.00709374
0.02700000	-0.00297455	0.00629113
0.02700000	-0.00421335	0.00527467
0.02700000	-0.00544153	0.00404176
0.02700000	-0.00663677	0.00260435
0.02700000	-0.00778654	0.00098147
0.02700000	-0.00887378	-0.00081311
0.02700000	-0.00988684	-0.00276253
0.02700000	-0.01082806	-0.00484421
0.02700000	-0.01173437	-0.00702402
0.02700000	-0.01260273	-0.00928846
0.02700000	-0.01345651	-0.01161523
0.02700000	-0.01430683	-0.01398883
0.02700000	-0.01513494	-0.01640704
0.02943140	-0.01692082	-0.01861870
0.02943140	-0.01515165	-0.01681807
0.02943140	-0.01326449	-0.01515930
0.02943140	-0.01136549	-0.01356005
0.02943140	-0.00949525	-0.01199022
0.02943140	-0.00768056	-0.01043530
0.02943140	-0.00593725	-0.00889486
0.02943140	-0.00427613	-0.00737501
0.02943140	-0.00271051	-0.00587933
0.02943140	-0.00128319	-0.00438298
0.02943140	-0.00000598	-0.00289598
0.02943140	0.00112077	-0.00143811
0.02943140	0.00209636	-0.00002713
0.02943140	0.00291008	0.00132665
0.02943140	0.00355769	0.00260785
0.02943140	0.00403800	0.00379893
0.02943140	0.00434984	0.00488128
0.02943140	0.00448678	0.00583389
0.02943140	0.00444209	0.00662593
0.02943140	0.00425554	0.00721822
0.02943140	0.00402830	0.00760219
0.02943140	0.00384368	0.00779736
0.02943140	0.00377459	0.00785482
0.02943140	0.00370041	0.00790959
0.02943140	0.00345995	0.00804467
0.02943140	0.00302307	0.00818224
0.02943140	0.00238999	0.00826300
0.02943140	0.00157590	0.00822521
0.02943140	0.00060844	0.00802497
0.02943140	-0.00048355	0.00764586
0.02943140	-0.00167290	0.00707821
0.02943140	-0.00293065	0.00631145
0.02943140	-0.00422482	0.00533592
0.02943140	-0.00552001	0.00414422
0.02943140	-0.00679237	0.00274579
0.02943140	-0.00802758	0.00115828
0.02943140	-0.00920251	-0.00060874
0.02943140	-0.01029672	-0.00254238
0.02943140	-0.01131155	-0.00461803
0.02943140	-0.01229184	-0.00679499
0.02943140	-0.01324170	-0.00905629
0.02943140	-0.01418946	-0.01137657
0.02943140	-0.01514774	-0.01373889
0.02943140	-0.01609472	-0.01614249
0.03186279	-0.01798069	-0.01846190
0.03186279	-0.01613604	-0.01669186
0.03186279	-0.01419821	-0.01504462
0.03186279	-0.01225921	-0.01344518
0.03186279	-0.01035700	-0.01186580
0.03186279	-0.00851489	-0.01029648
0.03186279	-0.00674659	-0.00873978
0.03186279	-0.00506167	-0.00720359
0.03186279	-0.00347204	-0.00569321
0.03186279	-0.00201174	-0.00419208
0.03186279	-0.00069117	-0.00270982
0.03186279	0.00049085	-0.00126592
0.03186279	0.00153553	0.00012220
0.03186279	0.00243519	0.00144496
0.03186279	0.00318262	0.00269207
0.03186279	0.00377077	0.00385221
0.03186279	0.00419210	0.00491236
0.03186279	0.00443681	0.00585598
0.03186279	0.00449456	0.00665750
0.03186279	0.00438581	0.00727670
0.03186279	0.00419580	0.00768624
0.03186279	0.00402208	0.00789542
0.03186279	0.00395430	0.00795612
0.03186279	0.00388020	0.00801328
0.03186279	0.00363574	0.00814939
0.03186279	0.00318867	0.00827632
0.03186279	0.00254332	0.00833165
0.03186279	0.00171872	0.00826395
0.03186279	0.00073997	0.00804478
0.03186279	-0.00036741	0.00765684
0.03186279	-0.00157790	0.00708745
0.03186279	-0.00286463	0.00632588
0.03186279	-0.00419806	0.00536247
0.03186279	-0.00554637	0.00419040
0.03186279	-0.00688549	0.00281585
0.03186279	-0.00819708	0.00125125
0.03186279	-0.00945468	-0.00049725
0.03186279	-0.01063236	-0.00242034
0.03186279	-0.01172886	-0.00449326
0.03186279	-0.01278776	-0.00667294
0.03186279	-0.01382912	-0.00893409
0.03186279	-0.01488270	-0.01124934
0.03186279	-0.01595705	-0.01360249
0.03186279	-0.01702637	-0.01599489
0.03429419	-0.01901468	-0.01841529
0.03429419	-0.01710275	-0.01665203
0.03429419	-0.01511899	-0.01499188
0.03429419	-0.01314300	-0.01336909
0.03429419	-0.01120849	-0.01176121
0.03429419	-0.00933203	-0.01016688
0.03429419	-0.00752514	-0.00859155
0.03429419	-0.00580274	-0.00703716
0.03429419	-0.00418177	-0.00550389
0.03429419	-0.00268183	-0.00399008
0.03429419	-0.00131151	-0.00250585
0.03429419	-0.00007171	-0.00106766
0.03429419	0.00103815	0.00030839
0.03429419	0.00201530	0.00161036
0.03429419	0.00285200	0.00283061
0.03429419	0.00353740	0.00396298
0.03429419	0.00405889	0.00500020
0.03429419	0.00440279	0.00593079
0.03429419	0.00455572	0.00673430
0.03429419	0.00452295	0.00737304
0.03429419	0.00436687	0.00780451
0.03429419	0.00420280	0.00802720
0.03429419	0.00413595	0.00809124
0.03429419	0.00406152	0.00815068
0.03429419	0.00381232	0.00828839
0.03429419	0.00335578	0.00841213
0.03429419	0.00269783	0.00845434
0.03429419	0.00186004	0.00836756
0.03429419	0.00086773	0.00812706
0.03429419	-0.00025343	0.00771508
0.03429419	-0.00147824	0.00711985
0.03429419	-0.00278229	0.00633473
0.03429419	-0.00414133	0.00535609
0.03429419	-0.00553098	0.00418270
0.03429419	-0.00692772	0.00281687
0.03429419	-0.00830726	0.00126240
0.03429419	-0.00964234	-0.00047675
0.03429419	-0.01090497	-0.00239387
0.03429419	-0.01209018	-0.00446602
0.03429419	-0.01323066	-0.00665333
0.03429419	-0.01437186	-0.00891587
0.03429419	-0.01554137	-0.01122579
0.03429419	-0.01673836	-0.01357048
0.03429419	-0.01793223	-0.01595420
0.03672558	-0.02003239	-0.01844965
0.03672558	-0.01805201	-0.01668138
0.03672558	-0.01601974	-0.01499632
0.03672558	-0.01400343	-0.01333916
0.03672558	-0.01203197	-0.01169375
0.03672558	-0.01011622	-0.01006615
0.03672558	-0.00826506	-0.00846527
0.03672558	-0.00649672	-0.00688933
0.03672558	-0.00483812	-0.00532788
0.03672558	-0.00329430	-0.00379476
0.03672558	-0.00187106	-0.00230211
0.03672558	-0.00057297	-0.00086227
0.03672558	0.00059886	0.00051050
0.03672558	0.00164574	0.00180136
0.03672558	0.00256072	0.00300333
0.03672558	0.00333112	0.00411370
0.03672558	0.00394136	0.00512990
0.03672558	0.00437475	0.00604555
0.03672558	0.00461572	0.00684534
0.03672558	0.00465833	0.00749692
0.03672558	0.00453658	0.00794852
0.03672558	0.00438249	0.00818507
0.03672558	0.00431627	0.00825248
0.03672558	0.00424118	0.00831406
0.03672558	0.00398643	0.00845304
0.03672558	0.00351952	0.00857353
0.03672558	0.00284799	0.00860298
0.03672558	0.00199595	0.00849569
0.03672558	0.00099019	0.00822708
0.03672558	-0.00014253	0.00777974
0.03672558	-0.00137715	0.00714444
0.03672558	-0.00269200	0.00631983
0.03672558	-0.00406908	0.00530998
0.03672558	-0.00549265	0.00412134
0.03672558	-0.00693934	0.00275217
0.03672558	-0.00837929	0.00119744
0.03672558	-0.00978693	-0.00053925
0.03672558	-0.01113589	-0.00245201
0.03672558	-0.01241762	-0.00452107
0.03672558	-0.01364157	-0.00671825
0.03672558	-0.01488936	-0.00898055
0.03672558	-0.01618120	-0.01128238
0.03672558	-0.01750403	-0.01361717
0.03672558	-0.01882262	-0.01599262
0.03915698	-0.02104122	-0.01853153
0.03915698	-0.01898591	-0.01675663
0.03915698	-0.01689885	-0.01504426
0.03915698	-0.01483573	-0.01335086
0.03915698	-0.01282052	-0.01166671
0.03915698	-0.01086079	-0.01000240
0.03915698	-0.00896325	-0.00836982
0.03915698	-0.00714527	-0.00676840
0.03915698	-0.00544349	-0.00517706
0.03915698	-0.00385275	-0.00362077
0.03915698	-0.00237587	-0.00211451
0.03915698	-0.00102092	-0.00066682
0.03915698	0.00020917	0.00070976
0.03915698	0.00131801	0.00199830
0.03915698	0.00230009	0.00319114
0.03915698	0.00314275	0.00428697
0.03915698	0.00382946	0.00528625
0.03915698	0.00434213	0.00618685
0.03915698	0.00466393	0.00697858
0.03915698	0.00478109	0.00763623
0.03915698	0.00469853	0.00810674
0.03915698	0.00455623	0.00835774
0.03915698	0.00449042	0.00842850
0.03915698	0.00441443	0.00849206
0.03915698	0.00415330	0.00863139
0.03915698	0.00367474	0.00874515
0.03915698	0.00298908	0.00875767
0.03915698	0.00212299	0.00862499
0.03915698	0.00110481	0.00832267
0.03915698	-0.00003760	0.00783394
0.03915698	-0.00127942	0.00715215
0.03915698	-0.00260177	0.00628086
0.03915698	-0.00399273	0.00523147
0.03915698	-0.00544492	0.00401822
0.03915698	-0.00693429	0.00263541
0.03915698	-0.00842805	0.00107219
0.03915698	-0.00990382	-0.00066702
0.03915698	-0.01133892	-0.00257590
0.03915698	-0.01272181	-0.00463846
0.03915698	-0.01403729	-0.00684171
0.03915698	-0.01539890	-0.00909873
0.03915698	-0.01681594	-0.01138864
0.03915698	-0.01826437	-0.01371152
0.03915698	-0.01970569	-0.01607819
0.04158837	-0.02202302	-0.01863761
0.04158837	-0.01988851	-0.01685836
0.04158837	-0.01774270	-0.01511999
0.04158837	-0.01562874	-0.01339187
0.04158837	-0.01356561	-0.01167076
0.04158837	-0.01155904	-0.00997004
0.04158837	-0.00961439	-0.00830371
0.04158837	-0.00774670	-0.00667420
0.04158837	-0.00599834	-0.00505403
0.04158837	-0.00435917	-0.00347389
0.04158837	-0.00282979	-0.00195115
0.04158837	-0.00142100	-0.00049150
0.04158837	-0.00013738	0.00089396
0.04158837	0.00102527	0.00218742
0.04158837	0.00206337	0.00337956
0.04158837	0.00296593	0.00446841
0.04158837	0.00371714	0.00545565
0.04158837	0.00429884	0.00634220
0.04158837	0.00469364	0.00712261
0.04158837	0.00488271	0.00777963
0.04158837	0.00484620	0.00826645
0.04158837	0.00471816	0.00853201
0.04158837	0.00465275	0.00860610
0.04158837	0.00457569	0.00867148
0.04158837	0.00430764	0.00881027
0.04158837	0.00381682	0.00891454
0.04158837	0.00311719	0.00890750
0.04158837	0.00223772	0.00874727
0.04158837	0.00120806	0.00840954
0.04158837	0.00005705	0.00787818
0.04158837	-0.00119078	0.00714871
0.04158837	-0.00251906	0.00622879
0.04158837	-0.00392150	0.00513621
0.04158837	-0.00539789	0.00389203
0.04158837	-0.00692303	0.00248715
0.04158837	-0.00846466	0.00090914
0.04158837	-0.01000393	-0.00083638
0.04158837	-0.01152225	-0.00274216
0.04158837	-0.01300569	-0.00479604
0.04158837	-0.01442259	-0.00699758
0.04158837	-0.01590176	-0.00924352
0.04158837	-0.01744106	-0.01151908
0.04158837	-0.01900939	-0.01382967
0.04158837	-0.02056700	-0.01618823
0.04401977	-0.02295332	-0.01873713
0.04401977	-0.02073878	-0.01695879
0.04401977	-0.01853319	-0.01519908
0.04401977	-0.01636713	-0.01344109
0.04401977	-0.01425475	-0.01168790
0.04401977	-0.01220074	-0.00995473
0.04401977	-0.01020993	-0.00825664
0.04401977	-0.00829524	-0.00659900
0.04401977	-0.00649947	-0.00495375
0.04401977	-0.00481228	-0.00335215
0.04401977	-0.00323339	-0.00181274
0.04401977	-0.00177526	-0.00033959
0.04401977	-0.00044387	0.00105737
0.04401977	0.00076417	0.00236063
0.04401977	0.00184750	0.00355863
0.04401977	0.00279827	0.00464690
0.04401977	0.00360258	0.00562664
0.04401977	0.00424315	0.00650057
0.04401977	0.00470241	0.00726739
0.04401977	0.00495833	0.00791773
0.04401977	0.00497385	0.00841612
0.04401977	0.00486263	0.00869543
0.04401977	0.00479772	0.00877275
0.04401977	0.00471960	0.00883985
0.04401977	0.00444460	0.00897746
0.04401977	0.00394182	0.00907075
0.04401977	0.00322918	0.00904379
0.04401977	0.00233734	0.00885706
0.04401977	0.00129693	0.00848632
0.04401977	0.00013755	0.00791581
0.04401977	-0.00111639	0.00714245
0.04401977	-0.00245051	0.00617692
0.04401977	-0.00386327	0.00504217
0.04401977	-0.00535979	0.00376422
0.04401977	-0.00691454	0.00233247
0.04401977	-0.00849852	0.00073649
0.04401977	-0.01009612	-0.00101700
0.04401977	-0.01169230	-0.00291979
0.04401977	-0.01327163	-0.00496293
0.04401977	-0.01479689	-0.00715252
0.04401977	-0.01639159	-0.00938183
0.04401977	-0.01804458	-0.01164188
0.04401977	-0.01972223	-0.01394087
0.04401977	-0.02138555	-0.01629242
0.04645116	-0.02380717	-0.01879798
0.04645116	-0.02151568	-0.01702746
0.04645116	-0.01925224	-0.01525367
0.04645116	-0.01703547	-0.01347351
0.04645116	-0.01487503	-0.01169593
0.04645116	-0.01277508	-0.00993735
0.04645116	-0.01074068	-0.00821310
0.04645116	-0.00878345	-0.00653044
0.04645116	-0.00694189	-0.00486609
0.04645116	-0.00520889	-0.00324806
0.04645116	-0.00358497	-0.00169440
0.04645116	-0.00208309	-0.00020881
0.04645116	-0.00071034	0.00119968
0.04645116	0.00053483	0.00251485
0.04645116	0.00165333	0.00372265
0.04645116	0.00264157	0.00481470
0.04645116	0.00348842	0.00579039
0.04645116	0.00417800	0.00665308
0.04645116	0.00469258	0.00740501
0.04645116	0.00500798	0.00804402
0.04645116	0.00507788	0.00854754
0.04645116	0.00498516	0.00883875
0.04645116	0.00492092	0.00891908
0.04645116	0.00484186	0.00898777
0.04645116	0.00456042	0.00912393
0.04645116	0.00404685	0.00920626
0.04645116	0.00332278	0.00916137
0.04645116	0.00241976	0.00895231
0.04645116	0.00136895	0.00855467
0.04645116	0.00020058	0.00795253
0.04645116	-0.00106076	0.00714326
0.04645116	-0.00240190	0.00613937
0.04645116	-0.00382479	0.00496757
0.04645116	-0.00533778	0.00365677
0.04645116	-0.00691694	0.00219771
0.04645116	-0.00853801	0.00058395
0.04645116	-0.01018798	-0.00117686
0.04645116	-0.01185445	-0.00307579
0.04645116	-0.01352186	-0.00510568
0.04645116	-0.01515621	-0.00727294
0.04645116	-0.01685818	-0.00948133
0.04645116	-0.01861169	-0.01172568
0.04645116	-0.02038445	-0.01401420
0.04645116	-0.02213988	-0.01635961
0.04888256	-0.02456446	-0.01879204
0.04888256	-0.02220275	-0.01703662
0.04888256	-0.01988588	-0.01525766
0.04888256	-0.01762186	-0.01346500
0.04888256	-0.01541649	-0.01167280
0.04888256	-0.01327377	-0.00989818
0.04888256	-0.01119948	-0.00815609
0.04888256	-0.00920483	-0.00645461
0.04888256	-0.00732102	-0.00477875
0.04888256	-0.00554596	-0.00315119
0.04888256	-0.00388240	-0.00158789
0.04888256	-0.00234289	-0.00009314
0.04888256	-0.00093534	0.00132458
0.04888256	0.00033938	0.00265098
0.04888256	0.00148423	0.00386967
0.04888256	0.00250057	0.00496747
0.04888256	0.00338052	0.00594107
0.04888256	0.00410975	0.00679363
0.04888256	0.00467017	0.00753032
0.04888256	0.00503593	0.00815526
0.04888256	0.00515751	0.00865748
0.04888256	0.00508330	0.00895795
0.04888256	0.00501989	0.00904095
0.04888256	0.00494011	0.00911107
0.04888256	0.00465322	0.00924589
0.04888256	0.00413069	0.00931881
0.04888256	0.00339710	0.00926010
0.04888256	0.00248410	0.00903526
0.04888256	0.00142295	0.00861950
0.04888256	0.00024437	0.00799606
0.04888256	-0.00102646	0.00716183
0.04888256	-0.00237666	0.00612998
0.04888256	-0.00381025	0.00492957
0.04888256	-0.00533691	0.00359064
0.04888256	-0.00693643	0.00210799
0.04888256	-0.00858954	0.00047980
0.04888256	-0.01028514	-0.00128561
0.04888256	-0.01201256	-0.00317878
0.04888256	-0.01375766	-0.00519264
0.04888256	-0.01549403	-0.00732955
0.04888256	-0.01728968	-0.00951454
0.04888256	-0.01912762	-0.01174349
0.04888256	-0.02097929	-0.01402233
0.04888256	-0.02281152	-0.01636169
0.05131395	-0.02521406	-0.01870045
0.05131395	-0.02279177	-0.01696649
0.05131395	-0.02042774	-0.01519176
0.05131395	-0.01812137	-0.01339721
0.05131395	-0.01587547	-0.01160123
0.05131395	-0.01369420	-0.00982119
0.05131395	-0.01158434	-0.00807123
0.05131395	-0.00955719	-0.00635965
0.05131395	-0.00763586	-0.00468075
0.05131395	-0.00582355	-0.00305142
0.05131395	-0.00412601	-0.00148459
0.05131395	-0.00255493	0.00001431
0.05131395	-0.00111877	0.00143715
0.05131395	0.00017909	0.00277174
0.05131395	0.00134324	0.00399968
0.05131395	0.00238007	0.00510281
0.05131395	0.00328501	0.00607478
0.05131395	0.00404518	0.00691806
0.05131395	0.00464193	0.00764017
0.05131395	0.00504800	0.00825036
0.05131395	0.00521382	0.00874667
0.05131395	0.00515636	0.00905362
0.05131395	0.00509388	0.00913883
0.05131395	0.00501368	0.00921022
0.05131395	0.00472272	0.00934432
0.05131395	0.00419342	0.00941075
0.05131395	0.00345229	0.00934377
0.05131395	0.00253049	0.00911101
0.05131395	0.00145896	0.00868703
0.05131395	0.00026885	0.00805381
0.05131395	-0.00101380	0.00720690
0.05131395	-0.00237554	0.00615915
0.05131395	-0.00382111	0.00494077
0.05131395	-0.00536014	0.00358183
0.05131395	-0.00697733	0.00208265
0.05131395	-0.00865788	0.00044567
0.05131395	-0.01039202	-0.00132017
0.05131395	-0.01217018	-0.00320505
0.05131395	-0.01398051	-0.00520062
0.05131395	-0.01580467	-0.00730363
0.05131395	-0.01767718	-0.00946471
0.05131395	-0.01958254	-0.01167863
0.05131395	-0.02149680	-0.01394780
0.05131395	-0.02339044	-0.01628014
0.05374535	-0.02575770	-0.01851768
0.05374535	-0.02328620	-0.01680955
0.05374535	-0.02088219	-0.01504774
0.05374535	-0.01853904	-0.01326157
0.05374535	-0.01625756	-0.01147244
0.05374535	-0.01404237	-0.00969754
0.05374535	-0.01190128	-0.00795008
0.05374535	-0.00984566	-0.00623852
0.05374535	-0.00789189	-0.00456502
0.05374535	-0.00604762	-0.00294148
0.05374535	-0.00432140	-0.00137787
0.05374535	-0.00272409	0.00011928
0.05374535	-0.00126449	0.00154198
0.05374535	0.00005177	0.00287996
0.05374535	0.00123051	0.00411323
0.05374535	0.00228247	0.00521918
0.05374535	0.00320595	0.00618869
0.05374535	0.00398927	0.00702339
0.05374535	0.00461311	0.00773259
0.05374535	0.00504918	0.00832938
0.05374535	0.00524869	0.00881809
0.05374535	0.00520484	0.00912910
0.05374535	0.00514335	0.00921607
0.05374535	0.00506306	0.00928860
0.05374535	0.00476965	0.00942311
0.05374535	0.00423583	0.00948691
0.05374535	0.00348903	0.00941778
0.05374535	0.00255960	0.00918486
0.05374535	0.00147796	0.00876204
0.05374535	0.00027546	0.00812979
0.05374535	-0.00102089	0.00728197
0.05374535	-0.00239655	0.00623042
0.05374535	-0.00385592	0.00500560
0.05374535	-0.00540789	0.00363717
0.05374535	-0.00704169	0.00213066
0.05374535	-0.00874606	0.00049201
0.05374535	-0.01051212	-0.00126931
0.05374535	-0.01233104	-0.00314311
0.05374535	-0.01419309	-0.00511947
0.05374535	-0.01608597	-0.00719027
0.05374535	-0.01801765	-0.00932866
0.05374535	-0.01997456	-0.01152762
0.05374535	-0.02193677	-0.01378609
0.05374535	-0.02387805	-0.01610945
0.05617674	-0.02621354	-0.01825552
0.05617674	-0.02370425	-0.01657473
0.05617674	-0.02126722	-0.01483246
0.05617674	-0.01889260	-0.01306303
0.05617674	-0.01658026	-0.01128955
0.05617674	-0.01433542	-0.00952873
0.05617674	-0.01216671	-0.00779300
0.05617674	-0.01008533	-0.00609119
0.05617674	-0.00810369	-0.00443026
0.05617674	-0.00623231	-0.00281876
0.05617674	-0.00448161	-0.00126464
0.05617674	-0.00286195	0.00022486
0.05617674	-0.00138237	0.00164185
0.05617674	-0.00005009	0.00297744
0.05617674	0.00114145	0.00421048
0.05617674	0.00220597	0.00531521
0.05617674	0.00314370	0.00628049
0.05617674	0.00394374	0.00710735
0.05617674	0.00458628	0.00780626
0.05617674	0.00504246	0.00839270
0.05617674	0.00526390	0.00887500
0.05617674	0.00522970	0.00918836
0.05617674	0.00516918	0.00927665
0.05617674	0.00508915	0.00935025
0.05617674	0.00479485	0.00948654
0.05617674	0.00425849	0.00955176
0.05617674	0.00350761	0.00948600
0.05617674	0.00257173	0.00925919
0.05617674	0.00148073	0.00884459
0.05617674	0.00026595	0.00822133
0.05617674	-0.00104487	0.00738172
0.05617674	-0.00243608	0.00633647
0.05617674	-0.00391122	0.00511578
0.05617674	-0.00547833	0.00374904
0.05617674	-0.00712951	0.00224513
0.05617674	-0.00885571	0.00061234
0.05617674	-0.01064862	-0.00113944
0.05617674	-0.01249993	-0.00299961
0.05617674	-0.01440099	-0.00495734
0.05617674	-0.01634244	-0.00700193
0.05617674	-0.01831730	-0.00912008
0.05617674	-0.02031301	-0.01130372
0.05617674	-0.02231212	-0.01354954
0.05617674	-0.02429062	-0.01586114
0.05860814	-0.02661947	-0.01794679
0.05860814	-0.02408760	-0.01629536
0.05860814	-0.02162842	-0.01457985
0.05860814	-0.01923166	-0.01283598
0.05860814	-0.01689724	-0.01108720
0.05860814	-0.01463071	-0.00935006
0.05860814	-0.01244116	-0.00763653
0.05860814	-0.01033960	-0.00595574
0.05860814	-0.00833741	-0.00431586
0.05860814	-0.00644600	-0.00272437
0.05860814	-0.00467641	-0.00118849
0.05860814	-0.00303884	0.00028434
0.05860814	-0.00154255	0.00168645
0.05860814	-0.00019533	0.00300945
0.05860814	0.00100852	0.00423270
0.05860814	0.00208373	0.00532901
0.05860814	0.00303177	0.00628591
0.05860814	0.00384288	0.00710342
0.05860814	0.00449866	0.00779116
0.05860814	0.00497416	0.00836319
0.05860814	0.00523460	0.00882763
0.05860814	0.00526404	0.00914379
0.05860814	0.00522671	0.00924411
0.05860814	0.00516356	0.00933323
0.05860814	0.00488931	0.00950753
0.05860814	0.00435536	0.00960438
0.05860814	0.00359880	0.00956246
0.05860814	0.00265269	0.00935688
0.05860814	0.00154745	0.00896256
0.05860814	0.00031484	0.00835826
0.05860814	-0.00101648	0.00753529
0.05860814	-0.00242957	0.00650364
0.05860814	-0.00392688	0.00529354
0.05860814	-0.00551682	0.00393585
0.05860814	-0.00719253	0.00244091
0.05860814	-0.00894554	0.00081776
0.05860814	-0.01076765	-0.00092353
0.05860814	-0.01265062	-0.00277219
0.05860814	-0.01458592	-0.00471718
0.05860814	-0.01656451	-0.00674743
0.05860814	-0.01857596	-0.00885283
0.05860814	-0.02060771	-0.01102520
0.05860814	-0.02264292	-0.01326071
0.05860814	-0.02465824	-0.01556263
0.06103953	-0.02701933	-0.01763223
0.06103953	-0.02445676	-0.01600060
0.06103953	-0.02196672	-0.01430379
0.06103953	-0.01953917	-0.01257780
0.06103953	-0.01717427	-0.01084618
0.06103953	-0.01487778	-0.00912547
0.06103953	-0.01265897	-0.00742754
0.06103953	-0.01052901	-0.00576146
0.06103953	-0.00849947	-0.00413525
0.06103953	-0.00658191	-0.00255629
0.06103953	-0.00478754	-0.00103169
0.06103953	-0.00312671	0.00043120
0.06103953	-0.00160888	0.00182481
0.06103953	-0.00024188	0.00314071
0.06103953	0.00098073	0.00435713
0.06103953	0.00207332	0.00544676
0.06103953	0.00303672	0.00639761
0.06103953	0.00386016	0.00721072
0.06103953	0.00452386	0.00789727
0.06103953	0.00499901	0.00847411
0.06103953	0.00523712	0.00895189
0.06103953	0.00521147	0.00926775
0.06103953	0.00515260	0.00935787
0.06103953	0.00507361	0.00943350
0.06103953	0.00478030	0.00957622
0.06103953	0.00424218	0.00965211
0.06103953	0.00348575	0.00960144
0.06103953	0.00253974	0.00939371
0.06103953	0.00143341	0.00900125
0.06103953	0.00019781	0.00840205
0.06103953	-0.00113909	0.00758719
0.06103953	-0.00256090	0.00656661
0.06103953	-0.00407022	0.00537055
0.06103953	-0.00567432	0.00402861
0.06103953	-0.00736593	0.00255061
0.06103953	-0.00913644	0.00094545
0.06103953	-0.01097751	-0.00077692
0.06103953	-0.01288079	-0.00260586
0.06103953	-0.01483758	-0.00453046
0.06103953	-0.01683870	-0.00653975
0.06103953	-0.01887358	-0.00862377
0.06103953	-0.02092955	-0.01077449
0.06103953	-0.02298970	-0.01298826
0.06103953	-0.02503069	-0.01526853
0.06347093	-0.02741875	-0.01731729
0.06347093	-0.02483309	-0.01571032
0.06347093	-0.02231945	-0.01403717
0.06347093	-0.01986815	-0.01233407
0.06347093	-0.01747959	-0.01062459
0.06347093	-0.01515972	-0.00892529
0.06347093	-0.01291796	-0.00724794
0.06347093	-0.01076558	-0.00560153
0.06347093	-0.00871427	-0.00399396
0.06347093	-0.00677571	-0.00243251
0.06347093	-0.00496118	-0.00092419
0.06347093	-0.00328116	0.00052376
0.06347093	-0.00174517	0.00190385
0.06347093	-0.00036119	0.00320771
0.06347093	0.00087700	0.00441349
0.06347093	0.00198351	0.00549364
0.06347093	0.00295907	0.00643611
0.06347093	0.00379292	0.00724206
0.06347093	0.00446533	0.00792290
0.06347093	0.00494765	0.00849581
0.06347093	0.00519135	0.00897204
0.06347093	0.00516887	0.00928880
0.06347093	0.00511076	0.00937968
0.06347093	0.00503235	0.00945624
0.06347093	0.00473987	0.00960217
0.06347093	0.00420143	0.00968375
0.06347093	0.00344295	0.00964091
0.06347093	0.00249283	0.00944280
0.06347093	0.00138006	0.00906142
0.06347093	0.00013549	0.00847437
0.06347093	-0.00121293	0.00767236
0.06347093	-0.00264866	0.00666513
0.06347093	-0.00417394	0.00548297
0.06347093	-0.00579577	0.00415565
0.06347093	-0.00750675	0.00269294
0.06347093	-0.00929817	0.00110368
0.06347093	-0.01116158	-0.00060225
0.06347093	-0.01308848	-0.00241428
0.06347093	-0.01507004	-0.00432157
0.06347093	-0.01709696	-0.00631322
0.06347093	-0.01915856	-0.00837936
0.06347093	-0.02124203	-0.01051207
0.06347093	-0.02333041	-0.01270789
0.06347093	-0.02540035	-0.01497052
0.06590233	-0.02780033	-0.01699218
0.06590233	-0.02519471	-0.01541107
0.06590233	-0.02266053	-0.01376288
0.06590233	-0.02018847	-0.01208401
0.06590233	-0.01777916	-0.01039808
0.06590233	-0.01543873	-0.00872158
0.06590233	-0.01317674	-0.00706621
0.06590233	-0.01100457	-0.00544086
0.06590233	-0.00893400	-0.00385332
0.06590233	-0.00697679	-0.00231073
0.06590233	-0.00514432	-0.00082001
0.06590233	-0.00344715	0.00061172
0.06590233	-0.00189490	0.00197705
0.06590233	-0.00049564	0.00326768
0.06590233	0.00075661	0.00446169
0.06590233	0.00187571	0.00553134
0.06590233	0.00286226	0.00646454
0.06590233	0.00370550	0.00726258
0.06590233	0.00438580	0.00793709
0.06590233	0.00487466	0.00850556
0.06590233	0.00512354	0.00897977
0.06590233	0.00510415	0.00929708
0.06590233	0.00504684	0.00938862
0.06590233	0.00496908	0.00946600
0.06590233	0.00467771	0.00961494
0.06590233	0.00413955	0.00970205
0.06590233	0.00337984	0.00966698
0.06590233	0.00242668	0.00947861
0.06590233	0.00130873	0.00910862
0.06590233	0.00005663	0.00853424
0.06590233	-0.00130173	0.00774583
0.06590233	-0.00274967	0.00675288
0.06590233	-0.00428905	0.00558569
0.06590233	-0.00592658	0.00427418
0.06590233	-0.00765478	0.00282809
0.06590233	-0.00946486	0.00125616
0.06590233	-0.01134822	-0.00043179
0.06590233	-0.01329626	-0.00222529
0.06590233	-0.01530004	-0.00411355
0.06590233	-0.01735012	-0.00608576
0.06590233	-0.01943573	-0.00813215
0.06590233	-0.02154396	-0.01024493
0.06590233	-0.02365781	-0.01242079
0.06590233	-0.02575394	-0.01466370
0.06833372	-0.02804350	-0.01658759
0.06833372	-0.02543038	-0.01503729
0.06833372	-0.02288780	-0.01341942
0.06833372	-0.02040684	-0.01177034
0.06833372	-0.01798838	-0.01011361
0.06833372	-0.01563866	-0.00846560
0.06833372	-0.01336736	-0.00683786
0.06833372	-0.01118588	-0.00523916
0.06833372	-0.00910608	-0.00367712
0.06833372	-0.00713974	-0.00215876
0.06833372	-0.00529827	-0.00069085
0.06833372	-0.00359227	0.00071959
0.06833372	-0.00203141	0.00206530
0.06833372	-0.00062380	0.00333807
0.06833372	0.00063637	0.00451590
0.06833372	0.00176260	0.00557105
0.06833372	0.00275534	0.00649151
0.06833372	0.00360385	0.00727867
0.06833372	0.00428867	0.00794435
0.06833372	0.00478154	0.00850626
0.06833372	0.00503416	0.00897661
0.06833372	0.00501771	0.00929310
0.06833372	0.00496141	0.00938487
0.06833372	0.00488462	0.00946273
0.06833372	0.00459559	0.00961397
0.06833372	0.00405999	0.00970605
0.06833372	0.00330235	0.00967860
0.06833372	0.00235034	0.00950032
0.06833372	0.00123225	0.00914270
0.06833372	-0.00002163	0.00858272
0.06833372	-0.00138359	0.00781045
0.06833372	-0.00283683	0.00683512
0.06833372	-0.00438286	0.00568688
0.06833372	-0.00602814	0.00439573
0.06833372	-0.00776511	0.00297128
0.06833372	-0.00958493	0.00142222
0.06833372	-0.01147895	-0.00024180
0.06833372	-0.01343848	-0.00201037
0.06833372	-0.01545450	-0.00387286
0.06833372	-0.01751753	-0.00581857
0.06833372	-0.01961671	-0.00783785
0.06833372	-0.02173913	-0.00992306
0.06833372	-0.02386779	-0.01207106
0.06833372	-0.02597951	-0.01428604
0.07076512	-0.02815535	-0.01610964
0.07076512	-0.02554649	-0.01459476
0.07076512	-0.02300700	-0.01301219
0.07076512	-0.02052838	-0.01139808
0.07076512	-0.01811172	-0.00977578
0.07076512	-0.01576341	-0.00816151
0.07076512	-0.01349315	-0.00656662
0.07076512	-0.01131234	-0.00499972
0.07076512	-0.00923285	-0.00346824
0.07076512	-0.00726641	-0.00197906
0.07076512	-0.00542445	-0.00053879
0.07076512	-0.00371753	0.00084571
0.07076512	-0.00215533	0.00216730
0.07076512	-0.00074597	0.00341789
0.07076512	0.00051619	0.00457554
0.07076512	0.00164425	0.00561261
0.07076512	0.00263850	0.00651719
0.07076512	0.00348830	0.00729080
0.07076512	0.00417440	0.00794537
0.07076512	0.00466892	0.00849872
0.07076512	0.00492397	0.00896343
0.07076512	0.00491041	0.00927779
0.07076512	0.00485531	0.00936940
0.07076512	0.00477976	0.00944738
0.07076512	0.00449419	0.00960015
0.07076512	0.00396331	0.00969653
0.07076512	0.00321088	0.00967636
0.07076512	0.00226407	0.00950829
0.07076512	0.00115069	0.00916377
0.07076512	-0.00009942	0.00861966
0.07076512	-0.00145881	0.00786578
0.07076512	-0.00291069	0.00691111
0.07076512	-0.00445625	0.00578554
0.07076512	-0.00610164	0.00451898
0.07076512	-0.00783929	0.00312093
0.07076512	-0.00966034	0.00159992
0.07076512	-0.01155612	-0.00003451
0.07076512	-0.01351791	-0.00177214
0.07076512	-0.01553667	-0.00360247
0.07076512	-0.01760288	-0.00551498
0.07076512	-0.01970568	-0.00750016
0.07076512	-0.02183218	-0.00955057
0.07076512	-0.02396551	-0.01166321
0.07076512	-0.02608269	-0.01384242
0.07319651	-0.02817716	-0.01558470
0.07319651	-0.02558095	-0.01410832
0.07319651	-0.02305278	-0.01256433
0.07319651	-0.02058457	-0.01098860
0.07319651	-0.01817763	-0.00940422
0.07319651	-0.01583841	-0.00782717
0.07319651	-0.01357665	-0.00626859
0.07319651	-0.01140370	-0.00473692
0.07319651	-0.00933137	-0.00323938
0.07319651	-0.00737136	-0.00178270
0.07319651	-0.00553503	-0.00037330
0.07319651	-0.00383289	0.00098210
0.07319651	-0.00227459	0.00227653
0.07319651	-0.00086822	0.00350203
0.07319651	0.00039162	0.00463679
0.07319651	0.00151765	0.00565335
0.07319651	0.00251004	0.00653995
0.07319651	0.00335823	0.00729820
0.07319651	0.00404327	0.00794010
0.07319651	0.00453773	0.00848353
0.07319651	0.00479426	0.00894135
0.07319651	0.00478351	0.00925268
0.07319651	0.00472974	0.00934384
0.07319651	0.00465562	0.00942168
0.07319651	0.00437426	0.00957541
0.07319651	0.00384956	0.00967553
0.07319651	0.00310453	0.00966228
0.07319651	0.00216573	0.00950440
0.07319651	0.00106045	0.00917336
0.07319651	-0.00018199	0.00864598
0.07319651	-0.00153448	0.00791190
0.07319651	-0.00298032	0.00697983
0.07319651	-0.00452037	0.00587936
0.07319651	-0.00616048	0.00464017
0.07319651	-0.00789308	0.00327164
0.07319651	-0.00970936	0.00178213
0.07319651	-0.01160061	0.00018100
0.07319651	-0.01355814	-0.00152170
0.07319651	-0.01557290	-0.00331565
0.07319651	-0.01763537	-0.00519051
0.07319651	-0.01973472	-0.00713698
0.07319651	-0.02185814	-0.00914777
0.07319651	-0.02398891	-0.01122009
0.07319651	-0.02610433	-0.01335840
0.07562791	-0.02815124	-0.01504036
0.07562791	-0.02557268	-0.01360381
0.07562791	-0.02306075	-0.01209990
0.07562791	-0.02060778	-0.01056412
0.07562791	-0.01821529	-0.00901926
0.07562791	-0.01588978	-0.00748106
0.07562791	-0.01364099	-0.00596043
0.07562791	-0.01148020	-0.00446562
0.07562791	-0.00941916	-0.00300366
0.07562791	-0.00746950	-0.00158108
0.07562791	-0.00564247	-0.00020414
0.07562791	-0.00394854	0.00112061
0.07562791	-0.00239730	0.00238635
0.07562791	-0.00099682	0.00358530
0.07562791	0.00025810	0.00469582
0.07562791	0.00137977	0.00569065
0.07562791	0.00236824	0.00655822
0.07562791	0.00321306	0.00730022
0.07562791	0.00389562	0.00792867
0.07562791	0.00438897	0.00846145
0.07562791	0.00464641	0.00891172
0.07562791	0.00463838	0.00921948
0.07562791	0.00458600	0.00931001
0.07562791	0.00451340	0.00938756
0.07562791	0.00423664	0.00954187
0.07562791	0.00371897	0.00964533
0.07562791	0.00298256	0.00963868
0.07562791	0.00205342	0.00949081
0.07562791	0.00095822	0.00917329
0.07562791	-0.00027423	0.00866295
0.07562791	-0.00161724	0.00794928
0.07562791	-0.00305420	0.00704073
0.07562791	-0.00458570	0.00596653
0.07562791	-0.00621728	0.00475609
0.07562791	-0.00794138	0.00341861
0.07562791	-0.00974921	0.00196231
0.07562791	-0.01163212	0.00039636
0.07562791	-0.01358141	-0.00126940
0.07562791	-0.01558805	-0.00302483
0.07562791	-0.01764255	-0.00485979
0.07562791	-0.01973414	-0.00676519
0.07562791	-0.02185010	-0.00873393
0.07562791	-0.02397387	-0.01076337
0.07562791	-0.02608307	-0.01285813
0.07805930	-0.02810197	-0.01449294
0.07805930	-0.02554404	-0.01309653
0.07805930	-0.02305130	-0.01163308
0.07805930	-0.02061649	-0.01013768
0.07805930	-0.01824130	-0.00863282
0.07805930	-0.01593230	-0.00713397
0.07805930	-0.01369919	-0.00565180
0.07805930	-0.01155319	-0.00419437
0.07805930	-0.00950595	-0.00276852
0.07805930	-0.00756900	-0.00138060
0.07805930	-0.00575352	-0.00003670
0.07805930	-0.00406991	0.00125683
0.07805930	-0.00252767	0.00249331
0.07805930	-0.00113484	0.00366514
0.07805930	0.00011355	0.00475086
0.07805930	0.00122941	0.00572351
0.07805930	0.00221267	0.00657164
0.07805930	0.00305304	0.00729702
0.07805930	0.00373224	0.00791169
0.07805930	0.00422382	0.00843353
0.07805930	0.00448175	0.00887591
0.07805930	0.00447636	0.00917982
0.07805930	0.00442537	0.00926962
0.07805930	0.00435433	0.00934677
0.07805930	0.00408236	0.00950141
0.07805930	0.00357215	0.00960789
0.07805930	0.00284506	0.00960755
0.07805930	0.00192650	0.00946945
0.07805930	0.00084254	0.00916530
0.07805930	-0.00037857	0.00867196
0.07805930	-0.00171057	0.00797884
0.07805930	-0.00313696	0.00709409
0.07805930	-0.00465807	0.00604655
0.07805930	-0.00627913	0.00486534
0.07805930	-0.00799261	0.00355949
0.07805930	-0.00978976	0.00213705
0.07805930	-0.01166196	0.00060698
0.07805930	-0.01360054	-0.00102106
0.07805930	-0.01559651	-0.00273713
0.07805930	-0.01764042	-0.00453130
0.07805930	-0.01972154	-0.00639470
0.07805930	-0.02182727	-0.00832040
0.07805930	-0.02394125	-0.01030595
0.07805930	-0.02604143	-0.01235608
0.08049070	-0.02803235	-0.01394537
0.08049070	-0.02549769	-0.01258915
0.08049070	-0.02302675	-0.01116627
0.08049070	-0.02061269	-0.00971141
0.08049070	-0.01825734	-0.00824673
0.08049070	-0.01596734	-0.00678744
0.08049070	-0.01375233	-0.00534397
0.08049070	-0.01162343	-0.00392420
0.08049070	-0.00959222	-0.00253474
0.08049070	-0.00767013	-0.00118178
0.08049070	-0.00586821	0.00012877
0.08049070	-0.00419679	0.00139073
0.08049070	-0.00266529	0.00259760
0.08049070	-0.00128170	0.00374193
0.08049070	-0.00004130	0.00480252
0.08049070	0.00106745	0.00575266
0.08049070	0.00204437	0.00658108
0.08049070	0.00287932	0.00728962
0.08049070	0.00355437	0.00789030
0.08049070	0.00404356	0.00840097
0.08049070	0.00430159	0.00883522
0.08049070	0.00429869	0.00913504
0.08049070	0.00424910	0.00922402
0.08049070	0.00417964	0.00930068
0.08049070	0.00391262	0.00945540
0.08049070	0.00341023	0.00956460
0.08049070	0.00269304	0.00957026
0.08049070	0.00178584	0.00944165
0.08049070	0.00071412	0.00915068
0.08049070	-0.00049447	0.00867426
0.08049070	-0.00181411	0.00800171
0.08049070	-0.00322845	0.00714089
0.08049070	-0.00473753	0.00612024
0.08049070	-0.00634629	0.00496855
0.08049070	-0.00804723	0.00369467
0.08049070	-0.00983167	0.00230648
0.08049070	-0.01169102	0.00081275
0.08049070	-0.01361666	-0.00077707
0.08049070	-0.01559964	-0.00245325
0.08049070	-0.01763056	-0.00420607
0.08049070	-0.01969876	-0.00602685
0.08049070	-0.02179175	-0.00790888
0.08049070	-0.02389339	-0.00984986
0.08049070	-0.02598197	-0.01185462
0.08292209	-0.02793265	-0.01339249
0.08292209	-0.02542452	-0.01207673
0.08292209	-0.02297864	-0.01069478
0.08292209	-0.02058853	-0.00928087
0.08292209	-0.01825618	-0.00785683
0.08292209	-0.01598825	-0.00643756
0.08292209	-0.01379433	-0.00503329
0.08292209	-0.01168545	-0.00365168
0.08292209	-0.00967305	-0.00229914
0.08292209	-0.00776844	-0.00098168
0.08292209	-0.00598259	0.00029498
0.08292209	-0.00432569	0.00152481
0.08292209	-0.00280710	0.00270150
0.08292209	-0.00143474	0.00381777
0.08292209	-0.00020410	0.00485267
0.08292209	0.00089594	0.00577981
0.08292209	0.00186513	0.00658808
0.08292209	0.00269346	0.00727941
0.08292209	0.00336336	0.00786578
0.08292209	0.00384942	0.00836499
0.08292209	0.00410708	0.00879077
0.08292209	0.00410652	0.00908618
0.08292209	0.00405835	0.00917422
0.08292209	0.00399050	0.00925029
0.08292209	0.00372865	0.00940481
0.08292209	0.00323456	0.00951640
0.08292209	0.00252804	0.00952775
0.08292209	0.00163324	0.00940839
0.08292209	0.00057502	0.00913044
0.08292209	-0.00061956	0.00867093
0.08292209	-0.00192514	0.00801908
0.08292209	-0.00332553	0.00718251
0.08292209	-0.00482050	0.00618915
0.08292209	-0.00641472	0.00506748
0.08292209	-0.00810073	0.00382616
0.08292209	-0.00986993	0.00247289
0.08292209	-0.01171376	0.00101623
0.08292209	-0.01362368	-0.00053456
0.08292209	-0.01559077	-0.00216998
0.08292209	-0.01760570	-0.00388052
0.08292209	-0.01965791	-0.00565772
0.08292209	-0.02173505	-0.00749504
0.08292209	-0.02382119	-0.00939037
0.08292209	-0.02589499	-0.01134863
0.08535349	-0.02779106	-0.01282790
0.08535349	-0.02531359	-0.01155311
0.08535349	-0.02289682	-0.01021276
0.08535349	-0.02053464	-0.00884055
0.08535349	-0.01822920	-0.00745794
0.08535349	-0.01598716	-0.00607953
0.08535349	-0.01381804	-0.00471529
0.08535349	-0.01173273	-0.00337268
0.08535349	-0.00974258	-0.00205792
0.08535349	-0.00785873	-0.00077682
0.08535349	-0.00609202	0.00046507
0.08535349	-0.00445253	0.00166192
0.08535349	-0.00294951	0.00280757
0.08535349	-0.00159081	0.00389493
0.08535349	-0.00037213	0.00490332
0.08535349	0.00071725	0.00580671
0.08535349	0.00167697	0.00659420
0.08535349	0.00249722	0.00726777
0.08535349	0.00316077	0.00783935
0.08535349	0.00364278	0.00832664
0.08535349	0.00389949	0.00874352
0.08535349	0.00390114	0.00903411
0.08535349	0.00385441	0.00912108
0.08535349	0.00378824	0.00919642
0.08535349	0.00353185	0.00935044
0.08535349	0.00304669	0.00946406
0.08535349	0.00235177	0.00948076
0.08535349	0.00147061	0.00937039
0.08535349	0.00042746	0.00910531
0.08535349	-0.00075128	0.00866274
0.08535349	-0.00204073	0.00803183
0.08535349	-0.00342486	0.00721991
0.08535349	-0.00490323	0.00625445
0.08535349	-0.00648022	0.00516351
0.08535349	-0.00814842	0.00395556
0.08535349	-0.00989932	0.00263814
0.08535349	-0.01172444	0.00121959
0.08535349	-0.01361529	-0.00029106
0.08535349	-0.01556304	-0.00188451
0.08535349	-0.01755843	-0.00355148
0.08535349	-0.01959102	-0.00528373
0.08535349	-0.02164860	-0.00707494
0.08535349	-0.02371548	-0.00892312
0.08535349	-0.02577074	-0.01083330
0.08778488	-0.02760364	-0.01224973
0.08778488	-0.02516111	-0.01101654
0.08778488	-0.02277767	-0.00971852
0.08778488	-0.02044760	-0.00838882
0.08778488	-0.01817316	-0.00704849
0.08778488	-0.01596100	-0.00571183
0.08778488	-0.01382056	-0.00438852
0.08778488	-0.01176258	-0.00308583
0.08778488	-0.00979826	-0.00180977
0.08778488	-0.00793859	-0.00056595
0.08778488	-0.00619425	0.00064026
0.08778488	-0.00457518	0.00180318
0.08778488	-0.00309052	0.00291688
0.08778488	-0.00174803	0.00397442
0.08778488	-0.00054361	0.00495543
0.08778488	0.00053306	0.00583429
0.08778488	0.00148152	0.00660033
0.08778488	0.00229213	0.00725556
0.08778488	0.00294808	0.00781185
0.08778488	0.00342508	0.00828676
0.08778488	0.00368025	0.00869424
0.08778488	0.00368399	0.00897959
0.08778488	0.00363873	0.00906534
0.08778488	0.00357431	0.00913981
0.08778488	0.00332368	0.00929299
0.08778488	0.00284811	0.00940824
0.08778488	0.00216582	0.00942994
0.08778488	0.00129967	0.00932828
0.08778488	0.00027325	0.00907597
0.08778488	-0.00088768	0.00865039
0.08778488	-0.00215875	0.00804069
0.08778488	-0.00352417	0.00725392
0.08778488	-0.00498326	0.00631703
0.08778488	-0.00654012	0.00525763
0.08778488	-0.00818744	0.00408401
0.08778488	-0.00991679	0.00280351
0.08778488	-0.01171977	0.00142423
0.08778488	-0.01358799	-0.00004499
0.08778488	-0.01551271	-0.00159510
0.08778488	-0.01748477	-0.00321706
0.08778488	-0.01949384	-0.00490284
0.08778488	-0.02152790	-0.00664632
0.08778488	-0.02357153	-0.00844568
0.08778488	-0.02560422	-0.01030598
0.09021628	-0.02737654	-0.01166252
0.09021628	-0.02497264	-0.01047119
0.09021628	-0.02262620	-0.00921591
0.09021628	-0.02033183	-0.00792920
0.09021628	-0.01809192	-0.00663168
0.09021628	-0.01591309	-0.00533730
0.09021628	-0.01380468	-0.00405550
0.09021628	-0.01177727	-0.00279332
0.09021628	-0.00984188	-0.00155655
0.09021628	-0.00800934	-0.00035064
0.09021628	-0.00629016	0.00081923
0.09021628	-0.00469413	0.00194760
0.09021628	-0.00323025	0.00302869
0.09021628	-0.00190617	0.00405575
0.09021628	-0.00071801	0.00500876
0.09021628	0.00034414	0.00586254
0.09021628	0.00127976	0.00660664
0.09021628	0.00207940	0.00724312
0.09021628	0.00272664	0.00778375
0.09021628	0.00319781	0.00824592
0.09021628	0.00345094	0.00864361
0.09021628	0.00345661	0.00892337
0.09021628	0.00341285	0.00900777
0.09021628	0.00335022	0.00908125
0.09021628	0.00310559	0.00923326
0.09021628	0.00264014	0.00934977
0.09021628	0.00197133	0.00937608
0.09021628	0.00112132	0.00928282
0.09021628	0.00011305	0.00904303
0.09021628	-0.00102839	0.00863437
0.09021628	-0.00227919	0.00804600
0.09021628	-0.00362379	0.00728466
0.09021628	-0.00506131	0.00637677
0.09021628	-0.00659557	0.00534946
0.09021628	-0.00821935	0.00421080
0.09021628	-0.00992434	0.00296793
0.09021628	-0.01170225	0.00162875
0.09021628	-0.01354477	0.00020186
0.09021628	-0.01544328	-0.00130395
0.09021628	-0.01738872	-0.00287986
0.09021628	-0.01937092	-0.00451808
0.09021628	-0.02137805	-0.00621269
0.09021628	-0.02339498	-0.00796201
0.09021628	-0.02540163	-0.00977115
0.09264767	-0.02712137	-0.01107377
0.09264767	-0.02475877	-0.00992412
0.09264767	-0.02245196	-0.00871147
0.09264767	-0.02019591	-0.00746769
0.09264767	-0.01799309	-0.00621296
0.09264767	-0.01585010	-0.00496088
0.09264767	-0.01377617	-0.00372064
0.09264767	-0.01178169	-0.00249904
0.09264767	-0.00987751	-0.00130168
0.09264767	-0.00807426	-0.00013381
0.09264767	-0.00638229	0.00099959
0.09264767	-0.00481121	0.00209321
0.09264767	-0.00336989	0.00314147
0.09264767	-0.00206587	0.00413783
0.09264767	-0.00089546	0.00506261
0.09264767	0.00015085	0.00589110
0.09264767	0.00107246	0.00661310
0.09264767	0.00186011	0.00723068
0.09264767	0.00249783	0.00775550
0.09264767	0.00296254	0.00820475
0.09264767	0.00321323	0.00859243
0.09264767	0.00322073	0.00886636
0.09264767	0.00317846	0.00894932
0.09264767	0.00311764	0.00902172
0.09264767	0.00287915	0.00917232
0.09264767	0.00242417	0.00928975
0.09264767	0.00176938	0.00932031
0.09264767	0.00093628	0.00923509
0.09264767	-0.00005285	0.00900752
0.09264767	-0.00117362	0.00861554
0.09264767	-0.00240278	0.00804834
0.09264767	-0.00372503	0.00731241
0.09264767	-0.00513929	0.00643357
0.09264767	-0.00664915	0.00543846
0.09264767	-0.00824744	0.00433492
0.09264767	-0.00992602	0.00312992
0.09264767	-0.01167668	0.00183110
0.09264767	-0.01349124	0.00044683
0.09264767	-0.01536118	-0.00101433
0.09264767	-0.01727758	-0.00254381
0.09264767	-0.01923042	-0.00413404
0.09264767	-0.02120806	-0.00577933
0.09264767	-0.02319571	-0.00747811
0.09264767	-0.02517373	-0.00923554
0.09507907	-0.02684983	-0.01049061
0.09507907	-0.02453014	-0.00938198
0.09507907	-0.02226459	-0.00821134
0.09507907	-0.02004846	-0.00700993
0.09507907	-0.01788433	-0.00579746
0.09507907	-0.01577876	-0.00458720
0.09507907	-0.01374083	-0.00338803
0.09507907	-0.01178076	-0.00220658
0.09507907	-0.00990921	-0.00104823
0.09507907	-0.00813663	0.00008197
0.09507907	-0.00647317	0.00117920
0.09507907	-0.00492827	0.00223836
0.09507907	-0.00351066	0.00325403
0.09507907	-0.00222774	0.00421987
0.09507907	-0.00107605	0.00511658
0.09507907	-0.00004646	0.00591994
0.09507907	0.00086036	0.00661996
0.09507907	0.00163539	0.00721875
0.09507907	0.00226304	0.00772783
0.09507907	0.00272088	0.00816419
0.09507907	0.00296886	0.00854180
0.09507907	0.00297807	0.00880979
0.09507907	0.00293727	0.00889125
0.09507907	0.00287826	0.00896251
0.09507907	0.00264595	0.00911154
0.09507907	0.00220157	0.00922963
0.09507907	0.00156108	0.00926412
0.09507907	0.00074530	0.00918657
0.09507907	-0.00022415	0.00897083
0.09507907	-0.00132356	0.00859513
0.09507907	-0.00253025	0.00804873
0.09507907	-0.00382920	0.00733786
0.09507907	-0.00521916	0.00648776
0.09507907	-0.00670345	0.00552454
0.09507907	-0.00827503	0.00445583
0.09507907	-0.00992587	0.00328839
0.09507907	-0.01164789	0.00202965
0.09507907	-0.01343301	0.00068773
0.09507907	-0.01527286	-0.00072904
0.09507907	-0.01715863	-0.00221235
0.09507907	-0.01908049	-0.00375486
0.09507907	-0.02102700	-0.00535106
0.09507907	-0.02298366	-0.00699953
0.09507907	-0.02493132	-0.00870544
0.09751047	-0.02656958	-0.00991699
0.09751047	-0.02429368	-0.00884841
0.09751047	-0.02207028	-0.00771887
0.09751047	-0.01989500	-0.00655892
0.09751047	-0.01777047	-0.00538784
0.09751047	-0.01570321	-0.00421854
0.09751047	-0.01370217	-0.00305964
0.09751047	-0.01177738	-0.00191756
0.09751047	-0.00993930	-0.00079747
0.09751047	-0.00819820	0.00029575
0.09751047	-0.00656402	0.00135746
0.09751047	-0.00504604	0.00238273
0.09751047	-0.00365283	0.00336635
0.09751047	-0.00239169	0.00430214
0.09751047	-0.00125933	0.00517121
0.09751047	-0.00024700	0.00594982
0.09751047	0.00064457	0.00662821
0.09751047	0.00140655	0.00720850
0.09751047	0.00202381	0.00770208
0.09751047	0.00247450	0.00812569
0.09751047	0.00271953	0.00849330
0.09751047	0.00273033	0.00875531
0.09751047	0.00269098	0.00883524
0.09751047	0.00263376	0.00890533
0.09751047	0.00240760	0.00905266
0.09751047	0.00197383	0.00917118
0.09751047	0.00134772	0.00920929
0.09751047	0.00054942	0.00913903
0.09751047	-0.00040011	0.00893468
0.09751047	-0.00147782	0.00857479
0.09751047	-0.00266159	0.00804868
0.09751047	-0.00393670	0.00736233
0.09751047	-0.00530175	0.00654043
0.09751047	-0.00675980	0.00560852
0.09751047	-0.00830392	0.00457404
0.09751047	-0.00992621	0.00344354
0.09751047	-0.01161873	0.00222422
0.09751047	-0.01337351	0.00092398
0.09751047	-0.01518231	-0.00044909
0.09751047	-0.01703647	-0.00188693
0.09751047	-0.01892631	-0.00338242
0.09751047	-0.02084062	-0.00493025
0.09751047	-0.02276523	-0.00652912
0.09751047	-0.02468141	-0.00818423
0.09994186	-0.02628454	-0.00935427
0.09994186	-0.02405287	-0.00832462
0.09994186	-0.02187210	-0.00723507
0.09994186	-0.01973814	-0.00611550
0.09994186	-0.01765372	-0.00498473
0.09994186	-0.01562527	-0.00385535
0.09994186	-0.01366161	-0.00273571
0.09994186	-0.01177259	-0.00163203
0.09994186	-0.00996848	-0.00054929
0.09994186	-0.00825932	0.00050783
0.09994186	-0.00665488	0.00153484
0.09994186	-0.00516428	0.00252700
0.09994186	-0.00379590	0.00347926
0.09994186	-0.00255693	0.00438565
0.09994186	-0.00144429	0.00522766
0.09994186	-0.00044958	0.00598204
0.09994186	0.00042643	0.00663925
0.09994186	0.00117512	0.00720143
0.09994186	0.00178175	0.00767981
0.09994186	0.00222510	0.00809092
0.09994186	0.00246703	0.00844865
0.09994186	0.00247930	0.00870469
0.09994186	0.00244136	0.00878309
0.09994186	0.00238589	0.00885198
0.09994186	0.00216579	0.00899750
0.09994186	0.00174258	0.00911626
0.09994186	0.00113080	0.00915770
0.09994186	0.00034999	0.00909435
0.09994186	-0.00057955	0.00890092
0.09994186	-0.00163541	0.00855630
0.09994186	-0.00279606	0.00804988
0.09994186	-0.00404704	0.00738743
0.09994186	-0.00538682	0.00659303
0.09994186	-0.00681823	0.00569171
0.09994186	-0.00833444	0.00469068
0.09994186	-0.00992770	0.00359629
0.09994186	-0.01159018	0.00241555
0.09994186	-0.01331405	0.00115610
0.09994186	-0.01509121	-0.00017420
0.09994186	-0.01691312	-0.00156751
0.09994186	-0.01877029	-0.00301694
0.09994186	-0.02065172	-0.00451738
0.09994186	-0.02254354	-0.00606765
0.09994186	-0.02442751	-0.00767293
0.10237326	-0.02599755	-0.00880358
0.10237326	-0.02381018	-0.00781160
0.10237326	-0.02167215	-0.00676078
0.10237326	-0.01957967	-0.00568035
0.10237326	-0.01753550	-0.00458868
0.10237326	-0.01554604	-0.00349802
0.10237326	-0.01361994	-0.00241649
0.10237326	-0.01176687	-0.00135009
0.10237326	-0.00999690	-0.00030362
0.10237326	-0.00831989	0.00071842
0.10237326	-0.00674539	0.00171169
0.10237326	-0.00528236	0.00267164
0.10237326	-0.00393902	0.00359338
0.10237326	-0.00272244	0.00447113
0.10237326	-0.00162971	0.00528678
0.10237326	-0.00065279	0.00601754
0.10237326	0.00020750	0.00665411
0.10237326	0.00094276	0.00719865
0.10237326	0.00153866	0.00766222
0.10237326	0.00197455	0.00806110
0.10237326	0.00221326	0.00840913
0.10237326	0.00222688	0.00865927
0.10237326	0.00219032	0.00873612
0.10237326	0.00213655	0.00880381
0.10237326	0.00192243	0.00894746
0.10237326	0.00150963	0.00906628
0.10237326	0.00091205	0.00911077
0.10237326	0.00014861	0.00905394
0.10237326	-0.00076101	0.00887095
0.10237326	-0.00179506	0.00854101
0.10237326	-0.00293254	0.00805363
0.10237326	-0.00415930	0.00741432
0.10237326	-0.00547368	0.00664664
0.10237326	-0.00687829	0.00577505
0.10237326	-0.00836640	0.00480654
0.10237326	-0.00993039	0.00374731
0.10237326	-0.01156258	0.00260411
0.10237326	-0.01325527	0.00138439
0.10237326	-0.01500046	0.00009577
0.10237326	-0.01678980	-0.00125414
0.10237326	-0.01861395	-0.00265868
0.10237326	-0.02046214	-0.00411291
0.10237326	-0.02232079	-0.00561577
0.10237326	-0.02417212	-0.00717245
0.10480465	-0.02571285	-0.00826786
0.10480465	-0.02356938	-0.00731209
0.10480465	-0.02147373	-0.00629854
0.10480465	-0.01942239	-0.00525580
0.10480465	-0.01741819	-0.00420180
0.10480465	-0.01546742	-0.00314848
0.10480465	-0.01357863	-0.00210369
0.10480465	-0.01176128	-0.00107324
0.10480465	-0.01002524	-0.00006176
0.10480465	-0.00838018	0.00092640
0.10480465	-0.00683547	0.00188710
0.10480465	-0.00539987	0.00281592
0.10480465	-0.00408147	0.00370816
0.10480465	-0.00288720	0.00455819
0.10480465	-0.00181434	0.00534832
0.10480465	-0.00085516	0.00605624
0.10480465	-0.00001054	0.00667285
0.10480465	0.00071133	0.00720031
0.10480465	0.00129651	0.00764954
0.10480465	0.00172494	0.00803656
0.10480465	0.00196037	0.00837514
0.10480465	0.00197526	0.00861946
0.10480465	0.00194002	0.00869480
0.10480465	0.00188792	0.00876128
0.10480465	0.00167961	0.00890302
0.10480465	0.00127701	0.00902176
0.10480465	0.00069337	0.00906902
0.10480465	-0.00005298	0.00901831
0.10480465	-0.00094296	0.00884523
0.10480465	-0.00195545	0.00852932
0.10480465	-0.00306999	0.00806019
0.10480465	-0.00427271	0.00744317
0.10480465	-0.00556185	0.00670125
0.10480465	-0.00693980	0.00585835
0.10480465	-0.00839994	0.00492127
0.10480465	-0.00993481	0.00389601
0.10480465	-0.01153683	0.00278912
0.10480465	-0.01319843	0.00160783
0.10480465	-0.01491178	0.00035954
0.10480465	-0.01666864	-0.00094837
0.10480465	-0.01845985	-0.00230944
0.10480465	-0.02027485	-0.00371893
0.10480465	-0.02210039	-0.00517587
0.10480465	-0.02391910	-0.00668545
0.10723605	-0.02543737	-0.00775234
0.10723605	-0.02333667	-0.00683105
0.10723605	-0.02128235	-0.00585304
0.10723605	-0.01927115	-0.00484626
0.10723605	-0.01730592	-0.00382823
0.10723605	-0.01539292	-0.00281055
0.10723605	-0.01354053	-0.00180085
0.10723605	-0.01175804	-0.00080477
0.10723605	-0.01005513	0.00017326
0.10723605	-0.00844127	0.00112903
0.10723605	-0.00692565	0.00205857
0.10723605	-0.00551686	0.00295760
0.10723605	-0.00422284	0.00382158
0.10723605	-0.00305039	0.00464507
0.10723605	-0.00199697	0.00541076
0.10723605	-0.00105517	0.00609680
0.10723605	-0.00022589	0.00669429
0.10723605	0.00048287	0.00720540
0.10723605	0.00105756	0.00764088
0.10723605	0.00147868	0.00801651
0.10723605	0.00171086	0.00834598
0.10723605	0.00172693	0.00858469
0.10723605	0.00169297	0.00865853
0.10723605	0.00164246	0.00872384
0.10723605	0.00143975	0.00886367
0.10723605	0.00104698	0.00898221
0.10723605	0.00047683	0.00903198
0.10723605	-0.00025296	0.00898697
0.10723605	-0.00112387	0.00882322
0.10723605	-0.00211538	0.00852060
0.10723605	-0.00320757	0.00806885
0.10723605	-0.00438684	0.00747309
0.10723605	-0.00565134	0.00675578
0.10723605	-0.00700326	0.00594032
0.10723605	-0.00843608	0.00503330
0.10723605	-0.00994247	0.00404054
0.10723605	-0.01151498	0.00296842
0.10723605	-0.01314619	0.00182393
0.10723605	-0.01482837	0.00061427
0.10723605	-0.01655345	-0.00065340
0.10723605	-0.01831241	-0.00197282
0.10723605	-0.02009493	-0.00333943
0.10723605	-0.02188803	-0.00475234
0.10723605	-0.02367479	-0.00621674
0.10966744	-0.02517954	-0.00726217
0.10966744	-0.02311967	-0.00637340
0.10966744	-0.02110479	-0.00542892
0.10966744	-0.01913189	-0.00445609
0.10966744	-0.01720388	-0.00347202
0.10966744	-0.01532693	-0.00248800
0.10966744	-0.01350929	-0.00151146
0.10966744	-0.01176009	-0.00054785
0.10966744	-0.01008881	0.00039856
0.10966744	-0.00850475	0.00132373
0.10966744	-0.00701691	0.00222379
0.10966744	-0.00563373	0.00309466
0.10966744	-0.00436300	0.00393191
0.10966744	-0.00321140	0.00473028
0.10966744	-0.00217657	0.00547285
0.10966744	-0.00125140	0.00613819
0.10966744	-0.00043679	0.00671760
0.10966744	0.00025945	0.00721324
0.10966744	0.00082411	0.00763571
0.10966744	0.00123822	0.00800055
0.10966744	0.00146728	0.00832137
0.10966744	0.00148448	0.00855473
0.10966744	0.00145171	0.00862717
0.10966744	0.00140272	0.00869135
0.10966744	0.00120531	0.00882934
0.10966744	0.00082188	0.00894763
0.10966744	0.00026455	0.00899971
0.10966744	-0.00044947	0.00896002
0.10966744	-0.00130222	0.00880502
0.10966744	-0.00227374	0.00851490
0.10966744	-0.00334459	0.00807951
0.10966744	-0.00450148	0.00750380
0.10966744	-0.00574245	0.00680974
0.10966744	-0.00706951	0.00602021
0.10966744	-0.00847623	0.00514160
0.10966744	-0.00995542	0.00417959
0.10966744	-0.01149974	0.00314033
0.10966744	-0.01310190	0.00203065
0.10966744	-0.01475430	0.00085753
0.10966744	-0.01644899	-0.00037208
0.10966744	-0.01817714	-0.00165209
0.10966744	-0.01992860	-0.00297811
0.10966744	-0.02169069	-0.00434936
0.10966744	-0.02344688	-0.00577099
0.11209884	-0.02494790	-0.00680009
0.11209884	-0.02292606	-0.00594166
0.11209884	-0.02094792	-0.00502848
0.11209884	-0.01901069	-0.00408734
0.11209884	-0.01711733	-0.00313497
0.11209884	-0.01527395	-0.00218238
0.11209884	-0.01348868	-0.00123679
0.11209884	-0.01177047	-0.00030348
0.11209884	-0.01012865	0.00061342
0.11209884	-0.00857233	0.00151001
0.11209884	-0.00711036	0.00238257
0.11209884	-0.00575103	0.00322714
0.11209884	-0.00450197	0.00403945
0.11209884	-0.00336979	0.00481438
0.11209884	-0.00235227	0.00553538
0.11209884	-0.00144257	0.00618141
0.11209884	-0.00064163	0.00674396
0.11209884	0.00004294	0.00722517
0.11209884	0.00059826	0.00763550
0.11209884	0.00100586	0.00799027
0.11209884	0.00123203	0.00830303
0.11209884	0.00125028	0.00853141
0.11209884	0.00121864	0.00860253
0.11209884	0.00117106	0.00866567
0.11209884	0.00097861	0.00880197
0.11209884	0.00060390	0.00892006
0.11209884	0.00005852	0.00897433
0.11209884	-0.00064082	0.00893965
0.11209884	-0.00147665	0.00879282
0.11209884	-0.00242955	0.00851437
0.11209884	-0.00348054	0.00809424
0.11209884	-0.00461658	0.00753723
0.11209884	-0.00583565	0.00686485
0.11209884	-0.00713956	0.00609951
0.11209884	-0.00852199	0.00524741
0.11209884	-0.00997585	0.00431407
0.11209884	-0.01149394	0.00330547
0.11209884	-0.01306906	0.00222826
0.11209884	-0.01469374	0.00108923
0.11209884	-0.01636016	-0.00010487
0.11209884	-0.01805962	-0.00134813
0.11209884	-0.01978218	-0.00263629
0.11209884	-0.02151541	-0.00396867
0.11209884	-0.02324317	-0.00535040
0.11453023	-0.02475020	-0.00636563
0.11453023	-0.02276282	-0.00553520
0.11453023	-0.02081797	-0.00465087
0.11453023	-0.01891307	-0.00373893
0.11453023	-0.01705110	-0.00281574
0.11453023	-0.01523814	-0.00189209
0.11453023	-0.01348218	-0.00097499
0.11453023	-0.01179203	-0.00006957
0.11453023	-0.01017687	0.00082017
0.11453023	-0.00864566	0.00169047
0.11453023	-0.00720710	0.00253772
0.11453023	-0.00586933	0.00335811
0.11453023	-0.00463988	0.00414748
0.11453023	-0.00352525	0.00490088
0.11453023	-0.00252338	0.00560206
0.11453023	-0.00162767	0.00623037
0.11453023	-0.00083907	0.00677743
0.11453023	-0.00016506	0.00724539
0.11453023	0.00038183	0.00764457
0.11453023	0.00078354	0.00799011
0.11453023	0.00100712	0.00829549
0.11453023	0.00102638	0.00851933
0.11453023	0.00099578	0.00858926
0.11453023	0.00094951	0.00865146
0.11453023	0.00076161	0.00878628
0.11453023	0.00039486	0.00890430
0.11453023	-0.00013962	0.00896070
0.11453023	-0.00082560	0.00893073
0.11453023	-0.00164606	0.00879153
0.11453023	-0.00258206	0.00852387
0.11453023	-0.00361504	0.00811783
0.11453023	-0.00473220	0.00757803
0.11453023	-0.00593144	0.00692562
0.11453023	-0.00721442	0.00618252
0.11453023	-0.00857487	0.00535479
0.11453023	-0.01000584	0.00444781
0.11453023	-0.01150022	0.00346739
0.11453023	-0.01305091	0.00242000
0.11453023	-0.01465055	0.00131228
0.11453023	-0.01629142	0.00015079
0.11453023	-0.01796499	-0.00105872
0.11453023	-0.01966145	-0.00231213
0.11453023	-0.02136863	-0.00360884
0.11453023	-0.02307072	-0.00495399
0.11696163	-0.02459378	-0.00595897
0.11696163	-0.02263658	-0.00515394
0.11696163	-0.02072087	-0.00429571
0.11696163	-0.01884425	-0.00341015
0.11696163	-0.01700974	-0.00251333
0.11696163	-0.01522337	-0.00161581
0.11696163	-0.01349302	-0.00072443
0.11696163	-0.01182740	0.00015581
0.11696163	-0.01023552	0.00102104
0.11696163	-0.00872623	0.00186761
0.11696163	-0.00730809	0.00269205
0.11696163	-0.00598912	0.00349064
0.11696163	-0.00477674	0.00425935
0.11696163	-0.00367738	0.00499335
0.11696163	-0.00268912	0.00567672
0.11696163	-0.00180558	0.00628909
0.11696163	-0.00102774	0.00682222
0.11696163	-0.00036290	0.00727825
0.11696163	0.00017666	0.00766741
0.11696163	0.00057329	0.00800466
0.11696163	0.00079469	0.00830345
0.11696163	0.00081490	0.00852326
0.11696163	0.00078527	0.00859215
0.11696163	0.00074018	0.00865355
0.11696163	0.00055636	0.00878713
0.11696163	0.00019670	0.00890524
0.11696163	-0.00032814	0.00896374
0.11696163	-0.00100231	0.00893817
0.11696163	-0.00180924	0.00880598
0.11696163	-0.00273039	0.00854817
0.11696163	-0.00374760	0.00815488
0.11696163	-0.00484824	0.00763065
0.11696163	-0.00603018	0.00699625
0.11696163	-0.00729489	0.00627322
0.11696163	-0.00863620	0.00546746
0.11696163	-0.01004723	0.00458421
0.11696163	-0.01152097	0.00362916
0.11696163	-0.01305041	0.00260863
0.11696163	-0.01462827	0.00152907
0.11696163	-0.01624695	0.00039692
0.11696163	-0.01789801	-0.00078224
0.11696163	-0.01957181	-0.00200442
0.11696163	-0.02125638	-0.00326909
0.11696163	-0.02293619	-0.00458140
0.11939302	-0.02448644	-0.00558597
0.11939302	-0.02255435	-0.00480332
0.11939302	-0.02066285	-0.00396807
0.11939302	-0.01880970	-0.00310569
0.11939302	-0.01699796	-0.00223203
0.11939302	-0.01523361	-0.00135745
0.11939302	-0.01352448	-0.00048864
0.11939302	-0.01187913	0.00036950
0.11939302	-0.01030651	0.00121324
0.11939302	-0.00881531	0.00203901
0.11939302	-0.00741400	0.00284345
0.11939302	-0.00611050	0.00362295
0.11939302	-0.00491216	0.00437358
0.11939302	-0.00382531	0.00509063
0.11939302	-0.00284820	0.00575843
0.11939302	-0.00197464	0.00635689
0.11939302	-0.00120560	0.00687786
0.11939302	-0.00054829	0.00732349
0.11939302	-0.00001472	0.00770389
0.11939302	0.00037781	0.00803392
0.11939302	0.00059753	0.00832700
0.11939302	0.00061872	0.00854341
0.11939302	0.00058993	0.00861144
0.11939302	0.00054588	0.00867219
0.11939302	0.00036558	0.00880483
0.11939302	0.00001197	0.00892318
0.11939302	-0.00050469	0.00898368
0.11939302	-0.00116892	0.00896213
0.11939302	-0.00196447	0.00883621
0.11939302	-0.00287319	0.00858711
0.11939302	-0.00387724	0.00820506
0.11939302	-0.00496417	0.00769447
0.11939302	-0.00613180	0.00707586
0.11939302	-0.00738145	0.00637042
0.11939302	-0.00870698	0.00558388
0.11939302	-0.01010162	0.00472140
0.11939302	-0.01155841	0.00378852
0.11939302	-0.01307042	0.00279145
0.11939302	-0.01463045	0.00173650
0.11939302	-0.01623096	0.00062996
0.11939302	-0.01786363	-0.00052271
0.11939302	-0.01951892	-0.00171763
0.11939302	-0.02118504	-0.00295437
0.11939302	-0.02284672	-0.00423807
0.12182442	-0.02443680	-0.00525914
0.12182442	-0.02252384	-0.00449553
0.12182442	-0.02065070	-0.00367977
0.12182442	-0.01881529	-0.00283706
0.12182442	-0.01702073	-0.00198302
0.12182442	-0.01527297	-0.00112786
0.12182442	-0.01357979	-0.00027815
0.12182442	-0.01194967	0.00056131
0.12182442	-0.01039146	0.00138687
0.12182442	-0.00891378	0.00219509
0.12182442	-0.00752501	0.00298266
0.12182442	-0.00623301	0.00374608
0.12182442	-0.00504504	0.00448149
0.12182442	-0.00396741	0.00518430
0.12182442	-0.00299849	0.00583906
0.12182442	-0.00213226	0.00642588
0.12182442	-0.00136971	0.00693666
0.12182442	-0.00071793	0.00737356
0.12182442	-0.00018874	0.00774663
0.12182442	0.00020087	0.00807063
0.12182442	0.00041960	0.00835900
0.12182442	0.00044181	0.00857269
0.12182442	0.00041377	0.00864009
0.12182442	0.00037059	0.00870036
0.12182442	0.00019315	0.00883239
0.12182442	-0.00015564	0.00895117
0.12182442	-0.00066584	0.00901358
0.12182442	-0.00132227	0.00899563
0.12182442	-0.00210898	0.00887517
0.12182442	-0.00300812	0.00863353
0.12182442	-0.00400212	0.00826100
0.12182442	-0.00507868	0.00776194
0.12182442	-0.00623556	0.00715664
0.12182442	-0.00747396	0.00646600
0.12182442	-0.00878777	0.00569563
0.12182442	-0.01017025	0.00485060
0.12182442	-0.01161452	0.00393635
0.12182442	-0.01311369	0.00295896
0.12182442	-0.01466062	0.00192464
0.12182442	-0.01624783	0.00083956
0.12182442	-0.01786705	-0.00029092
0.12182442	-0.01950885	-0.00146302
0.12182442	-0.02116157	-0.00267638
0.12182442	-0.02281015	-0.00393616
0.12425581	-0.02445277	-0.00498727
0.12425581	-0.02255210	-0.00423935
0.12425581	-0.02069061	-0.00343962
0.12425581	-0.01886638	-0.00261303
0.12425581	-0.01708256	-0.00177505
0.12425581	-0.01534514	-0.00093576
0.12425581	-0.01366184	-0.00010163
0.12425581	-0.01204112	0.00072262
0.12425581	-0.01049176	0.00153343
0.12425581	-0.00902233	0.00232740
0.12425581	-0.00764116	0.00310133
0.12425581	-0.00635606	0.00385177
0.12425581	-0.00517425	0.00457496
0.12425581	-0.00410201	0.00526636
0.12425581	-0.00313786	0.00591073
0.12425581	-0.00227591	0.00648827
0.12425581	-0.00151715	0.00699095
0.12425581	-0.00086860	0.00742089
0.12425581	-0.00034191	0.00778813
0.12425581	0.00004614	0.00810737
0.12425581	0.00026463	0.00839213
0.12425581	0.00028792	0.00860391
0.12425581	0.00026050	0.00867091
0.12425581	0.00021800	0.00873091
0.12425581	0.00004274	0.00886277
0.12425581	-0.00030256	0.00898229
0.12425581	-0.00080821	0.00904668
0.12425581	-0.00145927	0.00903205
0.12425581	-0.00224001	0.00891635
0.12425581	-0.00313283	0.00868102
0.12425581	-0.00412034	0.00831636
0.12425581	-0.00519037	0.00782670
0.12425581	-0.00634065	0.00723219
0.12425581	-0.00757220	0.00655351
0.12425581	-0.00887894	0.00579615
0.12425581	-0.01025418	0.00496511
0.12425581	-0.01169105	0.00406576
0.12425581	-0.01318269	0.00310409
0.12425581	-0.01472199	0.00208622
0.12425581	-0.01630151	0.00101824
0.12425581	-0.01791301	-0.00009459
0.12425581	-0.01954712	-0.00124857
0.12425581	-0.02119229	-0.00244337
0.12425581	-0.02283361	-0.00368421
0.12668721	-0.02453907	-0.00476146
0.12668721	-0.02264337	-0.00402632
0.12668721	-0.02078637	-0.00323948
0.12668721	-0.01896629	-0.00242577
0.12668721	-0.01718637	-0.00160056
0.12668721	-0.01545261	-0.00077384
0.12668721	-0.01377275	0.00004801
0.12668721	-0.01215521	0.00086030
0.12668721	-0.01060877	0.00165955
0.12668721	-0.00914198	0.00244244
0.12668721	-0.00776313	0.00320580
0.12668721	-0.00648003	0.00394626
0.12668721	-0.00529988	0.00466010
0.12668721	-0.00422897	0.00534286
0.12668721	-0.00326593	0.00597943
0.12668721	-0.00240500	0.00655002
0.12668721	-0.00164717	0.00704660
0.12668721	-0.00099939	0.00747131
0.12668721	-0.00047322	0.00783420
0.12668721	-0.00008528	0.00814999
0.12668721	0.00013370	0.00843231
0.12668721	0.00015804	0.00864300
0.12668721	0.00013112	0.00870984
0.12668721	0.00008916	0.00876982
0.12668721	-0.00008460	0.00890203
0.12668721	-0.00042771	0.00902284
0.12668721	-0.00093075	0.00908954
0.12668721	-0.00157894	0.00907828
0.12668721	-0.00235675	0.00896700
0.12668721	-0.00324670	0.00873712
0.12668721	-0.00423155	0.00837896
0.12668721	-0.00529919	0.00789680
0.12668721	-0.00644726	0.00731074
0.12668721	-0.00767669	0.00664132
0.12668721	-0.00898135	0.00589395
0.12668721	-0.01035459	0.00507361
0.12668721	-0.01178953	0.00418557
0.12668721	-0.01327931	0.00323577
0.12668721	-0.01481682	0.00223027
0.12668721	-0.01639462	0.00117510
0.12668721	-0.01800450	0.00007546
0.12668721	-0.01963710	-0.00106503
0.12668721	-0.02128093	-0.00224609
0.12668721	-0.02292117	-0.00347296
0.12911860	-0.02469462	-0.00455838
0.12911860	-0.02279678	-0.00383331
0.12911860	-0.02093736	-0.00305636
0.12911860	-0.01911472	-0.00225237
0.12911860	-0.01733213	-0.00143670
0.12911860	-0.01559566	-0.00061932
0.12911860	-0.01391306	0.00019345
0.12911860	-0.01229277	0.00099696
0.12911860	-0.01074357	0.00178779
0.12911860	-0.00927403	0.00256265
0.12911860	-0.00789246	0.00331843
0.12911860	-0.00660667	0.00405180
0.12911860	-0.00542387	0.00475910
0.12911860	-0.00435040	0.00543591
0.12911860	-0.00338498	0.00606716
0.12911860	-0.00252192	0.00663302
0.12911860	-0.00176225	0.00712544
0.12911860	-0.00111288	0.00754658
0.12911860	-0.00058533	0.00790653
0.12911860	-0.00019613	0.00822013
0.12911860	0.00002407	0.00850114
0.12911860	0.00004947	0.00871154
0.12911860	0.00002294	0.00877848
0.12911860	-0.00001864	0.00883865
0.12911860	-0.00019149	0.00897179
0.12911860	-0.00053364	0.00909448
0.12911860	-0.00103592	0.00916394
0.12911860	-0.00168368	0.00915618
0.12911860	-0.00246148	0.00904906
0.12911860	-0.00335193	0.00882389
0.12911860	-0.00433783	0.00847092
0.12911860	-0.00540705	0.00799443
0.12911860	-0.00655719	0.00741457
0.12911860	-0.00778904	0.00675181
0.12911860	-0.00909645	0.00601152
0.12911860	-0.01047275	0.00519865
0.12911860	-0.01191102	0.00431843
0.12911860	-0.01340441	0.00337677
0.12911860	-0.01494576	0.00237968
0.12911860	-0.01652762	0.00133316
0.12911860	-0.01814174	0.00024234
0.12911860	-0.01977876	-0.00088920
0.12911860	-0.02142719	-0.00206123
0.12911860	-0.02307225	-0.00327911
0.13155000	-0.02491089	-0.00437555
0.13155000	-0.02300472	-0.00365722
0.13155000	-0.02113690	-0.00288661
0.13155000	-0.01930583	-0.00208871
0.13155000	-0.01751487	-0.00127894
0.13155000	-0.01577013	-0.00046726
0.13155000	-0.01407941	0.00033999
0.13155000	-0.01245118	0.00113822
0.13155000	-0.01089427	0.00192401
0.13155000	-0.00941729	0.00269413
0.13155000	-0.00802858	0.00344551
0.13155000	-0.00673600	0.00417483
0.13155000	-0.00554680	0.00487848
0.13155000	-0.00446735	0.00555207
0.13155000	-0.00349647	0.00618052
0.13155000	-0.00262854	0.00674390
0.13155000	-0.00186460	0.00723413
0.13155000	-0.00121158	0.00765337
0.13155000	-0.00068096	0.00801181
0.13155000	-0.00028926	0.00832441
0.13155000	-0.00006716	0.00860512
0.13155000	-0.00004065	0.00881596
0.13155000	-0.00006690	0.00888321
0.13155000	-0.00010828	0.00894376
0.13155000	-0.00028088	0.00907817
0.13155000	-0.00062332	0.00920292
0.13155000	-0.00112660	0.00927504
0.13155000	-0.00177612	0.00927037
0.13155000	-0.00255649	0.00916659
0.13155000	-0.00345034	0.00894490
0.13155000	-0.00444046	0.00859546
0.13155000	-0.00551470	0.00812255
0.13155000	-0.00667057	0.00754643
0.13155000	-0.00790875	0.00688758
0.13155000	-0.00922305	0.00615134
0.13155000	-0.01060675	0.00534264
0.13155000	-0.01205291	0.00446669
0.13155000	-0.01355460	0.00352938
0.13155000	-0.01510464	0.00253672
0.13155000	-0.01669552	0.00149467
0.13155000	-0.01831894	0.00040835
0.13155000	-0.01996551	-0.00071871
0.13155000	-0.02162367	-0.00188637
0.13155000	-0.02327861	-0.00310009
0.13335842	-0.02509962	-0.00428095
0.13335842	-0.02318423	-0.00356491
0.13335842	-0.02130715	-0.00279637
0.13335842	-0.01946686	-0.00200040
0.13335842	-0.01766676	-0.00119246
0.13335842	-0.01591304	-0.00038253
0.13335842	-0.01421353	0.00042307
0.13335842	-0.01257676	0.00121973
0.13335842	-0.01101159	0.00200407
0.13335842	-0.00952669	0.00277286
0.13335842	-0.00813042	0.00352304
0.13335842	-0.00683069	0.00425133
0.13335842	-0.00563479	0.00495411
0.13335842	-0.00454913	0.00562701
0.13335842	-0.00357260	0.00625491
0.13335842	-0.00269962	0.00681783
0.13335842	-0.00193126	0.00730763
0.13335842	-0.00127445	0.00772650
0.13335842	-0.00074067	0.00808468
0.13335842	-0.00034645	0.00839719
0.13335842	-0.00012245	0.00867818
0.13335842	-0.00009498	0.00888971
0.13335842	-0.00012110	0.00895732
0.13335842	-0.00016245	0.00901822
0.13335842	-0.00033538	0.00915358
0.13335842	-0.00067885	0.00927959
0.13335842	-0.00118389	0.00935315
0.13335842	-0.00183592	0.00934999
0.13335842	-0.00261954	0.00924770
0.13335842	-0.00351739	0.00902741
0.13335842	-0.00451224	0.00867923
0.13335842	-0.00559190	0.00820746
0.13335842	-0.00675385	0.00763241
0.13335842	-0.00799869	0.00697459
0.13335842	-0.00932018	0.00623935
0.13335842	-0.01071157	0.00543159
0.13335842	-0.01216586	0.00455654
0.13335842	-0.01367610	0.00362009
0.13335842	-0.01523505	0.00262822
0.13335842	-0.01683515	0.00158692
0.13335842	-0.01846807	0.00050128
0.13335842	-0.02012434	-0.00062516
0.13335842	-0.02179239	-0.00179230
0.13335842	-0.02345736	-0.00300568
0.13514942	-0.02528850	-0.00425558
0.13514942	-0.02336310	-0.00353980
0.13514942	-0.02147590	-0.00277153
0.13514942	-0.01962549	-0.00197582
0.13514942	-0.01781538	-0.00116813
0.13514942	-0.01605179	-0.00035842
0.13514942	-0.01434265	0.00044699
0.13514942	-0.01269653	0.00124351
0.13514942	-0.01112234	0.00202776
0.13514942	-0.00962878	0.00279652
0.13514942	-0.00822428	0.00354672
0.13514942	-0.00691677	0.00427511
0.13514942	-0.00571360	0.00497807
0.13514942	-0.00462119	0.00565120
0.13514942	-0.00363848	0.00627933
0.13514942	-0.00275996	0.00684244
0.13514942	-0.00198674	0.00733240
0.13514942	-0.00132578	0.00775141
0.13514942	-0.00078857	0.00810975
0.13514942	-0.00039160	0.00842252
0.13514942	-0.00016553	0.00870397
0.13514942	-0.00013700	0.00891634
0.13514942	-0.00016302	0.00898433
0.13514942	-0.00020443	0.00904561
0.13514942	-0.00037798	0.00918179
0.13514942	-0.00072290	0.00930868
0.13514942	-0.00123017	0.00938308
0.13514942	-0.00188518	0.00938068
0.13514942	-0.00267251	0.00927905
0.13514942	-0.00357482	0.00905928
0.13514942	-0.00457489	0.00871146
0.13514942	-0.00566049	0.00823988
0.13514942	-0.00682903	0.00766486
0.13514942	-0.00808107	0.00700694
0.13514942	-0.00941033	0.00627149
0.13514942	-0.01081001	0.00546344
0.13514942	-0.01227308	0.00458799
0.13514942	-0.01379253	0.00365103
0.13514942	-0.01536107	0.00265857
0.13514942	-0.01697109	0.00161658
0.13514942	-0.01861422	0.00053019
0.13514942	-0.02028094	-0.00059709
0.13514942	-0.02195965	-0.00176514
0.13514942	-0.02363547	-0.00297947
0.13690575	-0.02543604	-0.00431246
0.13690575	-0.02350313	-0.00359649
0.13690575	-0.02160819	-0.00282825
0.13690575	-0.01974999	-0.00203269
0.13690575	-0.01793212	-0.00122521
0.13690575	-0.01616088	-0.00041572
0.13690575	-0.01444425	0.00038948
0.13690575	-0.01279085	0.00118579
0.13690575	-0.01120962	0.00196986
0.13690575	-0.00970931	0.00273848
0.13690575	-0.00829837	0.00348858
0.13690575	-0.00698477	0.00421690
0.13690575	-0.00577587	0.00491982
0.13690575	-0.00467812	0.00559293
0.13690575	-0.00369042	0.00622092
0.13690575	-0.00280740	0.00678384
0.13690575	-0.00203025	0.00727363
0.13690575	-0.00136595	0.00769253
0.13690575	-0.00082598	0.00805086
0.13690575	-0.00042680	0.00836372
0.13690575	-0.00019898	0.00864542
0.13690575	-0.00016956	0.00885842
0.13690575	-0.00019552	0.00892671
0.13690575	-0.00023700	0.00898824
0.13690575	-0.00041114	0.00912489
0.13690575	-0.00075729	0.00925214
0.13690575	-0.00126633	0.00932679
0.13690575	-0.00192361	0.00932464
0.13690575	-0.00271376	0.00922329
0.13690575	-0.00361947	0.00900387
0.13690575	-0.00462356	0.00865645
0.13690575	-0.00571379	0.00818522
0.13690575	-0.00688745	0.00761035
0.13690575	-0.00814504	0.00695249
0.13690575	-0.00948032	0.00621703
0.13690575	-0.01088644	0.00540892
0.13690575	-0.01235633	0.00453336
0.13690575	-0.01388293	0.00359622
0.13690575	-0.01545893	0.00260352
0.13690575	-0.01707667	0.00156123
0.13690575	-0.01872775	0.00047449
0.13690575	-0.02040262	-0.00065317
0.13690575	-0.02208968	-0.00182158
0.13690575	-0.02377407	-0.00303620
0.13861051	-0.02548550	-0.00443264
0.13861051	-0.02355227	-0.00371874
0.13861051	-0.02165679	-0.00295286
0.13861051	-0.01979790	-0.00215977
0.13861051	-0.01797925	-0.00135484
0.13861051	-0.01620720	-0.00054790
0.13861051	-0.01448974	0.00025477
0.13861051	-0.01283548	0.00104863
0.13861051	-0.01125339	0.00183030
0.13861051	-0.00975220	0.00259661
0.13861051	-0.00834037	0.00334447
0.13861051	-0.00702586	0.00407064
0.13861051	-0.00581603	0.00477151
0.13861051	-0.00471729	0.00544260
0.13861051	-0.00372845	0.00606844
0.13861051	-0.00284431	0.00662929
0.13861051	-0.00206621	0.00711727
0.13861051	-0.00140113	0.00753471
0.13861051	-0.00086055	0.00789192
0.13861051	-0.00046082	0.00820394
0.13861051	-0.00023236	0.00848506
0.13861051	-0.00020238	0.00869794
0.13861051	-0.00022825	0.00876624
0.13861051	-0.00026970	0.00882777
0.13861051	-0.00044385	0.00896430
0.13861051	-0.00078998	0.00909131
0.13861051	-0.00129890	0.00916581
0.13861051	-0.00195601	0.00916378
0.13861051	-0.00274602	0.00906301
0.13861051	-0.00365175	0.00884474
0.13861051	-0.00465611	0.00849899
0.13861051	-0.00574684	0.00802974
0.13861051	-0.00692105	0.00745684
0.13861051	-0.00817928	0.00680103
0.13861051	-0.00951531	0.00606782
0.13861051	-0.01092231	0.00526214
0.13861051	-0.01239319	0.00438917
0.13861051	-0.01392087	0.00345474
0.13861051	-0.01549804	0.00246485
0.13861051	-0.01711702	0.00142547
0.13861051	-0.01876940	0.00034171
0.13861051	-0.02044568	-0.00078286
0.13861051	-0.02213425	-0.00194806
0.13861051	-0.02382031	-0.00315931
0.14024727	-0.02538380	-0.00457573
0.14024727	-0.02346255	-0.00386880
0.14024727	-0.02157875	-0.00311017
0.14024727	-0.01973128	-0.00232447
0.14024727	-0.01792377	-0.00152694
0.14024727	-0.01616255	-0.00072736
0.14024727	-0.01445557	0.00006806
0.14024727	-0.01281140	0.00085482
0.14024727	-0.01123894	0.00162958
0.14024727	-0.00974686	0.00238916
0.14024727	-0.00834356	0.00313051
0.14024727	-0.00703695	0.00385039
0.14024727	-0.00583433	0.00454521
0.14024727	-0.00474201	0.00521044
0.14024727	-0.00375861	0.00583036
0.14024727	-0.00287918	0.00638568
0.14024727	-0.00210525	0.00686886
0.14024727	-0.00144382	0.00728232
0.14024727	-0.00090628	0.00763633
0.14024727	-0.00050879	0.00794576
0.14024727	-0.00028148	0.00822472
0.14024727	-0.00025146	0.00843614
0.14024727	-0.00027713	0.00850400
0.14024727	-0.00031831	0.00856511
0.14024727	-0.00049135	0.00870062
0.14024727	-0.00083519	0.00882661
0.14024727	-0.00134067	0.00890055
0.14024727	-0.00199332	0.00889878
0.14024727	-0.00277806	0.00879940
0.14024727	-0.00367795	0.00858388
0.14024727	-0.00467609	0.00824221
0.14024727	-0.00576024	0.00777805
0.14024727	-0.00692728	0.00721067
0.14024727	-0.00817780	0.00656090
0.14024727	-0.00950571	0.00583439
0.14024727	-0.01090421	0.00503601
0.14024727	-0.01236625	0.00417089
0.14024727	-0.01388479	0.00324479
0.14024727	-0.01545253	0.00226367
0.14024727	-0.01706186	0.00123342
0.14024727	-0.01870442	0.00015913
0.14024727	-0.02037076	-0.00095567
0.14024727	-0.02204937	-0.00211080
0.14024727	-0.02372555	-0.00331165
0.14180027	-0.02509180	-0.00469881
0.14180027	-0.02319948	-0.00400531
0.14180027	-0.02134404	-0.00326074
0.14180027	-0.01952438	-0.00248939
0.14180027	-0.01774409	-0.00170629
0.14180027	-0.01600940	-0.00092104
0.14180027	-0.01432813	-0.00013976
0.14180027	-0.01270875	0.00063313
0.14180027	-0.01116001	0.00139434
0.14180027	-0.00969045	0.00214076
0.14180027	-0.00830832	0.00286934
0.14180027	-0.00702139	0.00357689
0.14180027	-0.00583687	0.00425985
0.14180027	-0.00476086	0.00491363
0.14180027	-0.00379176	0.00552234
0.14180027	-0.00292495	0.00606734
0.14180027	-0.00216215	0.00654156
0.14180027	-0.00151034	0.00694752
0.14180027	-0.00098072	0.00729536
0.14180027	-0.00058918	0.00759968
0.14180027	-0.00036533	0.00787423
0.14180027	-0.00033591	0.00808237
0.14180027	-0.00036127	0.00814914
0.14180027	-0.00040187	0.00820924
0.14180027	-0.00057234	0.00834242
0.14180027	-0.00091085	0.00846619
0.14180027	-0.00140838	0.00853889
0.14180027	-0.00205076	0.00853745
0.14180027	-0.00282325	0.00844051
0.14180027	-0.00370934	0.00822991
0.14180027	-0.00469244	0.00789563
0.14180027	-0.00576040	0.00744086
0.14180027	-0.00690982	0.00688401
0.14180027	-0.00814140	0.00624593
0.14180027	-0.00944923	0.00553240
0.14180027	-0.01082662	0.00474821
0.14180027	-0.01226663	0.00389840
0.14180027	-0.01376228	0.00298859
0.14180027	-0.01530640	0.00202464
0.14180027	-0.01689148	0.00101234
0.14180027	-0.01850930	-0.00004330
0.14180027	-0.02015054	-0.00113881
0.14180027	-0.02180389	-0.00227404
0.14180027	-0.02345491	-0.00345428
0.14325456	-0.02457948	-0.00476568
0.14325456	-0.02273727	-0.00409259
0.14325456	-0.02093076	-0.00336999
0.14325456	-0.01915901	-0.00262134
0.14325456	-0.01742555	-0.00186121
0.14325456	-0.01573650	-0.00109888
0.14325456	-0.01409947	-0.00034027
0.14325456	-0.01252274	0.00041035
0.14325456	-0.01101481	0.00114977
0.14325456	-0.00958400	0.00187494
0.14325456	-0.00823832	0.00258291
0.14325456	-0.00698534	0.00327051
0.14325456	-0.00583205	0.00393430
0.14325456	-0.00478429	0.00456960
0.14325456	-0.00384019	0.00516045
0.14325456	-0.00299554	0.00568915
0.14325456	-0.00225228	0.00614921
0.14325456	-0.00161728	0.00654325
0.14325456	-0.00110148	0.00688119
0.14325456	-0.00072030	0.00717718
0.14325456	-0.00050256	0.00744445
0.14325456	-0.00047435	0.00764706
0.14325456	-0.00049918	0.00771198
0.14325456	-0.00053882	0.00777037
0.14325456	-0.00070489	0.00789970
0.14325456	-0.00103436	0.00801989
0.14325456	-0.00151848	0.00809059
0.14325456	-0.00214352	0.00808960
0.14325456	-0.00289531	0.00799635
0.14325456	-0.00375791	0.00779321
0.14325456	-0.00471525	0.00747021
0.14325456	-0.00575533	0.00702997
0.14325456	-0.00687451	0.00648975
0.14325456	-0.00807353	0.00587021
0.14325456	-0.00934681	0.00517730
0.14325456	-0.01068781	0.00441565
0.14325456	-0.01208977	0.00359015
0.14325456	-0.01354588	0.00270624
0.14325456	-0.01504914	0.00176961
0.14325456	-0.01659224	0.00078588
0.14325456	-0.01816721	-0.00024003
0.14325456	-0.01976500	-0.00130471
0.14325456	-0.02137464	-0.00240795
0.14325456	-0.02298215	-0.00355482
0.14459612	-0.02382723	-0.00474991
0.14459612	-0.02205889	-0.00410444
0.14459612	-0.02032435	-0.00341219
0.14459612	-0.01862296	-0.00269525
0.14459612	-0.01695824	-0.00196737
0.14459612	-0.01533614	-0.00123731
0.14459612	-0.01376402	-0.00051070
0.14459612	-0.01224982	0.00020841
0.14459612	-0.01080175	0.00091695
0.14459612	-0.00942776	0.00161198
0.14459612	-0.00813555	0.00229064
0.14459612	-0.00693235	0.00294986
0.14459612	-0.00582489	0.00358631
0.14459612	-0.00481861	0.00419528
0.14459612	-0.00391141	0.00476092
0.14459612	-0.00309956	0.00526672
0.14459612	-0.00238519	0.00570687
0.14459612	-0.00177501	0.00608406
0.14459612	-0.00127953	0.00640792
0.14459612	-0.00091356	0.00669194
0.14459612	-0.00070482	0.00694869
0.14459612	-0.00067839	0.00714324
0.14459612	-0.00070248	0.00720547
0.14459612	-0.00074069	0.00726138
0.14459612	-0.00090032	0.00738520
0.14459612	-0.00121663	0.00750027
0.14459612	-0.00168125	0.00756811
0.14459612	-0.00228112	0.00756763
0.14459612	-0.00300277	0.00747930
0.14459612	-0.00383106	0.00728625
0.14459612	-0.00475063	0.00697863
0.14459612	-0.00574977	0.00655841
0.14459612	-0.00682456	0.00604142
0.14459612	-0.00797582	0.00544789
0.14459612	-0.00919837	0.00478394
0.14459612	-0.01048590	0.00405396
0.14459612	-0.01183193	0.00326265
0.14459612	-0.01322989	0.00241520
0.14459612	-0.01467307	0.00151707
0.14459612	-0.01615444	0.00057367
0.14459612	-0.01766638	-0.00041023
0.14459612	-0.01920027	-0.00143129
0.14459612	-0.02074566	-0.00248914
0.14459612	-0.02228930	-0.00358838
0.14581204	-0.02284622	-0.00464102
0.14581204	-0.02117413	-0.00403059
0.14581204	-0.01953354	-0.00337672
0.14581204	-0.01792407	-0.00269984
0.14581204	-0.01634918	-0.00201274
0.14581204	-0.01481458	-0.00132356
0.14581204	-0.01332728	-0.00063754
0.14581204	-0.01189482	0.00004153
0.14581204	-0.01052494	0.00071075
0.14581204	-0.00922518	0.00136734
0.14581204	-0.00800280	0.00200855
0.14581204	-0.00686465	0.00263148
0.14581204	-0.00581706	0.00323295
0.14581204	-0.00486504	0.00380825
0.14581204	-0.00400626	0.00434186
0.14581204	-0.00323754	0.00481868
0.14581204	-0.00256116	0.00523363
0.14581204	-0.00198355	0.00558947
0.14581204	-0.00151471	0.00589533
0.14581204	-0.00116864	0.00616396
0.14581204	-0.00097164	0.00640708
0.14581204	-0.00094748	0.00659117
0.14581204	-0.00097054	0.00664990
0.14581204	-0.00100689	0.00670263
0.14581204	-0.00115812	0.00681934
0.14581204	-0.00145732	0.00692783
0.14581204	-0.00189666	0.00699190
0.14581204	-0.00246387	0.00699183
0.14581204	-0.00314636	0.00690939
0.14581204	-0.00392997	0.00672862
0.14581204	-0.00480020	0.00643997
0.14581204	-0.00574581	0.00604471
0.14581204	-0.00676266	0.00555711
0.14581204	-0.00785162	0.00499665
0.14581204	-0.00900797	0.00436954
0.14581204	-0.01022574	0.00367992
0.14581204	-0.01149879	0.00293224
0.14581204	-0.01282087	0.00213133
0.14581204	-0.01418565	0.00128240
0.14581204	-0.01558648	0.00039057
0.14581204	-0.01701619	-0.00053960
0.14581204	-0.01846667	-0.00150486
0.14581204	-0.01992814	-0.00250470
0.14581204	-0.02138822	-0.00354320
0.14689061	-0.02169993	-0.00444986
0.14689061	-0.02013926	-0.00388222
0.14689061	-0.01860826	-0.00327347
0.14689061	-0.01710646	-0.00264291
0.14689061	-0.01563700	-0.00200263
0.14689061	-0.01420519	-0.00136026
0.14689061	-0.01281756	-0.00072072
0.14689061	-0.01148113	-0.00008753
0.14689061	-0.01020313	0.00053655
0.14689061	-0.00899058	0.00114895
0.14689061	-0.00785026	0.00174707
0.14689061	-0.00678852	0.00232817
0.14689061	-0.00581128	0.00288929
0.14689061	-0.00492304	0.00342573
0.14689061	-0.00412135	0.00392259
0.14689061	-0.00340353	0.00436625
0.14689061	-0.00277197	0.00475238
0.14689061	-0.00223277	0.00508370
0.14689061	-0.00179528	0.00536883
0.14689061	-0.00147258	0.00561959
0.14689061	-0.00128931	0.00584676
0.14689061	-0.00126765	0.00601858
0.14689061	-0.00128944	0.00607324
0.14689061	-0.00132354	0.00612227
0.14689061	-0.00146484	0.00623078
0.14689061	-0.00174398	0.00633169
0.14689061	-0.00215371	0.00639142
0.14689061	-0.00268268	0.00639176
0.14689061	-0.00331929	0.00631592
0.14689061	-0.00405046	0.00614903
0.14689061	-0.00486271	0.00588192
0.14689061	-0.00574539	0.00551529
0.14689061	-0.00669426	0.00506174
0.14689061	-0.00771014	0.00453974
0.14689061	-0.00878887	0.00395552
0.14689061	-0.00992485	0.00331293
0.14689061	-0.01111233	0.00261610
0.14689061	-0.01234549	0.00186954
0.14689061	-0.01361841	0.00107808
0.14689061	-0.01492489	0.00024651
0.14689061	-0.01625825	-0.00062090
0.14689061	-0.01761094	-0.00152113
0.14689061	-0.01897381	-0.00245373
0.14689061	-0.02033529	-0.00342259
0.14782145	-0.02049448	-0.00420662
0.14782145	-0.01904964	-0.00368772
0.14782145	-0.01763376	-0.00312793
0.14782145	-0.01624565	-0.00254647
0.14782145	-0.01488784	-0.00195524
0.14782145	-0.01356502	-0.00136171
0.14782145	-0.01228311	-0.00077058
0.14782145	-0.01104858	-0.00018521
0.14782145	-0.00986807	0.00039183
0.14782145	-0.00874806	0.00095812
0.14782145	-0.00769480	0.00151123
0.14782145	-0.00671416	0.00204863
0.14782145	-0.00581159	0.00256753
0.14782145	-0.00499109	0.00306337
0.14782145	-0.00425015	0.00352199
0.14782145	-0.00358658	0.00393125
0.14782145	-0.00300277	0.00428748
0.14782145	-0.00250446	0.00459333
0.14782145	-0.00210029	0.00485680
0.14782145	-0.00180238	0.00508876
0.14782145	-0.00163358	0.00529904
0.14782145	-0.00161435	0.00545786
0.14782145	-0.00163476	0.00550828
0.14782145	-0.00166643	0.00555343
0.14782145	-0.00179717	0.00565332
0.14782145	-0.00205505	0.00574628
0.14782145	-0.00243342	0.00580142
0.14782145	-0.00292193	0.00580214
0.14782145	-0.00350994	0.00573308
0.14782145	-0.00418553	0.00558054
0.14782145	-0.00493627	0.00533585
0.14782145	-0.00575221	0.00499922
0.14782145	-0.00662910	0.00458171
0.14782145	-0.00756771	0.00410055
0.14782145	-0.00856439	0.00356194
0.14782145	-0.00961393	0.00296939
0.14782145	-0.01071105	0.00232674
0.14782145	-0.01185034	0.00163811
0.14782145	-0.01302631	0.00090796
0.14782145	-0.01423325	0.00014068
0.14782145	-0.01546494	-0.00065985
0.14782145	-0.01671431	-0.00149100
0.14782145	-0.01797274	-0.00235275
0.14782145	-0.01922915	-0.00324942
0.14859558	-0.01934306	-0.00394866
0.14859558	-0.01800815	-0.00347947
0.14859558	-0.01670235	-0.00296799
0.14859558	-0.01542345	-0.00243409
0.14859558	-0.01417309	-0.00188998
0.14859558	-0.01295527	-0.00134315
0.14859558	-0.01177527	-0.00079828
0.14859558	-0.01063896	-0.00025856
0.14859558	-0.00955244	0.00027355
0.14859558	-0.00852166	0.00079579
0.14859558	-0.00755235	0.00130591
0.14859558	-0.00664991	0.00180153
0.14859558	-0.00581935	0.00228009
0.14859558	-0.00506421	0.00273713
0.14859558	-0.00438201	0.00315939
0.14859558	-0.00377094	0.00353602
0.14859558	-0.00323333	0.00386388
0.14859558	-0.00277455	0.00414553
0.14859558	-0.00240258	0.00438834
0.14859558	-0.00212858	0.00460229
0.14859558	-0.00197367	0.00479628
0.14859558	-0.00195665	0.00494259
0.14859558	-0.00197561	0.00498895
0.14859558	-0.00200491	0.00503039
0.14859558	-0.00212543	0.00512206
0.14859558	-0.00236280	0.00520741
0.14859558	-0.00271100	0.00525820
0.14859558	-0.00316054	0.00525928
0.14859558	-0.00370177	0.00519667
0.14859558	-0.00432380	0.00505780
0.14859558	-0.00501528	0.00483453
0.14859558	-0.00576693	0.00452669
0.14859558	-0.00657459	0.00414399
0.14859558	-0.00743895	0.00370241
0.14859558	-0.00835680	0.00320802
0.14859558	-0.00932335	0.00266402
0.14859558	-0.01033373	0.00207394
0.14859558	-0.01138294	0.00144156
0.14859558	-0.01246592	0.00077094
0.14859558	-0.01357737	0.00006606
0.14859558	-0.01471149	-0.00066963
0.14859558	-0.01586163	-0.00143402
0.14859558	-0.01701953	-0.00222769
0.14859558	-0.01817434	-0.00305585
0.14920555	-0.01834356	-0.00371115
0.14920555	-0.01710424	-0.00328616
0.14920555	-0.01589443	-0.00281724
0.14920555	-0.01471085	-0.00232503
0.14920555	-0.01355435	-0.00182211
0.14920555	-0.01242827	-0.00131607
0.14920555	-0.01133732	-0.00081155
0.14920555	-0.01028686	-0.00031166
0.14920555	-0.00928248	0.00018126
0.14920555	-0.00832969	0.00066508
0.14920555	-0.00743376	0.00113769
0.14920555	-0.00659968	0.00159688
0.14920555	-0.00583207	0.00204026
0.14920555	-0.00513409	0.00246351
0.14920555	-0.00450334	0.00285420
0.14920555	-0.00393826	0.00320255
0.14920555	-0.00344115	0.00350582
0.14920555	-0.00301699	0.00376646
0.14920555	-0.00267320	0.00399132
0.14920555	-0.00242012	0.00418954
0.14920555	-0.00227730	0.00436928
0.14920555	-0.00226211	0.00450464
0.14920555	-0.00227981	0.00454741
0.14920555	-0.00230701	0.00458564
0.14920555	-0.00241856	0.00467017
0.14920555	-0.00263802	0.00474894
0.14920555	-0.00295985	0.00479596
0.14920555	-0.00337537	0.00479735
0.14920555	-0.00387573	0.00474032
0.14920555	-0.00445098	0.00461326
0.14920555	-0.00509064	0.00440852
0.14920555	-0.00578611	0.00412571
0.14920555	-0.00653332	0.00377343
0.14920555	-0.00733289	0.00336651
0.14920555	-0.00818197	0.00291084
0.14920555	-0.00907612	0.00240937
0.14920555	-0.01001084	0.00186536
0.14920555	-0.01098150	0.00128227
0.14920555	-0.01198338	0.00066381
0.14920555	-0.01301155	0.00001362
0.14920555	-0.01406060	-0.00066528
0.14920555	-0.01512417	-0.00137125
0.14920555	-0.01619429	-0.00210549
0.14920555	-0.01726027	-0.00287404
0.15000000	-0.01692272	-0.00335962
0.15000000	-0.01582115	-0.00299581
0.15000000	-0.01474900	-0.00258689
0.15000000	-0.01370182	-0.00215406
0.15000000	-0.01267947	-0.00171009
0.15000000	-0.01168444	-0.00126253
0.15000000	-0.01072067	-0.00081593
0.15000000	-0.00979281	-0.00037322
0.15000000	-0.00890573	0.00006343
0.15000000	-0.00806428	0.00049211
0.15000000	-0.00727312	0.00091089
0.15000000	-0.00653665	0.00131781
0.15000000	-0.00585892	0.00171072
0.15000000	-0.00524260	0.00208558
0.15000000	-0.00468542	0.00243121
0.15000000	-0.00418617	0.00273926
0.15000000	-0.00374700	0.00300749
0.15000000	-0.00337237	0.00323817
0.15000000	-0.00306885	0.00343733
0.15000000	-0.00284559	0.00361301
0.15000000	-0.00271994	0.00377228
0.15000000	-0.00270716	0.00389197
0.15000000	-0.00272299	0.00392969
0.15000000	-0.00274714	0.00396335
0.15000000	-0.00284583	0.00403778
0.15000000	-0.00303970	0.00410722
0.15000000	-0.00332391	0.00414887
0.15000000	-0.00369087	0.00415063
0.15000000	-0.00413288	0.00410134
0.15000000	-0.00464126	0.00399079
0.15000000	-0.00520685	0.00381208
0.15000000	-0.00582194	0.00356455
0.15000000	-0.00648274	0.00325538
0.15000000	-0.00718972	0.00289770
0.15000000	-0.00794053	0.00249707
0.15000000	-0.00873123	0.00205607
0.15000000	-0.00955783	0.00157755
0.15000000	-0.01041620	0.00106453
0.15000000	-0.01130218	0.00052025
0.15000000	-0.01221133	-0.00005218
0.15000000	-0.01313877	-0.00065027
0.15000000	-0.01407867	-0.00127301
0.15000000	-0.01502352	-0.00192228
0.15000000	-0.01596304	-0.00260505
