0.02600000	-0.01947321	-0.01473076
0.02600000	-0.01482683	-0.01181673
0.02600000	-0.01006546	-0.00938146
0.02600000	-0.00555109	-0.00706701
0.02600000	-0.00152161	-0.00468708
0.02600000	0.00174566	-0.00209410
0.02600000	0.00409918	0.00057783
0.02600000	0.00549861	0.00307507
0.02600000	0.00591429	0.00511740
0.02600000	0.00554530	0.00633269
0.02600000	0.00529302	0.00668124
0.02600000	0.00497845	0.00698544
0.02600000	0.00383243	0.00759251
0.02600000	0.00171533	0.00771792
0.02600000	-0.00108849	0.00693886
0.02600000	-0.00424520	0.00516606
0.02600000	-0.00748167	0.00242342
0.02600000	-0.01062244	-0.00115264
0.02600000	-0.01364389	-0.00533504
0.02600000	-0.01663821	-0.00987838
0.03290857	-0.02233957	-0.01342362
0.03290857	-0.01733573	-0.01081818
0.03290857	-0.01238161	-0.00844335
0.03290857	-0.00774851	-0.00605116
0.03290857	-0.00358037	-0.00364773
0.03290857	-0.00005243	-0.00120595
0.03290857	0.00277254	0.00112772
0.03290857	0.00480462	0.00326081
0.03290857	0.00591368	0.00510364
0.03290857	0.00603389	0.00639693
0.03290857	0.00585048	0.00679700
0.03290857	0.00552208	0.00710924
0.03290857	0.00425356	0.00756109
0.03290857	0.00203802	0.00758990
0.03290857	-0.00091790	0.00692840
0.03290857	-0.00436471	0.00541032
0.03290857	-0.00803564	0.00296386
0.03290857	-0.01166195	-0.00040071
0.03290857	-0.01516634	-0.00446288
0.03290857	-0.01876301	-0.00882705
0.03981714	-0.02516825	-0.01285215
0.03981714	-0.01977885	-0.01024076
0.03981714	-0.01452565	-0.00770986
0.03981714	-0.00958196	-0.00521723
0.03981714	-0.00511995	-0.00272904
0.03981714	-0.00124971	-0.00032427
0.03981714	0.00195814	0.00187922
0.03981714	0.00444274	0.00378347
0.03981714	0.00605004	0.00541260
0.03981714	0.00657773	0.00668040
0.03981714	0.00645198	0.00712798
0.03981714	0.00610224	0.00745312
0.03981714	0.00473713	0.00784996
0.03981714	0.00239903	0.00771910
0.03981714	-0.00067650	0.00682544
0.03981714	-0.00430622	0.00518104
0.03981714	-0.00831129	0.00278975
0.03981714	-0.01243493	-0.00042845
0.03981714	-0.01651977	-0.00436103
0.03981714	-0.02084363	-0.00848488
0.04672571	-0.02773635	-0.01246122
0.04672571	-0.02192376	-0.00989096
0.04672571	-0.01632780	-0.00725680
0.04672571	-0.01106313	-0.00465328
0.04672571	-0.00628357	-0.00209782
0.04672571	-0.00209924	0.00032231
0.04672571	0.00139640	0.00251889
0.04672571	0.00416117	0.00435968
0.04672571	0.00609647	0.00583145
0.04672571	0.00699070	0.00699120
0.04672571	0.00694815	0.00747523
0.04672571	0.00657081	0.00780499
0.04672571	0.00510533	0.00811633
0.04672571	0.00265581	0.00781368
0.04672571	-0.00052325	0.00667762
0.04672571	-0.00429577	0.00482958
0.04672571	-0.00855340	0.00236802
0.04672571	-0.01311291	-0.00073448
0.04672571	-0.01781781	-0.00441946
0.04672571	-0.02278172	-0.00829208
0.05363429	-0.02945286	-0.01175171
0.05363429	-0.02334054	-0.00933036
0.05363429	-0.01749371	-0.00673952
0.05363429	-0.01200324	-0.00414417
0.05363429	-0.00699822	-0.00162212
0.05363429	-0.00260875	0.00076842
0.05363429	0.00105156	0.00296484
0.05363429	0.00395136	0.00480543
0.05363429	0.00606019	0.00617651
0.05363429	0.00718554	0.00720332
0.05363429	0.00721770	0.00769540
0.05363429	0.00682486	0.00802861
0.05363429	0.00530334	0.00830625
0.05363429	0.00277934	0.00796916
0.05363429	-0.00049030	0.00677147
0.05363429	-0.00436566	0.00483300
0.05363429	-0.00878473	0.00234010
0.05363429	-0.01362549	-0.00064922
0.05363429	-0.01876829	-0.00404888
0.05363429	-0.02411435	-0.00773454
0.06054286	-0.03041876	-0.01065407
0.06054286	-0.02416008	-0.00841899
0.06054286	-0.01817131	-0.00598640
0.06054286	-0.01254666	-0.00352832
0.06054286	-0.00741198	-0.00113538
0.06054286	-0.00290567	0.00114833
0.06054286	0.00085132	0.00326979
0.06054286	0.00382676	0.00505822
0.06054286	0.00600750	0.00636549
0.06054286	0.00720697	0.00733386
0.06054286	0.00726760	0.00782614
0.06054286	0.00687827	0.00817122
0.06054286	0.00534694	0.00848688
0.06054286	0.00278704	0.00822213
0.06054286	-0.00055120	0.00710950
0.06054286	-0.00451551	0.00524968
0.06054286	-0.00904638	0.00284909
0.06054286	-0.01403425	-0.00001096
0.06054286	-0.01936353	-0.00323798
0.06054286	-0.02488920	-0.00677737
0.06745143	-0.03119317	-0.00947998
0.06745143	-0.02485526	-0.00743014
0.06745143	-0.01878199	-0.00517380
0.06745143	-0.01307288	-0.00288068
0.06745143	-0.00785668	-0.00063785
0.06745143	-0.00327339	0.00151467
0.06745143	0.00055420	0.00352736
0.06745143	0.00358871	0.00523001
0.06745143	0.00581258	0.00647450
0.06745143	0.00704303	0.00740902
0.06745143	0.00711757	0.00790044
0.06745143	0.00673716	0.00825704
0.06745143	0.00521237	0.00861810
0.06745143	0.00264012	0.00842975
0.06745143	-0.00073745	0.00741622
0.06745143	-0.00476441	0.00567235
0.06745143	-0.00937507	0.00340365
0.06745143	-0.01445734	0.00068849
0.06745143	-0.01989276	-0.00238379
0.06745143	-0.02553453	-0.00576266
0.07436000	-0.03103946	-0.00805545
0.07436000	-0.02480353	-0.00621748
0.07436000	-0.01882041	-0.00417152
0.07436000	-0.01319163	-0.00208033
0.07436000	-0.00804515	-0.00002538
0.07436000	-0.00351858	0.00195788
0.07436000	0.00026706	0.00382413
0.07436000	0.00327129	0.00540760
0.07436000	0.00547282	0.00656494
0.07436000	0.00669682	0.00744571
0.07436000	0.00678142	0.00792335
0.07436000	0.00641914	0.00828072
0.07436000	0.00494083	0.00867186
0.07436000	0.00242662	0.00855432
0.07436000	-0.00089441	0.00765244
0.07436000	-0.00486734	0.00605378
0.07436000	-0.00942297	0.00395778
0.07436000	-0.01445006	0.00143825
0.07436000	-0.01983082	-0.00142054
0.07436000	-0.02542089	-0.00457277
0.08126857	-0.03050363	-0.00658551
0.08126857	-0.02445514	-0.00496072
0.08126857	-0.01864520	-0.00312993
0.08126857	-0.01317543	-0.00124735
0.08126857	-0.00817102	0.00061164
0.08126857	-0.00376534	0.00241614
0.08126857	-0.00007601	0.00412530
0.08126857	0.00285427	0.00558017
0.08126857	0.00500149	0.00664344
0.08126857	0.00620070	0.00746333
0.08126857	0.00629288	0.00792141
0.08126857	0.00595208	0.00827379
0.08126857	0.00453745	0.00868474
0.08126857	0.00211344	0.00863041
0.08126857	-0.00110595	0.00783972
0.08126857	-0.00496926	0.00639271
0.08126857	-0.00940525	0.00448017
0.08126857	-0.01430512	0.00217072
0.08126857	-0.01955351	-0.00045713
0.08126857	-0.02501042	-0.00336252
0.08817714	-0.02969116	-0.00512472
0.08817714	-0.02389209	-0.00370506
0.08817714	-0.01831588	-0.00208422
0.08817714	-0.01306275	-0.00040688
0.08817714	-0.00825361	0.00125790
0.08817714	-0.00401628	0.00288360
0.08817714	-0.00046369	0.00443375
0.08817714	0.00236017	0.00575747
0.08817714	0.00442934	0.00672484
0.08817714	0.00558957	0.00748083
0.08817714	0.00568679	0.00791552
0.08817714	0.00536938	0.00825851
0.08817714	0.00403001	0.00868046
0.08817714	0.00171870	0.00868099
0.08817714	-0.00136648	0.00799688
0.08817714	-0.00507921	0.00670042
0.08817714	-0.00934757	0.00497226
0.08817714	-0.01406642	0.00287560
0.08817714	-0.01912416	0.00048284
0.08817714	-0.02438655	-0.00216992
0.09508571	-0.02858907	-0.00368208
0.09508571	-0.02309731	-0.00245666
0.09508571	-0.01781152	-0.00103775
0.09508571	-0.01282898	0.00044046
0.09508571	-0.00826501	0.00191538
0.09508571	-0.00424059	0.00336458
0.09508571	-0.00086285	0.00475594
0.09508571	0.00182391	0.00594795
0.09508571	0.00379255	0.00681898
0.09508571	0.00490046	0.00750881
0.09508571	0.00500032	0.00791656
0.09508571	0.00470788	0.00824592
0.09508571	0.00345409	0.00866975
0.09508571	0.00127624	0.00871569
0.09508571	-0.00164425	0.00813165
0.09508571	-0.00516792	0.00698241
0.09508571	-0.00922347	0.00543703
0.09508571	-0.01371063	0.00355306
0.09508571	-0.01852283	0.00139659
0.09508571	-0.02353292	-0.00100088
0.10199429	-0.02741904	-0.00232431
0.10199429	-0.02224889	-0.00127373
0.10199429	-0.01726824	-0.00003842
0.10199429	-0.01257074	0.00125766
0.10199429	-0.00826563	0.00255801
0.10199429	-0.00446675	0.00384387
0.10199429	-0.00127513	0.00508713
0.10199429	0.00126516	0.00615592
0.10199429	0.00312643	0.00693682
0.10199429	0.00417747	0.00756354
0.10199429	0.00427837	0.00794401
0.10199429	0.00401021	0.00825811
0.10199429	0.00284256	0.00867832
0.10199429	0.00080172	0.00876101
0.10199429	-0.00194675	0.00826642
0.10199429	-0.00527084	0.00725260
0.10199429	-0.00910065	0.00587684
0.10199429	-0.01334112	0.00419132
0.10199429	-0.01789118	0.00225607
0.10199429	-0.02263106	0.00009842
0.10890286	-0.02630136	-0.00108262
0.10890286	-0.02143960	-0.00018348
0.10890286	-0.01675222	0.00089144
0.10890286	-0.01232906	0.00202770
0.10890286	-0.00827344	0.00317424
0.10890286	-0.00469234	0.00431548
0.10890286	-0.00168092	0.00542687
0.10890286	0.00071728	0.00638571
0.10890286	0.00247441	0.00708619
0.10890286	0.00346976	0.00765575
0.10890286	0.00357080	0.00801054
0.10890286	0.00332489	0.00830944
0.10890286	0.00223785	0.00872289
0.10890286	0.00032687	0.00883452
0.10890286	-0.00225682	0.00841689
0.10890286	-0.00538856	0.00752234
0.10890286	-0.00900021	0.00629702
0.10890286	-0.01300181	0.00478825
0.10890286	-0.01729766	0.00305058
0.10890286	-0.02177507	0.00110765
0.11581143	-0.02541685	0.00000123
0.11581143	-0.02081195	0.00077507
0.11581143	-0.01636887	0.00171714
0.11581143	-0.01217425	0.00272090
0.11581143	-0.00832647	0.00373984
0.11581143	-0.00492680	0.00476102
0.11581143	-0.00206553	0.00576290
0.11581143	0.00021420	0.00663061
0.11581143	0.00188450	0.00726438
0.11581143	0.00283347	0.00778642
0.11581143	0.00293469	0.00811982
0.11581143	0.00270740	0.00840614
0.11581143	0.00168747	0.00881405
0.11581143	-0.00011546	0.00894952
0.11581143	-0.00256197	0.00859537
0.11581143	-0.00553355	0.00779963
0.11581143	-0.00896355	0.00669905
0.11581143	-0.01276624	0.00533687
0.11581143	-0.01685039	0.00376313
0.11581143	-0.02110922	0.00199837
0.12272000	-0.02495540	0.00091177
0.12272000	-0.02051458	0.00159024
0.12272000	-0.01622692	0.00243246
0.12272000	-0.01217728	0.00333720
0.12272000	-0.00846097	0.00426117
0.12272000	-0.00517560	0.00519351
0.12272000	-0.00240836	0.00611502
0.12272000	-0.00020266	0.00691637
0.12272000	0.00141341	0.00750153
0.12272000	0.00233416	0.00798944
0.12272000	0.00243692	0.00830854
0.12272000	0.00222273	0.00858751
0.12272000	0.00124754	0.00899497
0.12272000	-0.00048503	0.00915113
0.12272000	-0.00284375	0.00884525
0.12272000	-0.00571412	0.00812283
0.12272000	-0.00903000	0.00711404
0.12272000	-0.01270829	0.00585914
0.12272000	-0.01666049	0.00440493
0.12272000	-0.02078356	0.00276957
0.12804206	-0.02501044	0.00144690
0.12804206	-0.02060806	0.00207053
0.12804206	-0.01635536	0.00285739
0.12804206	-0.01233749	0.00370841
0.12804206	-0.00864924	0.00458186
0.12804206	-0.00538734	0.00546814
0.12804206	-0.00263834	0.00634937
0.12804206	-0.00044657	0.00711833
0.12804206	0.00115929	0.00767972
0.12804206	0.00207606	0.00815225
0.12804206	0.00218159	0.00846686
0.12804206	0.00197292	0.00874552
0.12804206	0.00101231	0.00915984
0.12804206	-0.00070088	0.00933322
0.12804206	-0.00303883	0.00905571
0.12804206	-0.00588781	0.00837198
0.12804206	-0.00918092	0.00740982
0.12804206	-0.01283548	0.00620811
0.12804206	-0.01676336	0.00481220
0.12804206	-0.02086241	0.00323897
0.13315960	-0.02537080	0.00190589
0.13315960	-0.02093595	0.00249290
0.13315960	-0.01665019	0.00324537
0.13315960	-0.01260001	0.00406417
0.13315960	-0.00888115	0.00490818
0.13315960	-0.00559101	0.00576874
0.13315960	-0.00281686	0.00662888
0.13315960	-0.00060446	0.00738162
0.13315960	0.00101652	0.00793104
0.13315960	0.00194352	0.00839740
0.13315960	0.00205308	0.00871279
0.13315960	0.00184601	0.00899529
0.13315960	0.00088351	0.00942135
0.13315960	-0.00083855	0.00961161
0.13315960	-0.00319336	0.00935384
0.13315960	-0.00606621	0.00869271
0.13315960	-0.00938855	0.00775578
0.13315960	-0.01307685	0.00658133
0.13315960	-0.01704200	0.00521413
0.13315960	-0.02118101	0.00367005
0.13787596	-0.02578127	0.00191916
0.13787596	-0.02130372	0.00249296
0.13787596	-0.01697504	0.00323131
0.13787596	-0.01288345	0.00403643
0.13787596	-0.00912591	0.00486797
0.13787596	-0.00580072	0.00571768
0.13787596	-0.00299589	0.00656873
0.13787596	-0.00075810	0.00731330
0.13787596	0.00088141	0.00785688
0.13787596	0.00182048	0.00832060
0.13787596	0.00193402	0.00863767
0.13787596	0.00172558	0.00892297
0.13787596	0.00075479	0.00935386
0.13787596	-0.00098232	0.00955086
0.13787596	-0.00335963	0.00930213
0.13787596	-0.00626187	0.00865045
0.13787596	-0.00961937	0.00772368
0.13787596	-0.01334765	0.00655999
0.13787596	-0.01735651	0.00520380
0.13787596	-0.02154210	0.00367105
0.14200987	-0.02543041	0.00148404
0.14200987	-0.02106640	0.00202971
0.14200987	-0.01684701	0.00273638
0.14200987	-0.01285852	0.00350924
0.14200987	-0.00919549	0.00430923
0.14200987	-0.00595366	0.00512822
0.14200987	-0.00321850	0.00594901
0.14200987	-0.00103474	0.00666351
0.14200987	0.00056496	0.00718579
0.14200987	0.00148115	0.00763486
0.14200987	0.00159206	0.00794353
0.14200987	0.00138855	0.00822096
0.14200987	0.00044291	0.00864016
0.14200987	-0.00124830	0.00883642
0.14200987	-0.00356447	0.00860511
0.14200987	-0.00639287	0.00798041
0.14200987	-0.00966535	0.00708863
0.14200987	-0.01329964	0.00596728
0.14200987	-0.01720767	0.00465904
0.14200987	-0.02128828	0.00317924
0.14540249	-0.02365596	0.00106550
0.14540249	-0.01970596	0.00155299
0.14540249	-0.01588552	0.00218300
0.14540249	-0.01227382	0.00287351
0.14540249	-0.00895696	0.00359073
0.14540249	-0.00602152	0.00432690
0.14540249	-0.00354446	0.00506491
0.14540249	-0.00156485	0.00570205
0.14540249	-0.00011505	0.00616880
0.14540249	0.00071413	0.00657498
0.14540249	0.00081231	0.00685498
0.14540249	0.00062684	0.00710510
0.14540249	-0.00022897	0.00748406
0.14540249	-0.00175847	0.00766763
0.14540249	-0.00385516	0.00747098
0.14540249	-0.00641572	0.00691352
0.14540249	-0.00937805	0.00611280
0.14540249	-0.01266772	0.00510370
0.14540249	-0.01620486	0.00392450
0.14540249	-0.01989839	0.00259075
0.14792343	-0.02075607	0.00087174
0.14792343	-0.01745254	0.00126469
0.14792343	-0.01425968	0.00178696
0.14792343	-0.01124202	0.00236335
0.14792343	-0.00847090	0.00296306
0.14792343	-0.00601862	0.00357923
0.14792343	-0.00394910	0.00419602
0.14792343	-0.00229358	0.00472349
0.14792343	-0.00108145	0.00511086
0.14792343	-0.00038959	0.00545170
0.14792343	-0.00031035	0.00568645
0.14792343	-0.00046657	0.00589432
0.14792343	-0.00118117	0.00621044
0.14792343	-0.00245737	0.00636892
0.14792343	-0.00420850	0.00621554
0.14792343	-0.00634716	0.00575634
0.14792343	-0.00882102	0.00509211
0.14792343	-0.01156806	0.00425321
0.14792343	-0.01452149	0.00327151
0.14792343	-0.01760479	0.00215793
0.15000000	-0.01723281	0.00083415
0.15000000	-0.01471102	0.00108955
0.15000000	-0.01228275	0.00148070
0.15000000	-0.00999045	0.00192404
0.15000000	-0.00788578	0.00238569
0.15000000	-0.00602367	0.00286002
0.15000000	-0.00445232	0.00333355
0.15000000	-0.00319439	0.00373504
0.15000000	-0.00227366	0.00403078
0.15000000	-0.00174938	0.00429259
0.15000000	-0.00169142	0.00447171
0.15000000	-0.00181101	0.00462873
0.15000000	-0.00235318	0.00486888
0.15000000	-0.00332086	0.00499466
0.15000000	-0.00465045	0.00488963
0.15000000	-0.00627514	0.00455098
0.15000000	-0.00815467	0.00405658
0.15000000	-0.01024203	0.00343035
0.15000000	-0.01248634	0.00269601
0.15000000	-0.01482700	0.00185192
